44
48
94
175
297
419
493
395
288
237
157
88
50
42
77
110
114
108
96
88
85
85
81
80
83
82
83
83
85
84
84
84
86
88
87
89
92
96
95
95
97
100
101
101
104
107
110
108
111
115
120
121
122
129
132
136
139
148
154
159
164
169
178
183
189
196
204
210
215
220
223
228
228
227
225
222
214
206
197
185
174
161
152
141
134
124
116
111
105
100
97
96
92
92
92
93
92
89
89
90
90
87
86
86
87
86
84
87
88
87
85
88
90
91
90
91
93
94
93
92
95
96
94
96
95
99
98
99
99
100
99
99
100
99
99
98
100
102
101
101
102
102
100
99
100
101
99
100
100
100
101
98
99
100
101
98
98
100
101
100
98
101
103
101
97
100
102
101
99
98
101
102
100
99
101
102
100
100
102
102
100
99
99
100
100
98
99
101
100
99
100
100
101
99
99
101
100
101
101
104
104
103
103
105
107
107
114
119
122
124
118
121
132
143
146
149
144
138
132
125
123
121
116
109
109
108
102
99
97
97
97
97
96
99
97
96
93
92
89
85
86
105
168
262
389
506
497
371
294
238
157
104
74
89
133
151
149
139
129
120
118
117
119
119
117
119
120
120
117
118
120
122
122
120
124
126
125
126
129
132
131
130
133
137
138
138
139
144
147
146
151
153
158
160
164
169
176
179
184
191
197
203
208
217
223
228
233
240
247
249
252
255
257
252
248
244
237
227
214
205
194
184
171
162
154
146
138
132
129
126
122
118
119
118
117
115
113
116
115
113
112
114
113
112
112
112
114
112
112
111
115
114
113
114
116
116
114
115
117
117
117
119
119
118
119
121
123
122
121
122
123
124
121
121
123
122
120
120
121
122
121
119
120
120
119
116
117
120
119
117
116
118
117
115
115
117
117
117
115
115
117
115
114
114
115
115
114
114
114
115
114
115
115
115
112
113
114
113
112
113
115
114
114
113
114
114
112
114
115
115
114
114
116
117
117
113
114
116
117
114
117
120
121
122
128
133
136
135
130
136
147
156
159
159
158
152
147
141
137
136
129
124
121
121
117
114
112
113
112
112
113
113
113
111
110
107
102
100
100
128
191
295
422
531
490
365
300
237
159
110
88
110
151
164
160
151
142
135
132
134
134
133
131
133
134
134
134
133
136
138
136
137
140
142
141
144
144
148
148
150
151
153
156
156
160
161
163
166
171
174
177
180
184
190
194
198
204
213
218
223
230
237
244
247
254
260
266
269
271
275
276
274
267
264
256
246
234
224
215
202
190
178
171
163
155
149
145
144
141
140
136
137
134
133
132
134
134
132
133
132
132
130
132
133
133
131
132
133
134
133
134
135
136
135
137
138
139
136
136
138
142
140
138
140
143
142
138
141
143
141
140
140
143
144
141
139
143
142
141
139
140
140
138
139
137
139
138
138
138
139
139
138
137
136
137
134
134
136
135
134
134
135
135
134
134
134
136
135
134
135
135
131
132
131
132
131
130
132
132
131
126
129
131
130
129
126
128
129
126
125
129
131
129
128
127
129
127
126
129
129
128
125
125
127
126
128
127
132
137
139
144
141
139
144
154
163
165
163
157
155
150
140
136
135
131
125
124
121
118
115
110
113
114
112
106
110
112
109
102
96
91
89
98
144
226
355
475
527
422
322
272
194
133
93
82
117
148
155
149
136
129
124
123
120
119
119
117
114
117
124
122
118
117
122
125
121
122
120
121
122
125
127
130
130
127
131
133
137
136
140
147
148
146
144
153
160
161
160
166
175
182
182
188
198
202
208
213
221
228
231
232
235
240
241
240
234
230
221
213
209
198
181
166
160
150
142
132
123
117
111
106
102
99
98
102
101
100
97
93
91
93
93
89
88
86
87
91
90
90
91
90
87
90
92
95
89
89
95
101
101
97
96
96
96
96
98
98
95
94
96
99
99
98
100
101
99
97
97
97
99
96
93
94
93
94
93
92
90
88
91
95
95
88
90
93
93
90
87
89
89
90
89
95
94
89
82
84
86
88
86
83
85
86
86
86
86
89
90
84
85
90
92
88
87
88
86
85
89
91
89
89
94
99
99
99
103
106
119
128
129
131
126
118
109
106
107
104
99
92
91
89
84
80
77
77
76
80
83
83
80
79
75
67
64
63
63
81
141
229
358
483
492
357
257
206
142
87
52
39
67
101
112
111
107
101
100
101
100
98
97
98
97
99
100
104
109
105
105
101
100
103
106
109
109
108
107
111
112
116
116
118
124
127
126
126
132
136
141
142
144
150
156
160
163
169
176
183
188
195
202
205
209
213
221
223
228
231
231
226
225
222
212
202
187
177
167
158
149
141
131
122
115
113
110
105
102
101
101
101
97
98
99
100
96
96
97
98
97
95
95
88
83
78
83
84
85
83
83
87
88
89
87
90
90
92
91
90
95
95
96
95
98
98
96
97
96
98
95
94
95
97
94
95
95
95
94
93
95
95
94
94
95
94
90
92
92
93
90
89
90
94
92
89
90
90
91
87
90
92
92
90
87
90
92
90
88
91
92
91
90
90
92
91
91
90
94
94
94
97
99
108
112
111
113
117
121
133
140
140
138
134
131
124
119
112
108
105
102
100
98
98
94
92
93
95
96
94
97
97
94
91
90
91
99
140
215
333
461
556
470
353
296
220
142
99
86
120
156
165
160
151
140
136
135
136
135
134
136
136
136
136
137
138
139
141
142
143
144
144
146
150
149
151
153
156
157
158
160
163
165
165
170
173
176
177
180
186
192
194
197
205
213
219
223
231
240
247
252
258
266
272
276
279
283
285
283
279
273
268
257
246
237
226
215
205
197
185
176
166
160
157
153
149
148
149
147
147
149
148
148
147
148
149
149
146
146
147
148
146
144
147
148
149
145
148
149
149
148
149
151
152
150
150
154
154
154
153
155
158
156
156
156
158
158
156
156
157
158
156
156
156
157
155
156
155
154
152
153
153
152
152
153
153
154
152
151
152
154
152
152
152
154
153
150
152
154
155
152
153
154
154
153
151
153
154
154
152
154
156
154
153
153
154
153
152
151
153
154
154
157
161
167
174
177
178
185
184
186
194
196
198
190
183
178
169
161
158
154
150
148
147
147
145
146
146
147
146
142
139
138
136
134
145
196
278
394
513
575
466
361
305
224
163
128
125
167
197
200
191
179
173
170
167
166
166
168
168
168
169
170
169
168
169
171
171
170
172
173
176
175
177
179
179
180
182
185
186
187
190
191
196
195
201
203
208
210
214
222
227
231
235
244
253
258
263
270
277
282
287
293
300
304
305
303
302
299
292
284
275
264
254
240
228
218
208
197
191
185
181
173
171
168
166
163
163
165
163
163
163
162
160
160
161
163
165
163
163
162
164
161
159
162
163
164
162
164
165
166
163
164
165
166
166
164
168
168
165
166
166
165
165
164
165
168
167
164
163
166
165
163
161
160
161
158
157
158
160
158
158
160
158
157
155
156
154
153
152
154
156
153
151
151
151
149
149
152
151
151
148
149
152
153
148
150
150
150
147
145
147
149
148
147
147
146
145
144
144
148
149
150
154
164
169
170
173
172
174
173
178
182
183
181
174
165
158
156
147
143
141
139
138
139
140
137
139
139
138
133
130
129
131
135
179
258
374
499
545
429
316
259
193
136
105
96
127
168
180
178
170
160
157
158
157
155
157
160
163
162
162
160
162
160
165
165
165
166
165
168
170
170
170
175
178
180
180
182
186
188
187
187
190
194
195
197
202
207
208
213
220
227
231
236
244
252
253
254
260
267
272
276
279
283
287
299
303
299
292
281
271
262
253
241
231
221
215
205
199
196
195
190
183
180
179
179
178
178
178
178
178
176
176
175
176
178
177
178
177
179
181
180
177
176
177
179
177
176
179
181
182
178
179
181
181
180
180
183
184
181
180
181
182
181
180
178
178
176
175
174
175
175
174
175
173
172
169
168
168
171
171
172
171
168
168
167
168
167
165
165
166
166
164
165
165
166
162
161
162
164
165
162
164
163
165
160
162
160
161
159
159
159
160
158
156
159
159
159
159
161
166
165
170
179
186
190
192
190
188
192
195
197
197
196
186
178
175
169
163
157
154
153
152
154
154
155
153
153
147
144
140
140
139
159
221
311
442
563
558
415
317
267
207
159
125
123
162
192
193
190
185
178
174
172
174
175
173
171
174
176
176
177
177
181
177
178
176
180
178
179
181
183
185
185
189
189
191
192
194
195
197
197
200
205
208
209
214
219
223
224
230
238
244
249
256
263
268
271
272
278
282
286
289
293
293
292
287
283
278
269
256
242
234
227
220
211
200
195
188
180
177
174
172
170
170
169
168
167
168
169
169
164
162
161
162
161
163
166
165
165
166
167
166
165
167
167
168
168
167
170
173
172
166
169
170
171
169
172
173
171
170
170
175
178
179
177
178
180
175
172
171
171
172
170
170
171
170
169
169
168
172
170
170
169
167
164
162
165
166
165
164
163
162
161
162
163
163
160
160
160
160
159
158
163
164
162
158
160
162
166
162
159
160
161
156
153
155
159
160
160
162
175
181
184
190
197
195
193
195
198
198
192
188
179
175
168
163
158
156
154
151
152
153
153
152
153
153
147
142
140
143
147
184
258
364
495
588
515
372
297
242
184
144
124
131
169
191
196
190
181
178
178
181
181
182
183
181
182
178
178
179
180
183
184
185
183
183
184
188
189
189
192
193
195
194
195
196
197
200
202
204
209
209
211
215
218
222
229
232
235
239
242
247
257
262
268
274
278
278
279
284
288
289
285
285
283
276
266
258
249
237
226
214
205
197
188
183
178
176
174
171
167
168
167
165
164
163
160
157
156
158
159
158
158
156
155
157
159
158
151
149
152
153
156
158
160
161
163
157
156
158
159
160
157
162
163
159
156
161
163
161
160
158
163
162
159
154
155
154
153
150
151
154
153
151
151
154
151
147
148
148
148
147
147
145
146
144
143
144
144
147
145
144
139
138
138
140
143
142
139
137
136
136
134
135
138
140
137
136
131
134
130
133
134
132
131
130
139
146
151
152
154
160
165
164
169
175
174
163
152
149
141
133
127
122
124
120
119
119
120
118
117
116
117
113
107
105
101
107
117
163
243
352
486
566
469
326
255
198
138
101
80
94
133
148
145
141
138
135
132
130
132
132
131
129
130
128
127
129
128
131
130
131
131
133
136
134
135
132
133
136
136
139
140
138
136
138
138
142
144
148
150
153
160
164
167
169
174
178
180
186
194
206
210
210
208
216
222
228
229
226
226
224
219
211
206
196
187
173
163
152
145
135
125
121
116
111
108
111
110
106
101
95
98
98
98
100
100
100
98
94
89
94
93
95
95
92
90
90
91
95
94
94
93
95
95
98
99
98
98
99
104
105
101
97
100
100
100
96
98
101
101
98
99
104
103
98
93
95
94
98
93
91
95
97
96
92
94
93
94
95
93
90
89
86
87
91
90
90
89
88
85
88
90
89
87
85
86
88
86
85
88
87
88
87
85
82
81
82
84
84
86
81
86
86
87
92
100
110
111
112
109
113
121
127
126
124
119
110
103
99
91
89
85
82
76
75
71
71
73
76
72
76
74
68
63
60
64
74
113
183
292
425
535
480
318
233
181
109
65
40
46
81
100
108
105
94
89
88
90
86
84
87
89
90
83
86
85
89
90
90
95
91
88
90
93
95
94
94
92
99
98
95
95
103
107
109
110
112
116
116
116
117
123
130
136
139
145
149
156
164
167
171
176
183
190
192
194
197
198
197
195
192
188
179
165
159
152
141
127
121
109
102
96
86
82
83
77
73
73
76
73
71
69
65
69
72
68
71
68
66
67
65
69
67
67
65
67
66
67
68
66
65
68
72
73
72
72
73
72
73
75
75
75
74
73
76
81
80
73
74
72
76
75
70
69
73
73
73
78
76
73
71
70
74
74
70
68
68
67
65
68
68
69
69
68
65
67
63
63
66
67
68
67
68
66
64
66
68
66
59
56
57
60
62
65
66
64
63
61
59
61
62
59
60
63
69
70
77
85
84
80
86
95
102
106
105
105
101
91
84
80
75
71
69
65
65
62
56
53
53
51
54
60
60
55
48
45
46
58
90
155
251
382
514
526
369
250
193
118
62
29
29
59
85
98
99
87
80
79
82
81
80
83
80
80
76
78
79
78
80
81
81
79
79
78
81
83
85
87
90
90
88
89
92
96
96
96
97
97
100
100
106
109
111
112
117
126
130
136
141
147
150
158
166
170
175
175
183
185
187
188
188
185
180
170
154
149
139
125
111
106
98
89
83
76
74
70
65
64
62
58
58
59
59
61
58
55
60
67
61
55
53
60
62
60
57
51
55
56
58
57
59
60
60
63
59
59
57
62
70
67
67
66
67
65
64
65
68
72
70
68
67
67
64
68
70
71
69
65
70
72
70
66
64
63
64
62
62
67
71
72
64
62
60
60
62
64
66
64
65
65
64
64
62
60
59
60
62
66
65
61
59
61
63
57
58
60
62
63
62
58
58
61
62
64
61
62
59
60
59
61
61
58
61
64
66
65
72
81
85
84
79
84
92
102
106
110
106
97
91
85
80
73
66
65
69
65
58
57
56
56
57
56
54
57
55
51
51
49
52
68
120
203
321
455
557
456
296
224
151
76
35
22
49
81
91
89
89
83
78
76
78
77
78
75
79
84
87
82
78
78
82
84
79
77
82
84
86
83
88
91
91
92
91
94
94
99
101
102
103
105
108
110
114
118
121
125
128
133
138
148
152
159
165
169
173
181
186
189
191
193
198
198
197
191
187
180
168
161
148
138
128
119
110
104
99
95
89
85
88
87
84
79
80
84
83
83
80
82
79
82
83
79
79
78
78
80
79
78
80
83
83
85
85
85
84
84
85
89
88
87
88
89
88
88
91
92
92
91
90
91
91
90
90
93
93
92
90
90
93
93
93
91
91
92
90
89
90
93
92
92
90
94
91
88
89
91
92
92
93
93
89
87
90
90
90
94
94
93
92
90
89
91
92
88
92
93
94
88
88
90
95
93
91
94
94
94
92
94
95
98
98
96
97
95
93
94
96
96
96
99
98
98
99
96
94
96
98
99
104
108
115
119
119
119
125
131
144
148
146
141
136
134
130
124
118
105
95
89
90
89
86
82
82
85
87
83
83
86
87
83
74
74
75
86
122
194
309
444
569
534
379
286
218
134
83
61
75
110
128
132
127
118
115
110
109
109
110
112
117
115
114
115
112
112
113
116
117
118
118
120
121
122
122
124
127
126
129
130
133
134
133
139
140
143
142
147
152
155
156
159
166
171
175
179
186
193
199
204
208
215
220
224
230
238
241
240
239
235
231
223
215
208
201
190
180
169
159
150
144
140
135
134
131
131
132
128
126
126
124
125
124
126
127
127
122
123
125
126
122
124
126
128
128
124
126
128
128
125
128
130
130
128
128
131
131
130
132
135
137
136
136
136
138
135
137
136
138
136
135
138
136
136
137
137
137
139
139
137
137
135
134
136
139
138
136
136
136
137
133
135
136
138
136
136
136
137
138
134
135
138
138
137
138
139
140
137
134
135
137
138
136
139
140
139
137
136
138
138
138
139
140
140
139
143
143
145
143
145
145
144
143
143
143
142
142
143
145
146
146
146
146
147
145
147
148
150
150
149
153
154
153
149
153
154
156
155
156
159
168
173
175
178
177
180
187
195
202
198
191
185
184
178
173
172
172
166
164
163
162
159
153
156
156
157
155
157
160
159
155
153
150
150
158
192
262
373
502
630
608
465
375
303
216
166
139
153
191
208
205
196
188
185
187
185
181
185
187
187
187
185
188
188
186
187
190
189
188
189
191
193
193
196
196
201
201
202
204
204
204
206
209
212
216
217
217
222
222
226
232
236
239
244
252
258
263
267
274
280
284
288
294
300
305
308
310
310
309
305
297
291
285
276
266
255
247
237
226
219
216
213
209
207
205
205
202
202
200
202
200
199
200
201
200
200
201
201
203
200
201
203
202
203
203
204
203
202
204
206
208
207
209
210
212
211
211
214
216
215
215
218
218
217
212
214
217
217
216
215
217
219
219
216
217
218
217
217
216
220
219
220
218
220
217
217
219
219
222
219
219
220
219
217
219
220
219
221
221
222
222
221
220
221
222
219
219
220
222
221
222
224
225
226
223
225
225
226
224
227
228
229
226
225
226
227
226
225
227
227
226
226
225
230
231
231
228
231
231
229
229
231
231
230
232
231
233
232
234
234
238
237
237
242
249
251
254
253
255
257
266
276
280
276
270
267
267
259
251
253
251
248
18
20
19
18
16
18
17
16
17
17
17
17
18
18
17
16
17
18
18
17
16
17
16
15
15
18
18
16
18
20
21
18
18
19
20
20
17
20
23
24
20
23
30
34
36
35
34
37
44
52
59
61
57
51
47
42
37
34
31
26
25
21
18
14
14
11
11
12
14
13
12
13
8
4
0
-2
-1
20
84
184
313
426
407
278
204
144
63
13
-13
5
46
68
63
55
41
34
34
36
33
31
33
32
33
33
33
35
35
34
32
36
38
37
38
40
42
44
44
44
47
48
49
51
53
57
57
59
62
67
69
73
77
80
84
88
94
98
103
109
118
124
128
134
140
146
148
153
157
161
163
161
160
157
149
138
132
122
112
99
89
81
73
63
54
50
44
39
36
34
33
31
30
28
30
28
28
27
28
29
26
27
25
27
26
25
27
28
28
29
31
32
31
31
33
34
32
33
34
36
34
34
35
39
38
37
38
40
40
36
38
39
37
34
34
36
35
34
32
34
36
34
32
33
34
33
33
31
33
32
31
31
31
32
31
30
30
32
30
29
32
31
29
28
30
28
28
28
29
30
29
29
29
30
28
28
28
29
28
25
27
29
30
27
29
31
30
29
26
28
29
28
25
28
29
30
30
28
31
33
37
42
46
47
45
43
52
65
70
72
68
63
59
53
47
45
43
38
34
32
30
25
22
25
24
23
25
26
24
23
20
17
15
8
9
27
86
175
306
424
422
291
197
148
82
28
-6
-3
44
71
72
64
55
49
45
43
45
46
46
46
46
48
47
48
46
48
46
45
49
50
51
51
53
55
57
58
59
62
62
63
64
69
69
70
73
78
80
81
85
89
94
98
102
108
116
122
124
132
138
143
148
152
158
163
165
168
173
173
170
164
162
154
143
133
121
112
100
88
79
73
64
58
56
51
50
48
45
42
41
38
39
40
38
38
39
39
38
36
35
36
38
34
36
37
40
38
39
41
42
43
41
40
42
43
42
42
47
49
46
43
46
47
46
44
45
46
45
44
41
42
42
42
41
43
42
39
39
40
41
39
36
39
38
38
38
40
36
36
36
35
36
35
34
36
37
36
34
35
36
34
32
34
33
32
32
31
32
34
31
31
33
34
34
30
31
32
33
32
31
33
31
29
30
35
35
33
33
36
42
46
48
49
49
47
56
67
70
70
68
63
62
57
50
47
46
39
33
31
30
23
24
25
26
26
24
26
28
28
22
18
16
16
13
27
90
181
310
428
429
293
192
135
69
25
-3
-8
27
63
69
62
52
48
49
44
42
42
46
46
47
46
46
45
45
46
44
46
43
46
51
50
51
54
57
56
57
59
62
63
62
65
67
68
67
71
77
81
85
86
92
95
98
101
109
116
122
126
129
136
140
147
150
159
163
166
168
166
167
161
151
141
137
129
119
112
102
94
81
73
67
61
54
51
50
45
42
41
42
42
44
42
45
46
41
39
39
43
40
39
40
40
42
39
42
45
47
43
45
46
46
46
45
49
51
50
49
51
51
51
48
49
53
51
50
47
48
49
47
46
46
46
45
45
44
46
44
42
42
41
41
39
41
43
42
41
39
44
41
37
37
37
37
36
36
41
40
36
36
36
36
31
33
35
37
38
34
36
35
33
32
34
34
34
32
31
34
33
31
30
33
34
34
34
33
36
38
41
46
50
50
47
48
59
68
74
74
69
65
59
54
50
47
44
39
35
31
30
25
24
25
23
23
26
29
27
24
21
19
11
7
10
28
91
180
308
435
440
297
189
139
78
28
-3
-8
25
56
61
57
53
45
41
41
43
41
39
41
40
42
43
43
42
45
45
45
47
45
47
48
49
48
48
50
53
55
56
58
62
65
62
62
66
69
72
70
75
78
84
88
94
102
105
107
111
117
125
129
134
137
146
151
153
155
157
156
153
151
145
138
125
115
106
99
87
76
70
60
52
47
43
39
38
35
35
33
30
30
30
30
28
29
29
29
26
24
25
28
27
22
24
25
27
28
29
31
32
29
28
33
34
35
34
34
34
34
34
34
37
37
34
32
32
35
34
35
33
33
31
30
32
32
32
32
33
31
29
29
29
30
28
25
26
30
30
29
27
30
28
24
26
27
27
23
25
26
25
22
21
23
25
26
23
23
24
24
22
22
23
22
19
17
21
24
21
20
24
26
24
23
22
26
30
36
40
41
40
36
45
56
65
65
63
56
51
42
40
40
39
35
26
24
22
16
16
18
17
14
13
15
16
15
12
10
8
5
1
14
70
156
277
408
461
338
209
146
86
31
-3
-16
11
50
58
55
48
40
34
32
33
36
38
36
35
35
37
39
41
43
43
42
42
42
44
44
47
46
48
47
47
51
55
54
55
61
65
66
61
64
70
73
73
77
82
85
88
92
100
107
111
115
122
129
133
138
143
148
153
153
154
157
155
151
145
138
131
121
111
101
90
77
66
63
54
48
42
39
35
34
32
31
30
30
30
33
35
31
29
29
30
30
29
29
31
31
28
28
31
33
33
31
33
35
35
36
39
42
42
42
41
43
43
41
39
43
44
41
42
43
47
42
41
43
43
42
41
41
40
40
39
38
38
40
37
37
39
37
36
36
37
36
34
35
36
37
35
35
37
39
34
35
35
36
35
33
35
35
34
33
36
36
34
33
32
34
34
33
33
35
35
34
32
33
36
35
38
38
41
40
39
43
49
57
56
55
53
56
66
76
80
74
68
65
61
56
51
51
52
47
40
41
38
33
28
25
26
29
29
28
31
31
26
21
21
24
29
62
134
248
377
483
422
284
208
139
62
20
0
19
61
77
74
68
58
54
53
53
50
51
52
52
53
52
55
56
54
54
56
56
54
55
58
60
58
61
63
65
67
66
68
70
71
69
74
78
81
80
83
90
93
95
98
105
109
114
120
125
133
139
143
148
157
163
166
170
173
178
178
178
175
171
163
154
144
132
121
110
101
91
83
75
69
64
58
55
55
53
50
48
49
48
47
45
46
47
46
43
44
45
46
44
43
48
47
44
43
44
47
47
46
45
49
49
50
49
53
53
52
53
53
55
54
53
52
54
54
53
53
52
52
52
52
49
49
48
48
49
47
46
47
48
47
46
45
45
45
41
42
43
43
41
40
40
41
40
39
40
41
39
36
37
38
37
35
34
39
37
35
33
36
35
31
32
30
32
32
32
31
34
33
33
32
32
32
29
31
31
30
28
29
30
28
26
27
29
29
29
28
30
30
31
37
42
44
39
39
44
55
61
61
60
55
51
45
39
36
34
29
23
21
17
12
8
6
6
5
4
4
6
5
3
-1
-2
-7
-9
-4
33
108
220
343
457
397
263
195
117
30
-18
-36
-1
37
44
38
28
18
12
11
10
9
8
7
7
8
7
2
4
8
8
5
6
8
8
8
7
10
12
10
10
11
12
12
11
11
16
17
19
20
22
24
25
28
32
36
39
43
48
54
57
63
70
75
80
85
92
97
100
105
108
110
107
106
100
93
85
73
63
53
43
27
19
10
3
-5
-14
-17
-20
-24
-30
-30
-30
-31
-35
-35
-33
-35
-38
-39
-36
-36
-38
-39
-38
-38
-39
-40
-41
-39
-40
-41
-40
-41
-41
-41
-40
-40
-39
-40
-39
-38
-39
-38
-37
-36
-38
-39
-41
-40
-41
-45
-42
-41
-41
-45
-44
-43
-43
-45
-47
-46
-46
-47
-51
-48
-47
-48
-49
-50
-49
-48
-50
-52
-49
-49
-52
-52
-53
-51
-53
-53
-55
-51
-53
-54
-54
-54
-53
-55
-54
-55
-54
-56
-56
-55
-58
-58
-57
-55
-56
-57
-56
-54
-54
-57
-56
-56
-55
-57
-57
-57
-54
-55
-58
-55
-54
-55
-58
-55
-55
-54
-56
-58
-54
-54
-56
-57
-54
-52
-52
-52
-47
-40
-37
-36
-39
-37
-30
-23
-15
-14
-17
-24
-27
-32
-36
-41
-42
-44
-49
-53
-54
-56
-60
-62
-62
-59
-59
-62
-59
-58
-59
-64
-66
-69
-69
-58
-8
80
203
330
394
282
175
119
25
-44
-79
-73
-33
-9
-8
-16
-30
-38
-41
-39
-41
-42
-43
-42
-41
-41
-43
-42
-40
-42
-41
-39
-38
-39
-38
-35
-35
-35
-32
-30
-27
-27
-26
-25
-21
-22
-19
-16
-13
-13
-11
-7
-3
0
2
9
16
21
24
30
37
46
49
53
62
69
73
78
84
90
92
91
92
92
85
76
67
59
49
37
27
17
10
-2
-10
-15
-19
-23
-27
-30
-32
-33
-34
-36
-34
-34
-37
-36
-34
-36
-35
-35
-35
-34
-35
-35
-33
-33
-35
-33
-33
-30
-32
-32
-29
-28
-28
-30
-27
-24
-25
-25
-24
-22
-22
-24
-25
-22
-21
-23
-24
-21
-21
-22
-21
-23
-21
-23
-24
-24
-22
-23
-25
-23
-23
-23
-24
-23
-22
-23
-24
-23
-22
-23
-23
-23
-21
-21
-23
-22
-22
-20
-21
-20
-20
-18
-19
-20
-18
-17
-18
-20
-19
-18
-17
-20
-19
-16
-15
-16
-18
-13
-13
-15
-15
-14
-12
-12
-12
-13
-10
-10
-11
-11
-9
-7
-9
-7
-8
-5
-8
-7
-5
-4
-5
-6
-5
-4
-4
-5
-3
-1
-2
-1
1
4
2
5
11
17
20
19
18
19
28
34
44
48
45
36
32
30
26
22
18
17
15
11
6
4
2
0
0
0
5
4
3
4
3
0
-5
-7
-8
8
64
154
277
405
443
320
226
172
80
19
-13
0
41
62
61
54
40
34
33
33
31
29
30
31
31
28
30
31
33
31
31
34
37
36
34
37
41
42
41
41
45
45
45
46
51
53
52
56
58
63
65
68
72
78
81
85
91
97
103
107
114
121
128
133
140
147
151
156
163
167
169
169
168
167
162
152
144
136
128
113
103
95
86
77
67
61
58
53
47
46
46
44
41
40
43
42
41
40
42
43
40
41
40
42
41
41
41
44
44
44
46
46
47
46
47
51
51
49
51
52
52
52
52
53
54
54
54
55
56
52
54
54
55
52
53
53
54
54
51
52
53
53
49
52
53
54
51
50
52
53
50
49
51
52
51
50
49
52
51
50
49
52
52
49
48
47
48
46
47
47
48
47
46
48
48
47
46
50
50
47
48
48
49
47
48
50
52
50
48
49
52
52
47
51
52
53
50
52
54
56
52
51
53
54
54
52
54
57
56
56
56
61
66
68
72
75
76
72
77
87
99
101
98
92
92
85
78
74
74
68
63
62
59
55
51
50
52
53
53
53
56
55
51
48
48
46
40
48
95
175
290
411
490
396
280
225
145
78
39
30
72
107
110
100
87
82
79
76
77
77
79
77
77
76
79
76
76
78
80
80
80
83
83
85
85
88
90
93
92
93
97
97
97
101
105
106
106
109
114
117
117
122
130
135
138
142
149
157
162
165
173
181
188
190
195
202
207
209
212
216
216
209
204
198
193
181
170
159
151
139
127
119
111
105
98
93
90
90
85
83
84
83
80
79
80
80
80
79
81
82
79
79
80
83
80
80
82
83
84
81
84
86
88
84
85
89
89
87
87
89
92
89
88
91
92
90
88
88
91
90
89
87
90
89
86
85
86
87
84
84
84
86
83
83
85
84
84
82
84
84
84
81
83
84
82
82
83
84
83
81
81
83
85
80
82
83
84
81
81
82
84
82
80
84
86
84
81
83
85
83
82
81
84
84
82
82
84
85
82
83
83
85
82
83
82
85
83
84
85
86
85
83
85
84
86
84
86
91
94
98
102
106
103
99
106
117
128
129
125
120
119
111
105
102
102
96
87
86
86
83
77
78
80
82
80
81
84
83
77
72
73
70
65
75
126
212
334
456
505
395
288
234
158
96
59
54
97
128
130
120
109
104
101
97
97
98
98
95
95
98
99
97
97
100
101
98
98
102
105
104
102
106
109
111
110
112
115
117
116
116
122
125
126
127
131
136
137
140
144
150
154
158
164
170
176
177
184
190
199
200
207
211
216
217
219
222
220
216
212
206
198
186
176
166
156
143
133
124
119
110
102
99
96
95
89
90
89
89
85
83
85
85
81
78
81
83
82
80
80
83
82
80
81
84
84
82
83
84
87
85
85
85
88
87
87
89
88
89
89
90
89
88
88
88
90
86
83
84
85
83
81
81
82
82
78
81
85
92
94
95
97
98
94
92
95
96
95
92
94
96
95
92
91
92
92
90
87
89
91
87
87
88
93
90
89
88
89
88
87
86
88
87
85
87
88
90
87
88
89
86
86
86
88
88
87
87
90
92
92
97
102
105
102
102
103
113
122
126
129
127
122
116
112
108
105
99
92
91
90
87
81
81
81
79
79
77
81
80
78
74
74
68
65
68
91
155
246
378
488
463
324
232
178
114
65
41
43
84
115
118
117
109
99
98
99
99
98
97
98
101
100
96
100
102
101
97
101
102
106
103
103
106
108
108
106
111
115
115
113
115
118
121
121
124
130
133
136
140
146
150
153
158
162
170
174
181
186
192
196
201
207
211
215
217
222
225
221
219
214
209
198
190
183
175
163
150
139
130
124
112
108
105
102
96
93
92
92
91
91
90
89
88
86
85
87
86
84
84
87
88
87
87
89
91
90
90
89
92
91
89
90
91
91
93
94
93
92
92
94
94
93
93
93
96
92
91
92
92
91
85
87
89
92
87
87
89
88
86
85
86
87
85
83
83
82
83
82
80
81
82
79
81
82
82
81
80
81
83
79
81
81
82
81
80
81
77
77
75
76
76
78
75
75
79
79
75
74
79
80
76
77
77
79
75
77
79
83
85
90
92
94
91
94
105
113
115
110
107
106
102
93
89
88
86
78
75
75
72
65
64
64
67
67
67
65
67
63
58
56
53
54
56
95
169
280
411
497
412
279
209
147
87
47
24
39
84
103
99
92
85
82
80
79
81
86
84
81
80
80
81
82
81
83
85
82
80
82
86
86
87
90
92
91
91
90
93
94
95
97
101
106
106
109
114
116
119
124
127
134
134
139
147
151
155
160
168
175
175
179
186
191
193
197
197
198
194
184
180
172
162
149
140
132
122
109
100
94
91
84
75
73
70
68
63
63
66
63
62
61
65
64
62
59
61
61
58
57
57
63
64
62
60
62
63
63
65
65
65
65
67
70
70
70
70
72
72
72
72
76
76
70
71
71
73
71
72
72
74
73
70
71
73
73
68
71
70
70
68
67
69
72
69
69
68
67
64
63
65
69
65
64
64
67
64
62
63
62
63
64
62
63
64
61
62
62
60
59
58
60
60
61
63
63
64
60
62
66
72
73
74
74
77
80
85
95
100
99
92
88
86
84
77
73
72
64
55
50
50
49
46
47
48
53
48
45
43
47
44
40
38
35
39
63
130
230
365
477
443
298
204
151
89
45
17
12
51
80
86
82
76
70
69
65
66
66
69
68
66
66
67
67
65
65
68
69
71
70
73
75
76
72
75
79
78
78
78
80
83
83
85
90
94
96
98
100
106
105
109
114
119
123
128
133
137
144
149
154
161
168
171
175
179
180
179
180
180
172
161
156
146
137
124
115
105
96
82
76
69
67
62
58
58
55
55
49
49
51
48
47
47
47
47
45
44
44
45
43
44
45
47
45
45
48
49
48
47
45
49
49
47
49
51
52
51
51
54
51
51
50
51
52
50
51
52
51
46
46
46
48
46
46
48
48
47
43
42
42
42
41
40
43
43
39
39
41
42
40
39
41
41
39
36
35
39
38
38
37
36
35
37
38
41
43
38
35
37
36
37
36
37
40
38
39
40
39
47
67
72
78
76
78
83
91
95
102
106
106
104
97
95
92
86
75
68
66
66
61
55
53
52
52
53
54
58
55
53
48
48
43
38
41
51
98
176
292
426
499
393
260
195
137
76
37
18
35
74
88
88
86
75
70
69
69
64
65
67
72
70
68
68
71
71
68
69
71
71
69
67
72
75
78
76
79
79
80
79
78
83
85
85
85
93
93
95
98
101
108
109
113
118
127
133
138
145
146
150
157
161
164
170
172
178
182
180
177
172
167
159
150
140
131
122
106
96
86
80
69
64
64
66
60
54
53
54
53
45
43
43
46
45
45
48
47
44
40
44
44
42
43
43
45
41
40
43
46
46
48
48
46
48
50
50
50
53
51
48
50
50
51
51
53
54
54
50
49
49
46
48
46
51
49
49
49
48
47
43
46
46
44
41
42
42
42
41
38
42
43
41
40
43
44
42
39
36
35
36
36
34
38
34
33
35
37
39
34
35
35
34
31
36
39
36
34
33
34
35
35
38
40
43
39
42
45
50
51
56
60
70
76
73
72
71
65
55
52
48
43
34
29
30
32
27
21
20
24
25
24
19
22
22
16
13
16
17
18
40
102
197
327
453
461
316
206
149
82
29
-1
-8
25
58
62
59
53
46
41
42
42
42
42
40
42
43
40
37
41
42
41
40
39
44
46
46
40
43
46
47
46
45
49
49
50
50
56
58
58
58
61
67
68
73
77
82
83
87
93
104
107
109
114
119
123
126
134
139
141
144
146
145
142
140
133
127
118
107
96
85
74
64
59
52
45
38
31
29
27
26
19
20
20
20
15
14
15
17
13
11
12
14
12
13
12
13
9
8
7
13
9
8
9
13
12
13
14
17
17
12
13
16
15
16
19
20
16
16
14
16
18
16
15
16
16
11
13
13
14
14
12
13
14
11
8
10
9
9
7
5
8
10
6
1
2
3
1
0
0
4
2
0
-2
3
1
1
0
-3
-4
-8
-6
-3
-3
-4
-4
-2
-2
-5
-6
-3
-4
-7
-9
-9
-5
-7
-5
-3
-2
-8
-8
-6
-3
1
3
8
13
10
6
16
25
32
29
26
25
21
19
15
9
8
0
-9
-13
-11
-12
-15
-21
-17
-18
-24
-23
-21
-19
-23
-26
-30
-32
-33
-24
13
86
194
325
441
391
237
149
95
26
-25
-51
-48
-11
9
9
7
2
-3
-7
-6
-5
-6
-6
-4
-2
-3
-9
-12
-5
-3
-7
-8
-6
-3
-4
-3
-5
-1
0
-3
0
4
4
5
7
9
13
11
14
15
18
18
24
28
32
33
37
43
50
55
59
64
71
78
78
86
95
99
98
101
105
103
96
91
85
77
61
54
44
35
23
13
11
3
-6
-14
-19
-20
-23
-25
-28
-27
-28
-31
-31
-29
-27
-29
-29
-28
-28
-31
-32
-33
-33
-33
-33
-35
-35
-33
-34
-32
-31
-30
-31
-31
-29
-31
-32
-31
-29
-29
-28
-28
-28
-26
-28
-27
-24
-23
-27
-28
-27
-25
-27
-32
-30
-29
-32
-35
-33
-29
-28
-31
-35
-30
-28
-32
-34
-33
-31
-33
-35
-36
-36
-38
-37
-38
-37
-38
-39
-38
-38
-38
-40
-38
-35
-36
-39
-39
-38
-39
-41
-40
-41
-40
-42
-43
-41
-39
-42
-42
-41
-39
-42
-44
-41
-39
-41
-45
-41
-39
-37
-41
-43
-41
-40
-42
-43
-37
-35
-35
-30
-25
-22
-23
-25
-20
-7
-1
2
1
-5
-10
-16
-20
-24
-25
-30
-34
-36
-37
-41
-43
-45
-47
-48
-49
-49
-46
-44
-43
-48
-49
-54
-56
-49
-20
49
146
277
408
409
266
162
99
17
-41
-71
-62
-22
-2
-5
-9
-15
-25
-26
-27
-23
-28
-28
-29
-23
-25
-26
-25
-22
-21
-24
-24
-20
-17
-18
-16
-15
-15
-14
-11
-10
-8
-8
-7
-8
-5
-5
-4
0
6
8
11
13
20
23
24
31
39
44
46
54
59
67
71
74
82
89
93
95
100
105
105
101
95
94
85
74
62
54
46
33
23
15
8
0
-6
-10
-11
-14
-17
-19
-19
-20
-22
-20
-20
-21
-23
-22
-19
-21
-23
-22
-23
-24
-23
-23
-22
-20
-25
-23
-22
-18
-22
-20
-19
-18
-20
-20
-18
-15
-14
-16
-14
-13
-12
-14
-15
-13
-12
-13
-14
-14
-12
-15
-15
-16
-12
-14
-15
-16
-14
-18
-17
-18
-20
-20
-19
-17
-18
-16
-19
-19
-19
-22
-21
-20
-16
-18
-20
-19
-18
-15
-21
-21
-23
-20
-23
-21
-19
-19
-19
-21
-20
-19
-18
-21
-20
-17
-16
-18
-20
-18
-16
-18
-19
-18
-16
-15
-18
-20
-17
-18
-19
-19
-17
-17
-18
-17
-17
-17
-18
-17
-17
-14
-17
-16
-16
-17
-15
-17
-16
-14
-14
-14
-13
-11
-14
-13
-11
-11
-10
-5
0
7
9
3
5
13
24
29
29
25
19
15
13
8
7
4
-1
-2
-3
-6
-9
-13
-13
-15
-17
-17
-15
-15
-16
-19
-22
-21
-25
-22
-9
47
130
255
386
478
377
254
184
87
6
-35
-37
1
30
33
27
17
10
6
6
5
5
2
4
5
6
3
3
4
5
4
3
5
8
9
9
10
11
12
12
12
16
18
16
19
22
24
24
26
27
32
32
36
40
46
50
52
57
64
69
73
80
85
91
96
104
111
115
120
125
129
132
128
128
124
119
108
101
93
82
69
57
50
42
34
26
24
20
18
13
9
10
9
5
3
5
6
4
4
3
6
4
4
3
6
4
3
2
3
3
1
1
0
2
1
2
2
2
4
3
5
5
3
3
5
6
2
1
2
3
0
1
2
4
1
-3
0
0
0
-4
-2
-1
0
-2
-4
-3
-1
-2
-3
0
0
-2
-2
-4
0
-2
-3
-6
-2
-4
-7
-7
-7
-7
-8
-4
-6
-3
-5
-4
-4
-6
-8
-8
-7
-8
-9
-8
-9
-7
-10
-12
-13
-12
-12
-13
-13
-12
-12
-14
-14
-11
-11
-15
-13
-12
-9
-14
-14
-12
-11
-12
-14
-12
-11
-12
-13
-14
-10
-11
-12
-12
-9
-9
-11
-10
-13
-11
-13
-13
-13
-11
-14
-14
-13
-12
-13
-12
-11
-11
-9
-10
-8
-7
-8
-7
-4
4
8
10
8
9
15
22
28
32
30
21
19
16
10
6
3
1
-2
-6
-11
-11
-12
-15
-16
-16
-12
-11
-15
-17
-15
-17
-20
-23
-23
-12
34
115
233
361
466
382
254
189
96
13
-30
-34
8
38
40
34
21
13
11
9
7
6
7
9
9
7
8
8
11
9
9
12
14
15
12
15
16
19
19
20
24
25
24
23
29
30
31
33
36
41
41
43
46
53
55
57
62
68
72
76
83
88
96
100
108
115
119
124
129
135
139
143
143
142
137
131
125
117
109
96
88
77
68
56
47
41
37
34
28
26
26
25
20
20
21
22
22
21
23
25
24
23
23
25
23
23
23
27
26
25
25
27
27
27
29
28
31
29
29
30
30
30
30
32
33
33
34
37
37
35
36
36
38
34
34
34
36
34
32
35
38
37
34
38
38
39
38
38
38
40
39
36
37
39
37
36
36
38
39
37
36
39
38
37
37
38
40
38
39
38
41
39
42
42
44
42
42
43
42
43
42
43
44
42
43
43
46
45
44
46
47
47
43
46
47
48
45
47
49
51
49
48
50
50
48
49
51
52
52
51
51
54
54
52
53
55
56
53
56
53
57
55
55
56
60
58
59
65
70
75
78
80
76
77
85
95
105
104
96
92
92
86
78
78
78
74
68
68
67
65
58
57
60
62
61
58
62
63
60
53
53
53
53
72
132
233
356
487
508
374
286
221
122
63
38
59
102
118
115
105
93
88
87
88
86
85
85
87
85
87
87
87
87
88
90
90
90
91
93
98
96
98
100
103
103
105
107
111
113
111
116
120
123
122
126
132
135
136
141
147
152
156
159
166
175
181
185
191
201
206
211
215
223
228
229
230
230
230
223
216
208
200
189
177
168
158
150
140
133
126
121
116
115
113
109
107
106
108
108
106
106
108
109
106
107
109
110
108
107
107
108
108
106
109
111
110
109
113
113
115
115
114
118
119
118
119
122
124
122
122
122
123
121
122
122
125
123
124
124
125
125
123
125
126
125
123
123
125
125
122
124
124
124
123
124
125
125
123
125
125
127
124
124
125
129
125
124
125
127
126
124
127
128
128
128
127
130
131
130
129
130
131
129
130
129
132
131
131
131
133
133
132
133
132
134
133
133
134
135
133
135
135
134
135
136
137
137
135
135
136
138
136
136
137
140
138
137
139
143
141
138
141
143
144
140
142
145
148
148
154
161
165
161
158
163
177
184
186
184
181
175
172
165
161
159
154
151
149
149
143
140
139
140
139
139
142
141
142
142
137
136
130
129
138
189
268
389
518
596
487
371
315
222
151
107
110
154
182
179
168
157
150
144
141
143
144
143
142
142
146
144
143
142
146
146
146
148
149
152
150
153
154
156
155
156
161
161
163
164
166
168
170
172
175
180
182
185
190
195
197
203
208
215
221
223
230
237
244
247
254
261
268
271
272
278
282
281
276
274
269
260
249
239
231
221
207
196
189
182
173
166
161
161
156
153
151
152
149
149
148
147
148
147
148
148
149
147
149
149
147
147
148
151
149
149
149
151
153
151
152
153
155
152
155
156
158
156
155
157
159
159
156
157
158
157
155
154
156
158
156
154
156
157
154
154
153
155
153
153
152
154
152
152
153
154
153
151
151
153
153
151
151
152
151
150
150
152
152
151
152
152
153
150
151
152
153
150
149
150
153
152
150
153
154
154
152
154
156
155
154
153
155
155
153
152
155
157
155
153
154
155
155
153
152
155
154
154
154
155
156
154
155
156
156
154
154
156
157
156
156
158
159
161
167
172
176
172
170
176
189
196
198
198
193
187
181
176
174
173
166
160
161
159
154
149
149
150
149
150
153
154
153
150
145
145
140
138
144
192
268
385
509
598
508
384
327
246
171
129
123
166
201
204
195
186
177
173
170
172
173
171
169
171
174
173
169
171
173
174
170
173
176
178
175
176
181
182
181
181
185
188
190
189
191
196
197
197
198
205
208
208
213
217
222
224
229
235
242
245
251
258
265
269
274
280
285
291
291
297
299
297
294
290
284
275
266
257
249
238
224
214
208
202
189
183
179
177
171
166
166
167
163
159
162
163
160
157
159
162
161
158
158
162
161
160
160
161
163
161
161
161
165
164
163
165
166
166
165
168
168
168
167
169
170
169
168
168
169
168
168
167
169
168
164
165
166
167
163
163
164
165
163
160
163
166
163
160
162
164
163
159
159
161
162
158
158
161
161
158
158
158
160
158
157
157
160
158
157
158
159
158
156
158
158
158
155
159
160
158
157
158
159
158
156
155
159
160
157
156
159
160
158
157
158
160
158
155
157
158
159
155
157
159
159
158
157
160
163
161
164
170
176
176
175
173
178
186
194
200
202
197
189
188
180
176
172
169
164
163
159
156
153
150
149
149
152
151
151
151
150
147
142
138
137
140
172
240
352
479
585
526
398
334
263
180
134
116
146
188
200
198
188
175
169
170
170
169
167
169
172
169
168
168
171
171
169
170
172
175
173
174
176
178
179
180
184
184
185
186
189
191
191
193
197
200
201
203
207
212
216
217
224
230
234
235
243
250
256
259
265
272
279
282
284
291
295
297
293
293
292
286
275
266
259
250
236
225
216
207
196
188
182
181
172
168
164
163
160
159
161
159
158
154
156
157
155
154
156
157
156
154
156
157
158
156
156
158
161
157
159
161
163
161
161
162
164
163
160
163
166
166
162
164
165
165
163
163
164
165
164
161
162
163
160
159
158
160
157
155
157
158
155
153
154
155
155
153
154
153
153
152
153
154
152
151
150
151
152
149
150
153
151
149
147
148
150
148
145
148
149
148
145
148
149
148
145
147
149
149
146
145
148
149
148
146
147
149
148
146
145
148
149
146
146
148
149
147
147
146
148
146
147
148
149
149
151
158
163
162
161
159
164
172
180
187
186
179
173
171
168
163
157
155
152
150
142
140
137
136
135
134
136
136
135
132
133
130
126
122
119
125
170
242
362
491
568
471
350
294
221
151
110
98
139
175
181
176
165
154
149
149
150
148
147
148
150
148
147
148
152
149
147
148
150
151
148
151
153
155
151
154
157
161
159
159
164
167
168
166
171
176
178
178
180
186
189
191
194
202
207
211
217
221
229
230
236
241
251
253
254
260
262
262
260
259
257
252
241
234
226
215
203
191
183
172
161
153
148
144
136
134
133
133
128
126
127
127
126
122
124
125
123
119
122
124
125
122
120
127
126
123
121
124
128
127
127
128
131
129
127
128
131
129
128
129
130
131
129
129
130
130
126
127
128
127
124
124
124
122
121
118
118
120
117
116
117
119
116
115
114
116
114
108
109
112
113
107
107
109
108
104
102
105
106
104
101
103
106
103
102
104
106
105
104
102
102
103
99
99
96
100
99
99
101
102
99
101
101
99
98
98
100
102
102
99
101
108
110
112
115
117
114
116
124
135
142
136
133
130
127
120
114
112
111
102
97
98
96
89
84
87
87
87
85
84
87
87
80
76
73
74
71
104
174
282
411
502
434
299
220
162
103
62
40
47
93
118
120
115
107
103
101
98
99
104
118
117
119
119
120
117
118
119
122
119
116
122
123
123
121
124
127
129
127
129
134
135
134
133
138
142
142
145
148
152
154
157
159
166
168
173
179
185
191
195
201
205
209
210
216
221
225
226
228
230
225
220
216
209
200
188
179
168
164
153
146
139
134
125
116
115
115
110
106
106
105
105
101
101
105
104
98
97
100
102
99
99
99
101
100
99
101
105
104
102
103
105
105
103
104
104
104
101
102
103
104
105
105
107
106
104
102
105
108
102
99
97
97
93
94
96
99
98
94
96
99
99
92
94
98
99
92
90
90
90
88
85
90
91
89
87
84
85
82
80
80
83
84
83
82
80
82
79
78
78
83
77
75
78
77
76
75
76
75
76
72
72
74
75
80
88
93
88
89
95
100
109
109
110
112
109
100
96
91
89
78
68
67
68
62
57
57
59
61
57
55
59
59
53
47
46
43
37
40
68
137
234
365
473
432
285
197
144
88
46
18
19
58
84
84
79
74
68
64
63
64
62
60
60
61
62
57
57
61