16064
16144
16496
16408
16184
16224
16504
16592
16352
16344
16624
16720
16568
16496
16784
17008
16808
16728
17008
17192
17096
17000
17192
17480
17384
17256
17376
17664
17640
17480
17456
17720
17744
17520
17416
17680
17680
17392
17256
17456
17440
17136
16864
16984
17056
16800
16504
16544
16680
16472
16200
16192
16344
16240
16024
15968
16200
16128
15920
15856
16096
16152
15896
15792
15960
16104
15952
15792
16000
16152
15912
15792
15928
16104
16032
15816
15896
16160
16072
15856
15880
16056
16136
15888
15864
16152
16216
15984
15848
16136
16200
16048
15864
16064
16216
16040
15848
15952
16208
16064
15832
15904
16160
16104
15888
15888
16120
16152
15896
15800
16104
16104
15920
15784
16000
16112
15928
15768
15896
16120
15968
15768
15848
16072
15968
15768
15824
16136
16048
15720
15712
16048
16072
15792
15752
15992
16112
15848
15704
15952
16128
15968
15784
15960
16128
15952
15744
15904
16152
15984
15784
15816
16104
16048
15808
15776
16056
16040
15800
15784
16016
16112
15904
15744
15984
16136
15864
15696
15952
16120
15960
15744
15888
16120
15984
15792
15832
16104
16008
15800
15784
16024
16064
15856
15768
16064
16152
15888
15728
15968
16144
15912
15792
15936
16048
15960
15792
15912
16112
15952
15712
15800
16096
16056
15824
15760
16000
16088
15832
15784
16008
16112
15904
15856
16104
16296
16168
15968
16184
16376
16200
15992
16152
16400
16280
16056
16064
16288
16184
15928
15960
16208
16128
15832
15768
16000
16000
15808
15616
15888
16016
15800
15632
15776
16000
15832
15600
15720
15968
15864
15656
15704
15792
15664
15448
15784
16568
17480
18600
19936
21016
20824
19736
18008
17104
16768
16408
16112
16240
16432
16248
15944
16048
16224
16104
15824
15888
16136
16072
15888
15856
16144
16184
15928
15848
16096
16256
15952
15848
16112
16264
16072
15848
16048
16240
16136
15912
16080
16288
16216
16032
16080
16312
16296
16120
16048
16328
16376
16152
16064
16400
16464
16256
16152
16416
16672
16456
16296
16504
16728
16640
16488
16624
16912
16904
16744
16856
17160
17208
16968
17064
17416
17480
17296
17264
17576
17704
17544
17456
17712
17864
17664
17520
17728
17840
17688
17448
17464
17672
17496
17192
17120
17272
17200
16840
16640
16848
16800
16472
16328
16488
16512
16240
16040
16256
16384
16136
15912
16080
16280
16136
15856
15976
16200
16128
15904
15856
16176
16080
15896
15840
16144
16168
15912
15808
16136
16184
15984
15872
16072
16248
16008
15872
16000
16224
16032
15904
16024
16264
16136
15928
15984
16264
16224
15904
15864
16168
16248
15984
15896
16144
16216
16096
15920
16072
16200
16000
15840
16048
16232
16056
15856
15912
16168
16104
15888
15880
16184
16112
15928
15840
16096
16144
15912
15856
16088
16112
15920
15744
16008
16200
15936
15744
15936
16136
16000
15824
15896
16120
16056
15792
15856
16112
16120
15848
15848
16096
16168
15920
15816
16064
16152
15944
15784
15984
16160
15952
15736
15984
16152
15984
15792
15920
16144
16080
15840
15848
16152
16136
15848
15808
16080
16104
15928
15808
16064
16152
15944
15816
16024
16136
15968
15760
15984
16176
15984
15776
15880
16152
16080
15832
15824
16072
16088
15864
15792
16048
16096
15856
15792
16040
16168
15896
15744
16000
16200
16000
15800
15952
16144
16048
15872
15976
16192
16104
15968
16080
16368
16312
16096
16088
16384
16416
16176
16096
16368
16456
16208
16064
16176
16296
16080
15920
16040
16152
16008
15776
15832
16104
15920
15680
15720
15992
15928
15720
15624
15896
15968
15776
15664
15904
16024
15816
15576
15672
15768
15776
16064
16864
18120
19376
20336
20736
20408
19008
17520
16624
16648
16512
16184
16096
16416
16384
16048
15888
16136
16224
15952
15848
16040
16248
16056
15864
16032
16216
16064
15880
15992
16208
16184
15928
16000
16264
16264
15992
15920
16232
16280
16080
15960
16240
16328
16224
16048
16256
16376
16232
16080
16320
16456
16384
16200
16280
16544
16528
16304
16352
16688
16656
16472
16416
16776
16768
16608
16600
16920
17088
16896
16784
17088
17368
17224
17104
17280
17600
17512
17344
17464
17728
17744
17536
17584
17808
17832
17632
17544
17808
17784
17496
17360
17568
17560
17288
17024
17112
17224
16984
16656
16720
16832
16656
16344
16368
16504
16408
16120
16096
16352
16352
16008
15880
16136
16176
16024
15856
16040
16192
15992
15856
16056
16200
16008
15840
16032
16216
16032
15800
15912
16200
16192
15928
15896
16200
16200
15992
15928
16176
16272
15992
15936
16152
16304
16080
15960
16160
16280
16112
15992
16064
16296
16216
15912
16032
16240
16168
15992
15976
16216
16208
15856
15896
16184
16256
15984
15872
16104
16264
16056
15808
16048
16216
16040
15832
15984
16168
16072
15816
15904
16208
16128
15896
15848
16168
16168
15904
15848
16120
16128
15920
15832
16104
16160
15968
15800
16056
16128
15984
15848
15984
16184
16088
15824
15936
16200
16088
15904
15832
16144
16160
15904
15888
16152
16192
15912
15816
16128
16248
15976
15856
16056
16248
16072
15840
15992
16248
16168
15928
15960
16160
16128
15912
15904
16176
16144
15952
15880
16136
16232
15984
15848
16136
16280
16104
15880
16088
16264
16072
15936
16080
16336
16192
15960
16024
16280
16264
16024
15984
16272
16320
16072
15976
16264
16344
16264
16144
16424
16528
16328
16176
16408
16576
16352
16176
16352
16600
16432
16168
16208
16376
16360
16048
16016
16192
16176
15944
15872
16088
16136
15912
15752
15992
16136
15952
15768
15944
16152
16040
15816
15904
16152
16064
15752
15688
15888
16088
16352
17128
18616
20064
20928
20904
20512
19024
17592
16760
16792
16760
16392
16224
16472
16528
16256
15992
16144
16400
16224
15968
16072
16368
16288
15968
15984
16360
16328
16072
16016
16256
16320
16184
16088
16304
16400
16176
16048
16224
16464
16336
16128
16256
16448
16368
16144
16200
16456
16440
16224
16264
16488
16504
16272
16280
16584
16640
16464
16336
16624
16800
16560
16448
16704
16872
16792
16648
16856
17016
17000
16864
17008
17336
17408
17208
17200
17512
17576
17392
17376
17704
17832
17544
17464
17704
17840
17688
17528
17632
17808
17624
17400
17512
17584
17352
17096
17040
17168
16968
16632
16536
16728
16656
16400
16192
16384
16480
16208
16056
16280
16288
16144
16008
16120
16264
16080
15808
15944
16192
16064
15936
15936
16224
16200
15984
15992
16184
16224
16024
15984
16344
16432
16200
16024
16264
16408
16168
15984
16232
16368
16304
16160
16280
16408
16368
16136
16232
16408
16304
16136
16120
16368
16424
16168
16016
16320
16392
16152
16000
16104
16296
16048
15920
16112
16336
16200
15992
16064
16304
16232
15936
16064
16248
16224
15984
15856
16184
16216
15992
15880
16112
16192
15944
15848
16056
16216
16000
15784
16056
16184
16048
15832
15912
16144
16080
15840
15888
16160
16096
15872
15808
16128
16112
15904
15808
16136
16192
15952
15768
16048
16176
16016
15864
15992
16224
16144
15952
16008
16248
16152
15944
15992
16240
16224
15984
16016
16240
16288
16104
15968
16168
16264
16048
15928
16192
16224
16048
15944
16152
16312
16144
15888
16048
16280
16176
15912
15992
16208
16240
15976
15960
16208
16256
16056
15880
16168
16216
16048
15928
16112
16312
16136
15984
16128
16248
16104
15984
16128
16400
16328
16208
16264
16520
16456
16232
16208
16520
16512
16312
16168
16424
16448
16168
15944
16224
16312
16080
15856
15952
16128
16000
15776
15832
16056
15984
15784
15800
16024
16016
15752
15776
16016
16048
15840
15800
16008
15984
15696
15520
15984
16600
17128
18200
19856
21024
20832
19936
18584
17536
16872
16472
16376
16544
16584
16272
16120
16344
16320
16072
15968
16200
16272
16056
15904
16128
16296
16112
15968
16080
16312
16224
16032
16112
16392
16312
16032
16048
16352
16344
16056
16056
16352
16440
16176
16088
16384
16480
16304
16192
16376
16592
16368
16256
16448
16680
16544
16296
16400
16664
16672
16464
16520
16792
16840
16688
16608
16912
17064
16880
16880
17152
17344
17160
17112
17416
17592
17456
17320
17592
17832
17752
17568
17696
17952
17936
17736
17776
17976
17976
17736
17656
17848
17808
17528
17336
17496
17512
17200
17000
17096
17120
16848
16616
16704
16792
16656
16408
16440
16552
16464
16200
16248
16504
16408
16088
16080
16384
16456
16144
16032
16224
16360
16176
16064
16280
16408
16208
16016
16200
16408
16248
16048
16176
16344
16296
16024
16072
16352
16392
16120
16144
16368
16400
16216
16112
16288
16392
16216
16056
16272
16440
16272
16096
16248
16432
16288
16056
16064
16368
16296
16032
16064
16280
16256
16024
16024
16296
16296
16072
15968
16184
16296
16120
15976
16136
16256
16096
15992
16088
16256
16168
15912
16032
16224
16200
15968
15976
16208
16256
16000
15976
16240
16248
15992
15904
16176
16272
16008
15896
16160
16272
16088
15896
16048
16280
16192
15944
16000
16248
16224
16056
16008
16232
16208
16000
15976
16192
16232
16016
15952
16176
16288
16072
15928
16184
16320
16072
15872
16008
16248
16160
15952
15992
16272
16192
15944
15992
16224
16224
15928
15928
16216
16288
16024
15928
16128
16256
16080
15896
16072
16296
16112
15912
16056
16288
16160
15992
16032
16256
16216
15952
15976
16232
16248
16008
16104
16408
16496
16304
16136
16432
16472
16296
16176
16384
16568
16360
16152
16248
16408
16264
16040
16040
16296
16144
15920
15920
16152
16064
15848
15784
16040
16104
15872
15752
16000
16096
15912
15760
15952
16120
15976
15784
15736
15808
15728
15776
16440
17456
18592
19848
20944
21192
20416
18528
17288
16920
16824
16376
16152
16416
16552
16248
15992
16168
16336
16160
15976
16072
16240
16168
15920
16032
16248
16296
16072
16024
16296
16296
16104
16000
16304
16368
16128
15984
16248
16320
16208
16104
16272
16464
16320
16112
16280
16504
16456
16224
16248
16536
16504
16336
16344
16592
16600
16400
16400
16640
16752
16536
16432
16776
16872
16712
16608
16808
17104
17056
16872
17056
17344
17344
17168
17280
17616
17608
17408
17464
17808
17848
17648
17600
17896
17992
17760
17656
17888
17960
17704
17544
17656
17680
17488
17232
17256
17368
17152
16800
16760
16960
16904
16560
16440
16688
16624
16336
16200
16392
16440
16216
16104
16304
16368
16160
15992
16216
16416
16160
16016
16112
16352
16256
16000
16072
16344
16296
16096
16032
16328
16360
16112
16048
16336
16408
16136
16056
16344
16464
16304
16104
16288
16472
16328
16128
16248
16424
16336
16136
16168
16408
16376
16096
16072
16336
16360
16104
16000
16280
16336
16088
15984
16208
16368
16168
16016
16136
16256
16144
15992
16048
16328
16168
15992
16000
16248
16176
16032
15992
16200
16264
16016
15952
16232
16288
16008
15928
16144
16240
16096
15936
16128
16336
16136
15912
16048
16256
16200
15976
16024
16280
16192
15976
16000
16224
16224
16008
15920
16216
16288
16032
15936
16120
16280
16128
15960
16112
16280
16128
15920
16040
16240
16128
15936
16000
16240
16160
15936
15944
16168
16264
16016
15896
16144
16240
16048
15896
16136
16280
16048
15936
16104
16248
16104
15952
16048
16288
16160
15936
15992
16248
16256
16016
15976
16240
16288
16064
15976
16232
16312
16088
15976
16208
16352
16104
15952
16128
16288
16264
16040
16256
16568
16512
16256
16288
16600
16544
16304
16288
16592
16584
16336
16200
16432
16400
16216
16056
16200
16328
16112
15904
16048
16208
16048
15840
15928
16144
16064
15832
15848
16120
16088
15808
15856
16104
16104
15936
15816
15944
15984
15776
16016
16704
17768
18912
20072
20984
20808
19744
18000
16976
16808
16624
16288
16288
16584
16536
16200
16064
16328
16368
16120
16064
16272
16368
16152
16000
16208
16384
16224
16072
16240
16456
16296
16112
16216
16408
16392
16168
16208
16472
16416
16168
16168
16480
16528
16304
16216
16440
16600
16408
16232
16488
16656
16464
16368
16520
16704
16584
16392
16568
16784
16680
16536
16600
16952
16976
16736
16744
17096
17128
17000
16920
17280
17440
17280
17240
17496
17704
17576
17448
17656
17936
17768
17616
17744
17984
17960
17736
17704
17984
17904
17696
17632
17776
17720
17384
17256
17416
17416
17112
16904
17072
17104
16872
16576
16672
16792
16664
16368
16432
16624
16512
16280
16264
16488
16456
16208
16160
16448
16424
16168
16064
16280
16424
16208
16048
16208
16424
16224
16064
16208
16448
16240
16064
16184
16464
16384
16160
16176
16432
16480
16240
16136
16416
16488
16256
16208
16424
16480
16296
16144
16376
16536
16344
16144
16248
16512
16368
16104
16184
16392
16384
16144
16136
16328
16352
16112
16080
16304
16384
16144
16008
16288
16376
16192
15992
16168
16344
16168
16000
16128
16344
16176
16024
16064
16336
16200
15960
15944
16288
16264
16000
15920
16224
16320
16072
15920
16136
16280
16080
15896
16104
16256
16112
15952
16080
16192
16176
15952
16016
16248
16144
15936
15968
16256
16256
15984
15976
16192
16272
16056
15960
16184
16256
16056
15912
16136
16288
16096
15920
16072
16256
16152
15968
16016
16240
16208
15952
16008
16264
16248
16000
15936
16208
16240
16040
15944
16160
16296
16096
15944
16176
16288
16136
15960
16080
16352
16224
16032
16064
16320
16248
16024
16040
16304
16280
16008
16008
16400
16512
16264
16136
16408
16584
16384
16288
16504
16696
16520
16320
16416
16568
16352
16104
16192
16416
16352
16016
15984
16152
16184
15992
15880
16168
16144
15912
15832
16080
16152
15960
15816
16048
16176
16024
15848
16016
16104
15848
15520
15808
16512
17104
17944
19360
20840
21272
20608
19272
18216
17384
16792
16448
16544
16656
16464
16272
16368
16408
16264
16104
16200
16336
16248
16064
16200
16392
16392
16152
16104
16416
16472
16128
16096
16360
16520
16304
16160
16424
16504
16296
16168
16368
16584
16432
16240
16400
16528
16496
16272
16384
16656
16600
16352
16320
16608
16656
16448
16408
16728
16744
16536
16480
16824
16912
16696
16608
16872
17112
16992
16848
16992
17312
17272
17128
17256
17584
17592
17408
17488
17816
17848
17680
17600
17952
18104
17856
17752
17952
18120
17856
17688
17832
17928
17712
17424
17504
17600
17392
17096
17088
17176
16968
16688
16600
16816
16760
16472
16312
16536
16576
16328
16176
16368
16488
16200
16040
16256
16368
16184
16040
16152
16384
16304
16048
16120
16320
16264
16048
16016
16328
16360
16096
16064
16328
16376
16176
16040
16312
16424
16240
16112
16232
16384
16288
16072
16216
16440
16328
16064
16128
16408
16360
16096
16080
16328
16408
16160
16072
16312
16384
16160
16016
16256
16400
16216
16032
16136
16312
16160
16032
16120
16328
16200
15928
15976
16272
16312
15992
15968
16264
16272
16000
15944
16216
16312
16136
15968
16184
16304
16096
15904
16056
16352
16096
15920
15976
16256
16208
15912
15960
16224
16184
15944
15936
16120
16208
15952
15896
16112
16168
15936
15776
16080
16176
15992
15832
16048
16168
16080
15816
15984
16176
16064
15832
15888
16184
16120
15832
15832
16064
16192
15912
15848
16056
16160
15928
15784
16008
16080
15920
15800
15928
16080
15976
15744
15840
16152
16024
15824
15784
16096
16088
15808
15816
16064
16080
15848
15808
16048
16128
15952
15848
15936
16024
15888
15696
15880
16152
16096
15960
16088
16280
16184
16064
16072
16328
16304
16096
16056
16272
16336
16024
15888
16112
16256
15936
15816
15928
16088
15856
15640
15776
15960
15792
15552
15720
15912
15832
15512
15592
15856
15904
15664
15552
15848
15896
15544
15320
15560
15880
16256
16904
18384
19920
20784
20552
19976
18544
17192
16344
16296
16408
16200
16000
16080
16296
16144
15904
15760
16168
16176
15864
15768
16016
16128
15912
15808
16072
16216
16080
15840
16032
16288
16072
15864
15992
16272
16168
15976
15976
16248
16248
16024
16064
16256
16336
16072
16056
16352
16408
16208
16080
16336
16440
16304
16096
16304
16504
16424
16248
16408
16648
16640
16384
16504
16800
16832
16640
16672
16952
17040
16880
16824
17192
17336
17200
17112
17392
17592
17456
17336
17560
17752
17672
17536
17584
17808
17696
17504
17488
17736
17664
17328
17288
17472
17432
17080
16920
17080
17040
16704
16472
16608
16720
16496
16248
16312
16432
16328
16056
16072
16200
16128
16008
16000
16216
16128
15864
15888
16144
16104
15936
15840
16096
16176
15976
15776
16040
16216
15992
15848
15976
16136
16088
15888
16016
16176
16160
15904
15944
16288
16232
16008
15920
16160
16256
15984
15928
16144
16232
15968
15880
16136
16280
16064
15824
16008
16192
16040
15816
15928
16136
16104
15880
15856
16168
16128
15928
15856
16064
16136
15896
15800
16056
16160
15896
15768
15984
16136
15992
15792
15912
16160
16016
15816
15816
16080
16016
15784
15840
16136
16104
15808
15736
16056
16088
15832
15760
16016
16120
15840
15736
15984
16048
15920
15776
15880
16088
15952
15760
15856
16168
16040
15792
15832
16104
16088
15856
15832
16040
16120
15864
15808
16024
16168
15888
15800
15968
16088
15920
15744
15888
16112
16008
15784
15824
16088
16072
15792
15800
16072
16088
15792
15784
16056
16112
15848
15776
15984
16112
15848
15720
15984
16104
15936
15688
15864
16064
16008
15768
15808
16008
15976
15792
15784
16032
16000
15832
15776
16128
16272
16104
15960
16184
16296
16128
16016
16176
16360
16160
15992
16112
16224
16008
15760
15856
16136
16048
15680
15648
15960
15992
15712
15632
15832
15928
15696
15616
15840
15936
15688
15584
15792
16016
15784
15592
15640
15720
15560
15376
15952
16824
17744
18976
20216
20992
20448
18984
17488
16808
16512
16176
15944
16232
16384
16080
15880
15992
16072
15920
15712
15872
16040
15952
15768
15848
16080
16056
15832
15824
16088
16128
15840
15784
16040
16168
15936
15856
16104
16192
16024
15904
16096
16264
16096
15936
16096
16296
16168
15976
16112
16368
16296
16056
16080
16368
16432
16208
16152
16392
16432
16304
16248
16512
16680
16504
16392
16656
16840
16688
16600
16784
17072
17000
16896
17040
17296
17320
17152
17192
17504
17520
17320
17328
17672
17720
17480
17320
17560
17680
17472
17256
17392
17488
17296
17000
17064
17120
16912
16672
16608
16760
16664
16336
16216
16464
16384
16128
15968
16240
16256
16032
15904
16064
16152
15960
15832
15928
16080
15960
15784
15944
16136
16000
15728
15816
16064
16008
15768
15752
16008
16088
15856
15792
16032
16104
15880
15808
16000
16096
15960
15808
16000
16120
16032
15792
15920
16144
16048
15816
15840
16104
16000
15760
15816
16072
16064
15808
15784
16032
16088
15832
15688
15936
16032
15880
15704
15904
15984
15848
15688
15768
16024
15944
15664
15768
16032
15968
15704
15672
15920
16024
15784
15688
15944
16032
15840
15760
15928
16016
15832
15744
15968
16096
15904
15688
15776
16048
15960
15688
15768
16008
16032
15760
15760
16000
16024
15784
15736
15984
16064
15848
15672
15904
16056
15832
15664
15848
16016
15864
15640
15792
16024
15920
15712
15752
15976
15976
15704
15760
16016
16064
15752
15728
16008
16064
15864
15704
15912
15992
15864
15648
15840
16064
15904
15648
15752
15976
15912
15704
15760
16032
16024
15744
15768
16016
16088
15840
15712
15952
16064
15816
15752
16008
16168
16064
15960
16184
16360
16216
16008
16144
16344
16256
16032
16088
16376
16280
15976
15928
16248
16192
15912
15824
15984
16056
15800
15680
15864
16040
15816
15632
15776
16032
15864
15624
15752
15984
15928
15712
15792
16056
15808
15488
15368
15896
16480
16848
17984
19704
20984
21096
20416
19048
17968
16976
16520
16440
16504
16376
16168
16248
16368
16160
15944
15968
16224
16200
15936
15936
16176
16232
16024
15960
16168
16272
16056
15960
16160
16288
16120
15960
16128
16280
16144
15872
16032
16328
16216
16056
16056
16376
16328
16152
16128
16400
16472
16232
16096
16440
16504
16384
16232
16400
16664
16536
16312
16528
16808
16680
16488
16656
16960
16928
16712
16840
17192
17176
17008
17072
17464
17544
17272
17296
17600
17768
17632
17512
17792
17944
17816
17648
17824
18000
17896
17664
17720
17920
17792
17488
17408
17576
17512
17168
16976
17120
17064
16752
16544
16720
16696
16472
16240
16464
16552
16208
16056
16168
16336
16200
16024
16064
16272
16240
15968
15984
16256
16264
15976
15904
16224
16216
15984
15872
16152
16280
16024
15816
16176
16384
16208
16040
16184
16328
16208
16056
16096
16360
16264
16064
16056
16320
16256
15984
16016
16312
16328
16064
15960
16192
16344
16088
15936
16144
16256
16088
15864
16056
16264
16144
15880
15960
16280
16200
15912
15920
16136
16168
15912
15864
16072
16112
15936
15904
16152
16224
15984
15864
16016
16184
16016
15784
16008
16128
16048
15864
15920
16120
16056
15824
15880
16128
16080
15896
15808
16128
16192
15976
15824
16016
16192
16008
15800
16008
16184
16032
15832
15960
16208
16024
15872
15936
16200
16080
15872
15880
16104
16136
15904
15856
16120
16216
15952
15856
16096
16216
15960
15872
16096
16200
16048
15824
15960
16264
16104
15904
15944
16208
16192
15968
15952
16216
16176
15936
15896
16176
16272
16016
15936
16200
16256
15960
15872
16128
16304
16136
15888
15992
16248
16136
15952
16064
16304
16352
16160
16224
16448
16504
16248
16208
16512
16560
16304
16192
16448
16536
16272
16024
16216
16400
16200
15952
16088
16264
16160
15896
15920
16176
16088
15816
15912
16136
16096
15864
15776
16120
16184
15960
15896
16104
16040
15688
15576
16096
16832
17520
18680
20296
21456
21288
20224
18624
17712
17064
16608
16464
16544
16576
16384
16240
16448
16408
16152
16008
16288
16400
16128
15960
16200
16368
16200
16048
16192
16368
16288
16088
16176
16384
16336
16048
16120
16400
16424
16128
16112
16440
16512
16296
16144
16456
16584
16384
16168
16400
16624
16480
16296
16408
16640
16568
16376
16456
16728
16728
16512
16488
16776
16896
16656
16656
16984
17096
16920
16816
17168
17384
17152
17136
17360
17648
17536
17360
17544
17840
17816
17608
17728
17968
18008
17824
17768
18016
17968
17728
17656
17864
17832
17528
17336
17496
17488
17232
16968
17048
17112
16808
16560
16632
16752
16536
16312
16312
16472
16440
16128
16040
16360
16336
16072
15984
16208
16296
16048
15984
16200
16288
16176
15904
16088
16224
16120
15912
16064
16256
16136
15904
15960
16264
16176
15976
15968
16216
16232
16040
16024
16280
16296
16088
15992
16224
16384
16200
16008
16184
16336
16160
15968
16112
16288
16232
16040
15992
16296
16216
15960
15944
16216
16200
16000
15920
16176
16240
16016
15848
16104
16184
16064
15888
16024
16216
16072
15888
16008
16176
16024
15840
15912
16144
16128
15888
15920
16168
16128
15888
15824
16104
16160
15976
15880
16072
16152
15984
15872
15984
16176
15984
15800
15968
16192
16024
15848
15928
16160
16112
15872
15880
16104
16128
15880
15848
16080
16160
15888
15800
16072
16152
15952
15800
15984
16184
16040
15824
15936
16160
16032
15864
15896
16152
16120
15840
15816
16128
16168
15840
15792
16080
16136
15896
15752
16000
16152
16008
15816
16016
16160
16040
15840
16056
16192
16056
15904
15984
16232
16112
15856
15904
16184
16208
15992
15952
16264
16408
16264
16112
16328
16424
16328
16160
16296
16448
16344
16120
16224
16440
16272
16008
16056
16232
16208
15928
15872
16072
16072
15784
15704
15976
16032
15808
15688
15960
16032
15840
15688
15888
16056
15944
15784
15832
15888
15760
15584
16104
16984
18008
19272
20576
21416
20888
19416
17832
17064
16768
16416
16192
16360
16544
16296
16072
16160
16312
16088
15944
16032
16280
16160
15936
15992
16232
16184
15992
16000
16280
16272
16064
15960
16232
16280
16096
15992
16160
16384
16144
15944
16136
16416
16272
16048
16104
16392
16352
16120
16200
16456
16416
16224
16216
16488
16552
16320
16248
16568
16712
16456
16368
16680
16848
16744
16552
16824
17016
16928
16720
16904
17192
17208
17056
17184
17544
17512
17368
17392
17744
17824
17600
17552
17840
17944
17704
17584
17816
17896
17712
17480
17672
17760
17512
17232
17264
17392
17184
16824
16808
17000
16832
16528
16408
16632
16576
16312
16176
16400
16432
16144
16000
16224
16344
16096
15912
16128
16256
16136
15920
15992
16216
16112
15952
15928
16160
16136
15960
15896
16128
16216
15976
15872
16160
16304
16032
15904
16136
16304
16088
15968
16104
16280
16144
15936
16056
16272
16208
15960
16008
16312
16248
15960
15920
16176
16248
15992
15888
16112
16200
16000
15864
16088
16216
16024
15840
15976
16208
16008
15808
15960
16168
16104
15808
15864
16136
16112
15832
15816
16104
16152
15856
15792
16040
16136
15960
15736
15968
16152
15952
15784
15920
16152
15976
15800
15872
16096
16040
15832
15840
16128
16080
15808
15768
16064
16064
15872
15752
16032
16160
15904
15776
16008
16128
15968
15808
16008
16120
15944
15768
15856
16096
15960
15728
15776
16032
16032
15760
15728
15992
16056
15808
15656
15904
16056
15760
15680
15872
16048
15848
15648
15824
16008
15896
15688
15760
16024
15944
15696
15704
15928
15968
15768
15664
15904
15976
15664
15624
15896
15944
15752
15520
15800
16000
15848
15776
15944
16224
16112
15888
15968
16208
16136
15928
15960
16216
16176
15912
15864
16072
16056
15824
15712
15904
16016
15800
15600
15768
15904
15688
15488
15680
15808
15696
15480
15592
15824
15736
15504
15568
15856
15856
15600
15368
15560
15632
15752
16136
17248
18672
19952
20696
20664
19960
18176
16784
16432
16520
16288
16024
16096
16360
16136
15904
15880
16192
16104
15856
15800
16080
16104
15928
15792
16104
16232
15992
15880
16096
16272
16112
15944
16072
16288
16224
16064
16072
16328
16272
16080
16080
16360
16384
16152
16048
16336
16424
16176
16104
16344
16488
16320
16128
16336
16536
16384
16216
16408
16552
16496
16264
16408
16680
16664
16448
16480
16832
16912
16752
16768
17120
17168
17080
17008
17248
17496
17368
17176
17472
17680
17568
17416
17560
17760
17656
17456
17528
17712
17624
17328
17280
17440
17376
17016
16872
17000
16872
16560
16392
16632
16672
16336
16136
16272
16352
16120
15896
16000
16144
16080
15824
15872
16048
16024
15816
15752
16016
16000
15720
15632
15880
15904
15736
15616
15848
16000
15816
15720
15856
16008
15872
15664
15816
16024
15896
15736
15784
16016
16040
15768
15776
16024
16048
15872
15768
16032
16112
15912
15752
16000
16096
15920
15744
15952
16064
15960
15728
15872
16128
16024
15800
15800
16072
15984
15808
15784
16056
16024
15800
15744
16000
16056
15776
15648
15920
16048
15856
15672
15856
16008
15880
15696
15808
16008
15904
15720
15808
16024
15976
15784
15776
16064
16040
15760
15776
15992
16072
15880
15752
15984
16120
15976
15816
16024
16104
15904
15744
15880
16152
16032
15736
15792
16008
16072
15784
15704
15976
16000
15808
15616
15848
15920
15664
15624
15808
15840
15608
15456
15672
15752
15552
15240
15440
15616
15600
15416
15440
15672
15648
15432
15448
15744
15744
15464
15424
15792
15880
15648
15456
15680
15840
15688
15464
15656
15808
15696
15512
15672
15856
15776
15592
15752
16016
15984
15800
15808
16088
16144
15904
15792
16096
16176
15968
15872
16072
16048
15816
15704
15912
16016
15768
15512
15640
15896
15784
15520
15576
15760
15792
15536
15456
15760
15824
15616
15520
15744
15880
15664
15504
15664
15680
15440
15408
16056
16992
17984
19192
20456
20928
20304
18696
17504
16968
16640
16232
16088
16320
16376
16032
15880
16104
16192
15912
15712
15968
16104
15936
15760
15944
16120
16016
15840
15976
16200
16096
15888
15944
16232
16168
15912
15872
16088
16200
16000
15944
16176
16224
16104
15984
16240
16288
16120
15968
16208
16392
16240
16088
16240
16456
16320
16160
16208
16528
16528
16336
16320
16616
16688
16488
16480
16760
16904
16720
16680
16976
17152
17032
16928
17216
17472
17424
17264
17440
17688
17672
17496
17592
17888
17848
17608
17640
17912
17888
17608
17440
17648
17712
17440
17184
17304
17336
17088
16800
16824
16856
16704
16392
16496
16696
16472
16136
16184
16408
16392
16104
16080
16272
16272
16032
15944
16160
16240
16024
15880
16064
16192
15984
15832
16024
16208
15992
15824
15904
16120
16144
15952
15896
16216
16200
15904
15944
16200
16232
15976
15920
16176
16208
16080
15928
16152
16280
16056
15872
16040
16240
16120
15952
16032
16200
16120
15872
15928
16160
16152
15840
15832
16128
16152
15856
15832
16048
16168
15912
15776
16016
16128
15928
15736
15936
16144
15944
15768
15872
16088
15968
15752
15792
15976
15944
15744
15688
16000
15976
15776
15736
15944
16016
15760
15704
15824
16040
15816
15592
15816
16040
15864
15680
15768
15952
15968
15704
15744
15960
15976
15696
15640
15928
16000
15736
15656
15792
15856
15688
15520
15752
15912
15720
15600
15776
15920
15800
15360
15768
15952
15840
15688
15728
15984
15960
15752
15728
15960
16056
15808
15704
15952
16024
15856
15768
15944
16064
15904
15688
15920
16096
15968
15824
15872
16192
16104
15824
15856
16088
16112
15912
15920
16256
16392
16128
16080
16312
16392
16144
16008
16240
16408
16200
15976
16048
16200
16032
15776
15912
16096
15976
15712
15736
15968
15872
15616
15544
15832
15848
15656
15528
15744
15864
15616
15520
15712
15880
15752
15528
15520
15632
15488
15592
16192
17216
18384
19616
20616
20792
19984
18168
16880
16528
16456
16040
15896
16216
16320
16000
15784
15960
16112
15944
15744
15920
16072
15928
15752
15800
16056
16000
15776
15776
16072
16064
15824
15800
16024
16136
15864
15784
16032
16152
15920
15816
16080
16240
16120
15896
16080
16272
16128
15952
16128
16344
16280
16096
16112
16392
16376
16144
16128
16448
16552
16344
16304
16616
16760
16632
16544
16792
17016
16936
16840
17048
17312
17232
17096
17264
17544
17600
17384
17416
17720
17784
17616
17536
17752
17840
17648
17520
17728
17792
17552
17344
17488
17576
17296
17016
17072
17184
16984
16640
16560
16736
16632
16328
16256
16392
16312
16088
15960
16200
16184
15920
15832
16080
16128
15888
15712
15960
16096
15864
15552
15728
15928
15800
15600
15632
15904
15808
15600
15640
15856
15904
15656
15648
15968
16032
15808
15688
15928
16040
15872
15744
15896
16120
15976
15752
15904
16128
16024
15784
15840
16160
16088
15832
15824
16072
16136
15840
15792
16008
16072
15808
15776
15952
16056
15856
15736
15984
16104
15920
15736
15864
16136
15992
15808
15888
16128
16088
15856
15800
16104
16088
15816
15784
16064
16072
15880
15776
15928
16096
15880
15696
15904
16056
15824
15744
15848
16016
15936
15720
15800
16080
15960
15736
15760
16032
15984
15728
15720
15968
16080
15808
15680
15960
16032
15872
15728
15888
16040
15880
15672
15888
16120
15920
15760
15792
15984
15976
15744
15752
16016
16096
15880
15776
15984
16136
15928
15776
16032
16128
15960
15792
15984
16184
16024
15848
15944
16176
16096
15832
15888
16112
16096
15864
15896
16128
16112
15896
15848
16160
16160
15960
15880
16208
16352
16168
16040
16280
16464
16320
16096
16240
16440
16304
16120
16184
16344
16216
15960
15880
16224
16232
15880
15752
15992
16008
15864
15656
15880
15984
15808
15640
15808
15976
15784
15640
15768
16024
15864
15672
15760
15912
15760
15400
15624
16312
16992
17816
19144
20672
21040
20120
18648
17488
16792
16384
16128
16184
16408
16288
16040
16048
16208
16096
15880
15936
16176
16144
15904
15904
16152
16176
15984
15944
16160
16248
16032
15928
16136
16304
16096
15936
16096
16328
16128
15960
16104
16352
16232
16064
16128
16416
16352
16088
16096
16392
16432
16216
16136
16392
16528
16336
16232
16472
16576
16464
16320
16552
16736
16600
16456
16600
16904
16848
16672
16768
17112
17120
16960
16992
17384
17432
17320
17288
17576
17712
17480
17408
17712
17856
17680
17536
17712
17872
17736
17424
17552
17688
17552
17280
17232
17320
17216
16920
16744
16952
16896
16544
16408
16584
16648
16312
16152
16376
16480
16264
16056
16200
16376
16224
15968
16088
16280
16184
15984
16000
16288
16248
15936
15944
16208
16216
16024
15936
16208
16272
16104
16008
16240
16312
16128
15968
16168
16440
16240
16008
16136
16424
16344
16080
16112
16376
16304
16080
16072
16304
16304
16096
16072
16360
16384
16112
15992
16208
16384
16232
15984
16176
16368
16240
16008
16112
16368
16232
16048
16064
16248
16224
16032
16000
16272
16296
16000
15944
16184
16296
16048
15960
16144
16312
16088
15960
16120
16264
16184
15952
16016
16288
16200
15992
16056
16344
16320
16024
15984
16248
16312
16080
16024
16224
16360
16168
15992
16208
16336
16128
16008
16160
16376
16232
16056
16152
16328
16248
16032
16032
16368
16320
16032
16048
16280
16320
16048
15952
16224
16320
16056
15952
16160
16304
16104
15936
16064
16336
16160
15968
16056
16304
16184
15984
16048
16344
16280
16040
16016
16320
16328
16040
16024
16256
16328
16144
16032
16280
16400
16224
16128
16296
16536
16352
16136
16280
16472
16440
16168
16240
16528
16536
16240
16120
16384
16416
16160
16064
16272
16272
16024
15872
16096
16192
16016
15840
15992
16168
16048
15824
15928
16136
16096
15928
15976
16208
16160
15856
15664
15832
16048
16240
16792
18152
19728
20728
21056
20816
19616
18112
17056
16864
16856
16576
16360
16400
16552
16376
16128
16152
16408
16352
16128
16024
16288
16296
16104
16072
16248
16376
16200
16088
16336
16400
16232
16080
16240
16352
16272
16048
16120
16376
16328
16120
16144
16440
16368
16144
16168
16448
16488
16272
16176
16376
16592
16416
16336
16520
16712
16488
16264
16504
16800
16744
16480
16608
16872
16864
16720
16800
17048
17048
16992
17064
17344
17480
17296
17248
17592
17736
17584
17504
17792
17968
17816
17664
17800
17952
17928
17672
17792
18016
17800
17608
17584
17696
17672
17416
17240
17384
17368
17064
16864
17024
17064
16712
16544
16712
16744
16472
16280
16520
16648
16504
16256
16320
16544
16384
16224
16224
16472
16424
16208
16152
16408
16440
16192
16008
16384
16536
16264
16104
16248
16488
16408
16160
16328
16536
16408
16240
16296
16512
16456
16232
16280
16488
16504
16224
16192
16496
16544
16336
16224
16472
16632
16408
16224
16448
16624
16416
16232
16440
16664
16496
16200
16216
16464
16432
16088
16112
16512
16544
16320
16248
16672
16664
16464
16320
16504
16600
16392
16240
16528
16720
16496
16288
16464
16584
16416
16176
16264
16376
16400
16184
16080
16384
16504
16024
16136
16440
16496
16296
16152
16392
16528
16304
16152
16376
16504
16360
16096
16264
16384
16304
16208
16256
16488
16472
16176
16152
16520
16456
16200
16192
16608
16568
16376
16240
16480
16616
16440
16256
16448
16688
16504
16184
16400
16584
16432
16192
16304
16672
16536
16376
16288
16528
16544
16336
16088
16472
16576
16432
16288
16520
16624
16400
16216
16288
16488
16584
16304
16552
16888
16936
16696
16744
17024
17040
16824
16848
17048
17040
16800
16760
16888
16936
16864
16592
16848
16928
16712
16520
16648
16808
16528
16336
16392
16728
16512
16176
16376
16680
16584
16392
16416
16600
16624
16368
16352
16456
16272
16120
16464
17216
18256
19512
20704
21688
21496
20232
18536
17568
17304
17096
16752
16872
17128
17176
16816
16888
16992
16928
16896
16720
17144
16912
16848
16712
17048
17232
17040
17104
17216
17416
17200
16952
17312
17416
17328
17168
17360
17568
17432
17264
17432
17696
17792
17496
17408
17752
18088
17816
17680
17824
18072
18080
17816
17928
18024
17952
17968
18040
18184
18392
18112
18048
18136
18168
18048
18144
18528
18656
18384
18184
18568
18872
19040
19048
19280
19048
18832
18840
19216
19400
19216
18960
19152
19600
19520
19168
19336
19496
19448
19224
19000
19160
19048
18752
18528
18784
18576
18152
18040
18136
18160
17776
17520
17656
17664
17472
17216
17216
17392
17192
16936
17016
17136
17104
16904
16824
17080
17000
16656
16568
16824
16984
16656
16504
16816
16960
16752
16568
16784
16936
16696
16528
16600
16856
16648
16648
16664
16976
16840
16576
16608
16992
17056
16800
16624
16784
16856
16656
16512
16704
16840
16424
16192
16520
16616
16424
16080
16200
16552
16488
16248
16208
16448
16344
16136
16112
16320
16312
16016
15968
16168
16232
16016
15856
16128
16232
16016
15856
16080
16272
16136
16024
16096
16248
16144
15984
16088
16344
16288
16016
16000
16352
16376
16136
16128
16384
16440
16232
16152
16312
16464
16248
16024
16232
16400
16200
16000
16136
16352
16232
15992
15984
16312
16272
16032
16072
16336
16312
16120
16072
16256
16392
16208
16080
16384
16448
16296
16144
16312
16488
16328
16056
16176
16488
16368
16168
16144
16432
16408
16152
16120
16456
16408
16040
15872
16296
16472
16280
16200
16544
16696
16552
16368
16544
16736
16568
16392
16424
16688
16632
16320
16448
16640
16464
16232
16224
16464
16456
16184
16032
16240
16392
16144
16040
16280
16336
16096
15992
16136
16312
16232
15984
16112
16384
16272
16048
16016
16128
16096
15904
16184
17008
17944
19104
20504
21560
21400
20192
18512
17688
17312
16904
16552
16664
16904
16696
16376
16272
16504
16432
16232
16320
16592
16512
16240
16240
16536
16608
16384
16088
16336
16400
16216
16088
16232
16288
16088
15952
16144
16352
16248
16104
16176
16416
16336
16152
16216
16432
16360
16120
16144
16384
16456
16216
16112
16368
16528
16408
16368
16664
16904
16776
16640
16816
16920
16584
16352
16512
16848
16832
16656
16752
17072
17064
16936
16984
17328
17496
17312
17320
17616
17680
17504
17464
17728
17872
17696
17456
17704
17920
17808
17576
17632
17688
17504
17152
17008
17184
17112
16776
16656
16832
16800
16440
16256
16432
16488
16240
15976
16144
16304
16088
15912
16024
16184
16000
15768
15872
16160
16000
15752
15824
16120
16096
15808
15720
16056
16064
15808
15744
16000
16112
15888
15792
15992
16184
15968
15864
16048
16192
16064
15848
15968
16216
16128
15928
15952
16208
16144
15936
15904
16160
16168
15928
15840
16120
16208
15952
15784
16056
16224
16016
15784
15944
16160
16072
15840
15928
16168
16072
15832
15864
16112
16088
15880
15816
16096
16104
15840
15768
16040
16136
15912
15776
15944
16080
15928
15760
16024
16168
16032
15792
15864
16128
16072
15824
15904
16136
16120
15888
15784
16040
16064
15864
15768
15968
16136
15896
15800
15992
16096
15920
15808
15888
16104
15936
15696
15800
16080
15968
15768
15760
16048
16000
15776
15784
16024
16024
15776
15648
15952
16136
15856
15648
15896
16040
15864
15632
15872
16024
15904
15656
15760
16024
15944
15696
15712
15984
15968
15704
15664
15936
15984
15760
15632
15864
16008
15880
15824
16032
16208
15992
15824
16024
16248
16032
15848
15936
16144
16096
15800
15704
15920
15968
15744
15600
15832
15824
15560
15512
15768
15800
15560
15440
15680
15840
15632
15464
15600
15816
15704
15512
15624
15856
15696
15336
15288
15616
16024
16384
17368
19048
20400
20824
20176
19296
17944
16720
16184
16272
16312
16112
15968
16072
16184
16040
15832
15864
16048
16008
15776
15784
16064
16088
15816
15816
16064
16120
15920
15872
16112
16168
15984
15904
16056
16216
16040
15904
16040
16312
16152
15976
16016
16264
16240
16016
16048
16312
16344
16136
16112
16320
16456
16200
16160
16416
16544
16384
16232
16488
16648
16568
16432
16592
16872
16744
16664
16824
17080
17080
16960
16984
17328
17368
17224
17256
17552
17696
17440
17432
17704
17888
17680
17544
17728
17872
17720
17552
17664
17792
17568
17296
17344
17504
17360
17024
16976
17104
17000
16728
16552
16744
16776
16480
16304
16448
16496
16288
16112
16352
16408
16216
16000
16168
16384
16240
16024
16088
16320
16264
16032
16000
16240
16256
16008
15920
16240
16304
16056
15936
16216
16352
16112
15992
16184
16336
16232
16040
16152
16352
16208
16072
16176
16328
16264
16024
16064
16320
16320
16040
15960
16232
16296
16048
15952
16216
16256
16080
15888
16144
16272
16112
15872
16048
16240
16048
15872
15960
16200
16160
15896
15896
16152
16176
15944
15888
16048
16152
15936
15824
16016
16136
15904
15760
15976
16152
15952
15784
15928
16136
16056
15784
15856
16104
16072
15760
15824
16080
16032
15816
15736
16040
16080
15856
15720
15984
16112
15896
15728
15896
16064
15920
15760
15888
16048
15976
15744
15776
16032
16008
15776
15760
16016
16008
15816
15736
16008
16072
15824
15744
15984
16120
15872
15768
15944
16048
15904
15712
15880
16112
16000
15768
15864
16112
16088
15816
15792
16040
16056
15864
15728
16048
16088
15896
15864
16160
16296
16104
16048
16208
16384
16224
16064
16176
16400
16280
16056
16120
16328
16160
15960
15952
16112
16128
15832
15752
16008
16072
15768
15624
15816
15968
15744
15568
15784
15960
15816
15680
15792
15976
15888
15664
15664
15776
15648
15568
16008
16920
17976
19144
20304
20952
20464
18920
17408
16752
16552
16248
16032
16200
16416
16240
15960
16008
16248
16072
15848
15928
16128
16128
15864
15808
16112
16080
15912
15872
16096
16200
15968
15896
16104
16248
16064
15872
16048
16304
16160
15936
16136
16304
16240
16000
16096
16360
16296
16080
16096
16368
16424
16192
16168
16432
16576
16336
16192
16488
16648
16448
16312
16536
16760
16688
16528
16680
16952
16936
16720
16936
17176
17216
17024
17088
17400
17520
17304
17304
17616
17744
17560
17496
17760
17904
17592
17480
17696
17896
17688
17480
17528
17640
17432
17080
17040
17208
17072
16776
16568
16736
16688
16384
16344
16432
16464
16160
16048
16256
16288
16096
16048
16128
16208
16024
15848
15960
16120
16024
15808
15896
16136
16064
15728
15736
16016
16032
15848
15856
16280
16544
16384
16128
16448
16680
16512
16280
16368
16568
16416
16272
16352
16560
16408
16128
16208
16384
16368
16072
16064
16344
16352
16088
15968
16248
16272
16064
16000
16200
16320
16152
15928
16136
16440
16264
15984
16000
16304
16248
15872
15800
16248
16160
15920
15928
16136
16128
15880
15800
16064
16328
16040
16048
16264
16528
16376
16040
16040
16136
15976
15832
15944
16168
16072
15872
15960
16240
16192
15912
15904
16216
16224
16000
15888
16168
16272
16384
16368
16416
16360
16064
15776
15992
16392
16312
15968
15944
16192
16096
15928
15984
16272
16272
15992
16040
16296
16320
16096
16056
16376
16456
16336
16544
16568
16448
16056
15928
16072
16320
16192
15928
16080
16400
16368
16272
16264
16496
16520
16184
16104
16384
16504
16360
16320
16504
16640
16544
16432
16560
16704
16544
16368
16576
16768
16880
16552
16584
16512
16304
16072
16152
16392
16376
16152
16064
16344
16368
16152
16056
16288
16472
16240
16168
16344
16512
16352
16184
16336
16488
16224
15976
16152
16912
17600
18624
20072
21400
21712
20984
19552
18512
17680
17144
16840
16960
17024
16808
16592
16752
16864
16552
16376
16656
16808
16608
16296
16520
16712
16704
16496
16536
16672
16632
16456
16568
16712
16696
16512
16376
16672
16896
16600
16376
16576
16776
16656
16576
16744
17088
17008
16592
16608
16800
16752
16520
16688
16968
16904
16664
16632
16952
17056
16816
16808
17104
17216
17096
16936
17208
17408
17288
17192
17472
17728
17608
17440
17648
18016
18056
17928
18000
18224
18248
18080
17976
18200
18272
18128
18064
18312
18376
18128
17920
18136
18248
18024
17744
17816
17896
17672
17392
17320
17496
17336
17048
16936
17144
17048
16736
16656
16880
16896
16632
16440
16712
16696
16488
16344
16496
16664
16480
16304
16488
16696
16536
16320
16376
16600
16528
16376
16424
16632
16624
16336
16312
16680
16784
16464
16336
16600
16696
16488
16384
16592
16752
16528
16408
16544
16776
16592
16448
16464
16672
16632
16384
16456
16688
16616
16376
16352
16616
16640
16368
16264
16472
16576
16432
16384
16592
16712
16432
16152
16320
16544
16392
16232
16312
16536
16480
16216
16288
16520
16560
16576
16360
16560
16472
16240
16128
16440
16600
16336
16208
16432
16568
16416
16272
16384
16648
16464
16256
16352
16616
16592
16304
16256
16560
16592
16408
16240
16456
16688
16432
16192
16560
16624
16400
16224
16472
16640
16616
16328
16368
16568
16576
16312
16384
16600
16504
16208
16184
16528
16536
16384
16296
16496
16656
16496
16536
16608
16544
16360
16160
16328
16528
16424
16232
16312
16568
16472
16264
16344
16568
16464
16240
16296
16656
16704
16696
16720
17056
17176
16896
16368
16496
16704
16560
16448
16640
16832
16696
16472
16520
16704
16616
16384
16456
16648
16560
16208
16272
16512
16456
16248
16144
16384
16456
16232
16104
16392
16432
16240
16080
16328
16528
16280
15968
16008
16200
16448
16720
17608
19176
20520
21272
21032
20384
18792
17400
16816
16896
16832
16528
16408
16728
16760
16440
16312
16472
16616
16448
16264
16392
16632
16504
16296
16376
16616
16544
16320
16328
16664
16680
16400
16536
16712
16624
16344
16352
16712
16808
16496
16336
16464
16664
16528
16384
16528
16792
16640
16448
16568
16808
16824
16576
16600
16920
16944
16720
16704
16992
17048
16840
16760
17088
17256
17056
16936
17224
17440
17368
17192
17456
17776
17720
17552
17712
18144
18072
17792
17752
17960
18064
17888
17856
18136
18208
17992
17848
18064
18144
17888
17696
17768
17888
17640
17384
17424
17528
17288
16984
16944
17184
17064
16760
16608
16880
16896
16536
16512
16632
16728
16504
16336
16640
16696
16400
16264
16432
16472
16240
16088
16288
16520
16400
16168
16224
16528
16480
16232
16232
16528
16544
16288
16320
16632
16584
16344
16248
16576
16728
16520
16224
16256
16488
16352
16144
16328
16616
16440
16192
16232
16488
16416
16184
16272
16520
16544
16272
16208
16456
16584
16312
16248
16384
16536
16352
16136
16328
16520
16312
16128
16376
16632
16408
16000
16072
16416
16360
16072
16000
16296
16336
16128
16048
16280
16384
16168
16024
16304
16608
16328
15984
16096
16424
16296
16176
16240
16376
16248
16096
16088
16336
16200
15976
16016
16200
16280
16072
15984
16280
16384
16096
16088
16448
16648
16488
15952
15952
16216
16144
15896
16088
16312
16136
15968
15960
16256
16200
16016
16040
16280
16360
16048
15992
16288
16376
16088
16040
16328
16520
16496
16072
16112
16328
16112
16040
16136
16232
16080
15920
15984
16272
16240
16032
16024
16320
16432
16344
16304
16488
16576
16408
16328
16576
16656
16496
16432
16464
16600
16472
16264
16368
16712
16408
16000
15976
16200
16176
15944
15904
16120
16152
15888
15832
16048
16152
15928
15912
16024
16288
16168
15816
15904
16056
15768
15480
15616
16072
16456
16952
18160
19872
20912
20776
20048
18816
17608
16720
16368
16456
16464
16296
16184
16328
16384
16072
15944
16144
16280
16152
15888
16112
16536
16464
15896
15768
16128
16168
15968
16016
16240
16264
16080
15952
16248
16320
16120
16000
16200
16384
16160
16016
16240
16448
16328
16096
16184
16488
16376
16160
16200
16488
16480
16296
16280
16576
16680
16512
16384
16672
16800
16632
16544
16800
16992
16952
16856
16968
17216
17064
16968
17160
17480
17464
17256
17376
17720
17768
17536
17592
17928
17976
17816
17704
17904
18032
17776
17664
17976
18104
17616
17600
17696
17600
17224
16936
16984
17120
17008
16672
16632
16800
16720
16440
16344
16528
16560
16272
16144
16408
16472
16232
16104
16232
16352
16288
16152
16240
16336
16160
16008
16032
16312
16320
16216
16168
16352
16312
16008
15984
16384
16328
16024
15960
16272
16384
16208
16088
16288
16416
16216
16072
16232
16336
16216
16048
16200
16368
16400
16152
16056
16304
16320
16016
16128
16400
16408
16120
16032
16208
16288
16032
15912
16256
16440
16112
15840
16088
16328
16096
15888
16008
16296
16176
15896
15808
16096
16120
15976
15936
16224
16200
15984
15904
16248
16272
15992
15832
15944
16168
16048
15872
16064
16368
16216
16024
16008
16152
16120
15896
15824
16096
16088
15912
15888
16192
16208
15976
15904
16304
16392
16144
15840
16048
16208
16072
15960
16040
16168
16144
15992
15976
16256
16168
15952
15920
16256
16376
16016
15856
16208
16272
16064
15992
16160
16312
16160
15960
16408
16504
16264
15864
15952
16192
16104
15824
15976
16208
16312
16096
16168
16472
16472
16296
16168
16432
16560
16376
16336
16688
16816
16432
16136
16336
16448
16192
16048
16088
16304
16120
15920
16088
16352
16224
15880
15816
16152
16248
15928
15776
16096
16144
15888
15904
16248
16208
15984
15736
15816
15960
15848
16112
16712
17736
19072
20424
21296
21264
20264
18608
17368
17008
16896
16496
16304
16552
16656
16384
16200
16432
16512
16336
16120
16280
16448
16304
16088
16384
16600
16352
16064
16224
16464
16384
16128
16120
16400
16560
16376
16216
16416
16480
16192
16192
16664
16680
16352
16184
16456
16616
16496
16320
16456
16728
16688
16448
16528
16744
16672
16504
16464
16784
16832
16568
16616
16976
17112
16864
16704
17016
17192
17064
16968
17424
17640
17368
17312
17328
17672
17592
17496
17656
17952
17872
17848
17784
18016
18040
17808
17752
17984
18008
17760
17568
17848
17840
17480
17248
17344
17416
17208
16888
16952
17064
16872
16552
16520
16672
16624
16336
16272
16584
16528
16208
16096
16384
16480
16216
16056
16264
16360
16192
15992
16192
16360
16232
16032
16128
16328
16208
16048
16112
16360
16304
16040
16064
16360
16384
16144
16040
16360
16424
16176
16088
16312
16392
16208
16112
16264
16456
16320
16112
16160
16440
16360
16144
16248
16312
16336
16048
16024
16320
16336
16104
16064
16320
16368
16160
16104
16336
16392
16136
15920
16112
16320
16176
15992
16088
16384
16240
16000
16088
16352
16296
16032
16016
16304
16344
16096
16008
16272
16304
16136
15936
16200
16328
16128
16008
16136
16320
16152
15976
16104
16336
16248
15976
15984
16304
16240
16000
16000
16248
16248
16248
16008
16176
16232
16040
15944
16184
16384
16120
16024
16248
16368
16208
16000
16104
16360
16304
16088
16096
16336
16352
16080
16120
16336
16352
16072
16024
16328
16344
16120
15960
16216
16448
16424
16064
16160
16288
16216
16000
16104
16328
16264
16056
16168
16536
16528
16344
16304
16568
16616
16376
16368
16584
16680
16440
16280
16448
16608
16312
16096
16368
16504
16248
15944
16096
16304
16224
15904
15920
16192
16168
15952
15880
15728
16216
15992
15840
16024
16160
15960
15840
16056
16008
15720
15656
16216
16968
17712
18896
20320
21272
20816
19576
18080
17224
16736
16360
16248
16480
16528
16288
16088
16296
16376
16112
15896
16192
16368
16120
16008
16264
16408
16200
15920
16016
16272
16224
15984
16040
16368
16296
16104
16048
16288
16384
16136
15960
16264
16384
16216
16048
16248
16416
16208
16080
16320
16488
16280
16120
16232
16496
16408
16200
16272
16528
16512
16368
16312
16616
16664
16496
16464
16792
16896
16736
16640
17024
17248
17120
16992
17176
17456
17408
17280
17408
17720
17704
17552
17600
17880
17864
17616
17624
17864
17904
17624
17528
17744
17792
17496
17240
17328
17336
17096
16832
16904
16968
16736
16448
16464
16696
16560
16240
16224
16464
16408
16128
16048
16304
16320
16072
15992
16216
16304
16112
16000
16144
16288
16112
15896
16064
16288
16128
15936
16016
16272
16200
15936
15952
16240
16248
15968
15904
16224
16312
16088
15968
16264
16320
16128
15992
16192
16328
16184
15984
16160
16328
16224
16000
16072
16280
16200
15928
15928
16256
16192
15952
15904
16184
16216
15952
15856
16128
16192
15952
15816
16072
16192
16016
15872
16024
16200
16048
15872
15952
16224
16128
15864
15920
16224
16200
16000
15944
16136
16232
15976
15960
16216
16200
15952
15800
16040
16176
16016
15840
15976
16248
16072
15848
15960
16144
16184
15928
15936
16144
16152
15944
15896
16104
16208
15976
15896
16104
16152
15984
15912
16168
16296
16136
15936
16096
16216
16040
15880
15888
16176
16160
15888
15912
16168
16096
15920
15824
16104
16184
15976
15832
16064
16184
15968
15832
16000
16176
15960
15808
15872
16096
15928
15768
15904
16224
16192
15952
15960
16240
16240
16024
15928
16200
16296
16048
15920
16104
16112
15872
15720
15904
16024
15728
15496
15656
15832
15696
15416
15496
15672
15568
15368
15328
15552
15624
15408
15360
15680
15728
15472
15352
15520
15552
15216
15232
15928
16800
17864
19184
20488
21120
20456
18848
17568
16896
16536
16128
15960
16176
16232
15920
15744
15952
15992
15704
15560
15768
15888
15728
15544
15728
15904
15720
15552
15704
15944
15816
15632
15672
15976
15880
15680
15656
15936
15968
15784
15680
15928
16040
15800
15784
15992
16008
15928
15840
15992
16104
15944
15784
15936
16184
16128
15920
15992
16304
16232
16040
16128
16368
16440
16200
16248
16544
16632
16456
16392
16720
16936
16808
16672
16888
17168
17112
16968
17144
17384
17344
17208
17256
17592
17528
17304
17312
17536
17512
17240
17152
17320
17328
17024
16832
16952
17000
16704
16440
16536
16592
16312
16024
16152
16280
16040
15776
15808
16048
16008
15728
15728
15888
15896
15656
15568
15808
15880
15616
15528
15768
15840
15680
15520
15688
15864
15696
15528
15656
15816
15776
15568
15584
15840
15848
15608
15608
15912
15896
15664
15600
15840
15920
15760
15624
15832
15976
15760
15592
15776
15912
15824
15576
15712
15928
15776
15584
15608
15832
15808
15560
15544
15784
15784
15560
15464
15776
15768
15576
15424
15704
15808
15616
15464
15648
15800
15680
15448
15576
15832
15688
15472
15520
15760
15728
15504
15448
15704
15712
15544
15488
15728
15720
15536
15416
15648
15792
15576
15456
15568
15776
15640
15400
15568
15736
15632
15440
15528
15736
15728
15496
15520
15760
15760
15512
15432
15664
15792
15560
15416
15656
15800
15616
15416
15664
15800
15600
15488
15536
15752
15624
15456
15520
15728
15720
15464
15488
15720
15760
15568
15432
15688
15760
15544
15424
15664
15824
15616
15400
15592
15744
15600
15416
15536
15736
15648
15424
15528
15848
15856
15680
15656
15888
15968
15728
15632
15896
16008
15768
15672
15864
15952
15656
15456
15664
15816
15696
15416
15488
15640
15544
15320
15400
15656
15568
15272
15296
15600
15616
15352
15280
15528
15640
15416
15328
15504
15504
15216
15088
15600
16336
17032
18200
19728
20808
20328
19160
17608
16712
16248
15864
15744
15928
15992
15776
15640
15776
15848
15624
15480
15720
15808
15688
15520
15648
15848
15704
15496
15608
15888
15784
15568
15592
15848
15800
15608
15632
15888
15904
15688
15608
15864
16024
15784
15624
15856
16072
15912
15728
15856
16088
15976
15824
15944
16160
16088
15832
15912
16192
16200
16024
15984
16320
16424
16200
16112
16432
16592
16448
16344
16592
16824
16688
16624
16872
17080
17048
16856
17032
17336
17288
17112
17192
17448
17472
17256
17240
17464
17512
17232
17112
17248
17288
17032
16800
16968
17008
16664
16408
16448
16608
16392
16072
16072
16256
16120
15832
15864
15992
15968
15704
15632
15848
15888
15664
15528
15784
15880
15672
15504
15680
15792
15688
15504
15576
15776
15704
15496
15616
15824
15760
15552
15544
15840
15856
15536
15520
15784
15864
15616
15520
15752
15904
15680
15544
15744
15880
15752
15568
15696
15888
15760
15536
15632
15856
15776
15568
15520
15800
15752
15632
15536
15760
15768
15600
15496
15648
15744
15576
15424
15648
15784
15600
15472
15560
15744
15648
15448
15560
15784
15704
15504
15480
15680
15704
15488
15432
15688
15712
15480
15384
15632
15784
15592
15416
15592
15784
15624
15424
15584
15776
15680
15440
15560
15768
15696
15472
15520
15712
15776
15496
15432
15680
15736
15568
15488
15688
15776
15552
15392
15664
15840
15640
15392
15544
15808
15688
15456
15504
15744
15736
15472
15496
15712
15744
15520
15448
15680
15776
15544
15448
15648
15800
15584
15408
15656
15808
15648
15448
15608
15816
15688
15480
15488
15768
15720
15496
15544
15848
15880
15672
15696
15968
16056
15816
15768
15984
16096
15856
15704
15936
16048
15872
15616
15704
15880
15696
15440
15544
15704
15608
15408
15384
15576
15648
15344
15240
15512
15600
15360
15312
15480
15640
15440
15296
15536
15680
15392
15136
15160
15536
15928
16344
17488
19168
20264
20280
19712
18568
17184
16144
15864
15992
15944
15744
15688
15880
15920
15648
15416
15624
15800
15616
15440
15608
15832
15736
15512
15576
15816
15736
15576
15552
15824
15856
15584
15536
15816
15880
15728
15552
15824
15896
15744
15600
15808
15944
15792
15640
15808
15992
15912
15704
15768
16056
16000
15752
15840
16096
16128
15928
15920
16160
16272
16096
16024
16288
16512
16328
16224
16400
16704
16624
16488
16656
16952
16920
16808
16888
17152
17232
17064
17120
17384
17392
17184
17200
17480
17568
17280
17144
17336
17384
17120
16888
17024
17080
16880
16624
16600
16704
16528
16256
16216
16376
16192
15904
15864
16112
16088
15832
15696
15936
15928
15736
15576
15776
15928
15696
15560
15704
15864
15736
15480
15664
15880
15728
15552
15592
15864
15824
15592
15584
15864
15872
15640
15592
15816
15896
15648
15568
15864
16000
15792
15592
15848
16024
15896
15624
15792
15984
15920
15744
15736
15960
15872
15696
15736
15960
15912
15672
15608
15920
15968
15688
15616
15840
15944
15720
15576
15768
15904
15816
15584
15712
15896
15808
15616
15648
15872
15856
15624
15600
15832
15880
15640
15528
15808
15872
15648
15536
15776
15856
15680
15528
15744
15872
15744
15536
15672
15920
15808
15608
15616
15880
15848
15696
15656
15872
15912
15704
15584
15832
15944
15704
15544
15824
15968
15776
15616
15784
15968
15808
15632
15760
15968
15872
15680
15720
15976
15880
15680
15656
15976
15976
15672
15592
15872
16016
15784
15648
15856
16024
15848
15656
15856
16024
15832
15656
15744
16040
15896
15704
15736
16016
16000
15712
15744
16080
16168
16024
15912
16192
16216
16000
15944
16128
16272
16096
15992
16144
16272
16080
15800
15952
16160
16040
15744
15760
15976
15928
15656
15640
15864
15944
15680
15608
15872
15920
15728
15584
15832
15968
15784
15592
15776
15808
15576
15360
15616
16336
17008
17960
19592
21080
21392
20520
18968
17984
17112
16544
16256
16328
16440
16264
16016
16128
16248
16048
15856
16008
16192
16008
15816
15936
16184
16112
15888
15912
16200
16208
15952
15872
16136
16208
15992
14416
13280
14936
15608
15352
14928
15384
16104
15864
15304
15584
16304
16232
15544
15640
16400
16472
15784
15744
16464
16712
15736
17544
15744
14896
16816
17904
16224
15032
16632
18032
16800
15408
16488
18104
17376
15880
16520
18104
17872
16376
16616
18152
18240
16960
16984
18096
18304
17432
17304
17976
18112
17688
17488
17760
17800
17616
17464
17384
17376
17360
17152
16968
16872
16960
16800
16544
16456
16560
16472
16352
16216
16248
16256
16208
16152
16112
16152
16160
16032
15960
16120
16192
15984
15888
16072
16208
15984
15864
16032
16200
16064
15904
15968
16144
16080
15936
16008
16152
16144
15960
15968
16200
16240
16056
15952
16232
16352
16120
15960
16144
16312
16112
15960
16096
16248
16112
15920
16096
16256
16128
15912
15968
16232
16208
15896
15920
16112
16224
15928
15848
15704
15800
15656
15864
16088
15952
15760
15840
16072
16008
15792
15816
16072
16032
15840
15784
16016
16056
15880
15752
15952
16112
15896
15736
15976
16088
15904
15704
15912
16080
15984
15760
15856
16000
16008
15752
15808
16072
16040
15784
15776
16040
16016
15800
15720
15944
16088
15856
15712
15904
16048
15904
15808
15928
16128
15960
15792
15816
16040
15992
15768
15800
16048
16032
15784
15792
16008
16064
15808
15672
15928
16056
15856
15712
15920
16056
15896
15648
15832
16048
15960
15736
15824
16104
16064
15808
15800
16032
16024
15800
15784
16048
16064
15904
15904
16176
16296
16128
15976
16224
16376
16184
16024
16168
16352
16224
16032
16040
16184
16104
15848
15856
16064
16048
15728
15656
15960
16016
15680
15592
15776
15920
15752
15544
15736
15896
15736
15568
15720
15856
15824
15608
15544
15672
15536
15600
16184
17176
18424
19672
20664
20856
20168
18320
16968
16504
16408
16152
15960
16184
16312
16040
15800
15936
16128
16040
15848
15864
16080
16032
15832
15848
16080
16056
15880
15824
16056
16088
15888
15840
16080
16176
15968
15824
16000
16160
16040
15856
15992
16216
16120
15944
16008
16200
16192
16016
16048
16312
16336
16104
16088
16328
16416
16200
16104
16392
16568
16400
16256
16488
16680
16568
16472
16656
16880
16816
16688
16824
17120
17144
16936
17016
17352
17472
17280
17272
17536
17664
17504
17384
17664
17792
17584
17440
17568
17736
17552
17304
17352
17488
17264
16984
16992
17104
16920
16640
16536
16648
16608
16304
16200
16368
16344
16064
15888
16104
16208
16008
15776
15952
16120
15984
15736
15872
16064
15944
15760
15808
16024
15936
15704
15736
16000
16040
15784
15704
15952
16024
15848
15712
15936
16080
15896
15784
15960
16112
15952
15728
15920
16112
16024
15832
15848
16016
16048
15784
15792
16048
16040
15848
15776
16032
16088
15872
15704
15960
16048
15848
15696
15912
16072
15880
15680
15816
16024
15912
15712
15760
15952
15912
15728
15712
16016
15952
15664
15640
15904
15976
15736
15608
15792
15992
15752
15664
15832
15960
15840
15648
15728
15936
15848
15656
15728
15984
15928
15648
15632
15944
15984
15704
15600
15888
15936
15768
15672
15832
15944
15776
15648
15800
15960
15824
15568
15776
15952
15896
15672
15656
15944
15896
15680
15672
15896
15896
15672
15632
15864
15952
15712
15624
15816
15960
15752
15592
15736
15936
15856
15616
15728
15944
15856
15632
15672
15952
15848
15648
15656
15880
15912
15656
15600
15864
15936
15728
15664
15856
15936
15816
15760
15968
16168
16072
15920
16024
16216
16112
15880
15952
16224
16168
15944
15864
16056
16024
15808
15680
15944
15912
15712
15552
15752
15896
15648
15512
15648
15784
15640
15464
15560
15792
15736
15488
15488
15784
15768
15584
15496
15560
15576
15432
15808
16648
17664
18936
20032
20776
20352
18952
17280
16560
16416
16176
15872
15944
16200
16136
15816
15776
16008
15976
15696
15696
15920
15976
15736
15680
15936
16032
15832
15704
15888
16064
15912
15752
15888
16064
15896
15776
15904
16312
16184
16000
15880
16128
16128
16000
15912
15976
16168
16064
16080
15560
16112
16616
16152
15616
16016
16640
16104
15968
16296
16384
16224
16160
16248
16624
16520
16360
16504
16768
16752
16568
16696
16976
17040
16912
16936
17224
17352
17168
17112
17432
17632
17408
17256
17504
17768
17528
17288
17448
17688
17488
17136
17144
17392
17192
16840
16840
16952
16872
16488
16384
16592
16600
16208
16008
16168
16336
16088
15840
16016
16216
15936
15752
15944
16072
15984
15632
15816
16104
15960
15648
15712
15992
16000
15696
15688
16024
16112
15736
15640
15896
16096
15848
15640
15912
16120
15896
15656
15848
16128
16032
15672
15800
16160
16072
15792
15832
16112
16112
15800
15816
16064
16104
15864
15736
16024
16176
15880
15688
15920
16120
15960
15680
15856
16104
15976
15608
15760
16072
16024
15648
15736
16064
16056
15704
15632
15928
16104
15808
15616
15920
16112
15832
15640
15848
16064
15912
15664
15824
16048
15904
15592
15744
16024
15992
15664
15696
16000
16016
15768
15696
15960
16016
15736
15632
15944
16096
15832
15616
15856
16088
15856
15608
15800
16064
15976
15656
15784
16040
16000
15696
15744
16056
16096
15752
15704
15968
16136
15792
15640
15928
16128
15880
15648
15888
16112
15928
15688
15896
16160
15992
15672
15824
16096
16016
15696
15784
16152
16120
15800
15696
15968
16104
15872
15752
15952
16168
15952
15872
16064
16360
16200
15920
16184
16360
16288
15960
16080
16432
16344
16032
16072
16256
16272
15920
15912
16176
16208
15840
15648
15952
16096
15808
15592
15816
16064
15928
15536
15768
16040
15944
15624
15752
16112
16008
15680
15632
15792
15808
15536
16016
16896
18024
19208
20384
21312
21072
19512
17920
17208
17000
16576
16120
16296
16608
16424
15968
16040
16344
16200
15872
15952
16248
16248
15896
15872
16152
16304
16040
15888
16128
16304
16064
15912
16112
16360
16152
15864
16080
16344
16248
15904
16088
16408
16360
16056