-47
-47
-49
-48
-48
-50
-51
-45
-40
-41
-48
-47
-39
-39
-46
-50
-42
-41
-44
-44
-39
-39
-45
-51
-48
-41
-48
-59
-56
-53
-53
-52
-51
-49
-49
-51
-45
-35
-24
-22
-24
-25
-27
-29
-26
-17
-15
-17
-27
-32
-35
-40
-35
-37
-44
-51
-64
-68
-62
-62
-74
-79
-77
-74
-75
-78
-78
-78
-82
-79
-72
-72
-79
-82
-74
-68
-65
-67
-64
0
120
243
375
449
453
340
115
18
-18
-15
-21
-26
-29
-39
-46
-49
-51
-55
-64
-63
-59
-56
-55
-52
-51
-57
-62
-58
-51
-52
-54
-50
-47
-48
-52
-51
-46
-41
-41
-39
-32
-27
-28
-29
-22
-19
-16
-21
-24
-20
-15
-12
-5
3
12
16
8
3
10
16
18
25
34
34
32
38
43
48
50
54
59
60
60
61
59
55
41
32
28
20
4
-8
-15
-23
-28
-30
-36
-48
-51
-51
-50
-49
-53
-56
-52
-56
-63
-70
-66
-59
-58
-63
-60
-56
-56
-56
-56
-56
-54
-54
-57
-53
-50
-57
-59
-53
-50
-53
-52
-46
-45
-48
-53
-53
-55
-60
-61
-57
-52
-51
-57
-63
-61
-59
-61
-59
-47
-41
-44
-44
-37
-34
-35
-42
-41
-32
-25
-30
-37
-42
-38
-43
-45
-46
-56
-65
-70
-74
-77
-78
-78
-76
-79
-82
-83
-83
-84
-88
-94
-87
-75
-75
-87
-91
-82
-79
-84
-78
-73
-44
44
170
306
414
446
406
217
48
-16
-12
3
-15
-33
-47
-52
-56
-60
-64
-64
-65
-70
-74
-71
-66
-63
-64
-66
-64
-64
-64
-63
-57
-52
-55
-58
-58
-54
-54
-52
-49
-44
-40
-42
-41
-34
-34
-38
-32
-25
-24
-25
-22
-14
-8
-8
-8
1
12
17
18
23
26
29
32
38
44
46
47
54
65
69
61
60
72
76
68
59
53
45
29
14
5
-1
-13
-24
-31
-39
-41
-47
-48
-43
-43
-50
-49
-43
-46
-56
-53
-52
-53
-55
-55
-52
-50
-47
-49
-49
-43
-42
-43
-45
-44
-48
-52
-42
-34
-44
-52
-47
-42
-38
-38
-35
-40
-47
-51
-53
-48
-48
-51
-56
-50
-45
-48
-51
-46
-41
-41
-36
-31
-25
-21
-29
-28
-23
-19
-19
-17
-5
-7
-20
-28
-27
-26
-24
-35
-38
-42
-54
-59
-59
-60
-65
-63
-61
-66
-70
-69
-60
-53
-62
-70
-73
-66
-62
-65
-67
-57
-46
-43
-20
71
191
322
412
444
416
228
66
-12
-25
-26
-30
-25
-24
-29
-36
-43
-46
-41
-39
-49
-54
-52
-45
-46
-46
-49
-48
-49
-41
-33
-38
-47
-43
-34
-28
-29
-30
-22
-19
-24
-26
-23
-17
-12
-17
-12
-8
-3
-7
0
10
8
8
19
32
34
22
20
28
41
45
44
52
54
45
54
69
80
72
68
78
86
86
83
79
68
53
42
40
39
25
5
-5
-15
-24
-32
-35
-31
-30
-35
-39
-40
-38
-42
-43
-35
-29
-32
-44
-41
-35
-35
-31
-27
-25
-29
-32
-36
-34
-32
-34
-40
-34
-33
-34
-36
-28
-23
-29
-34
-34
-36
-39
-42
-35
-30
-34
-38
-33
-29
-26
-31
-36
-32
-32
-34
-29
-15
-7
-8
-13
-15
-12
-7
-7
-5
-1
-7
-11
-12
-9
-10
-23
-26
-29
-41
-51
-52
-48
-46
-51
-54
-50
-52
-59
-64
-61
-60
-59
-58
-51
-46
-52
-59
-54
-44
-43
-37
34
155
287
417
476
463
325
108
10
-25
-11
-15
-17
-12
-23
-33
-43
-44
-44
-45
-44
-41
-39
-40
-39
-37
-39
-44
-46
-41
-36
-30
-30
-29
-27
-28
-31
-33
-28
-22
-21
-23
-19
-18
-15
-15
-7
1
-3
-6
-3
5
7
5
12
23
26
27
29
34
37
38
44
49
52
56
60
68
71
69
67
70
78
80
77
78
78
72
53
38
28
19
5
-3
-4
-10
-20
-28
-29
-29
-34
-40
-40
-34
-31
-33
-35
-40
-43
-41
-39
-36
-37
-40
-40
-36
-34
-38
-41
-38
-35
-36
-35
-34
-34
-31
-32
-30
-30
-33
-38
-29
-22
-27
-34
-36
-35
-35
-39
-41
-37
-36
-36
-36
-34
-33
-34
-30
-24
-22
-22
-19
-14
-13
-16
-20
-12
-6
-11
-14
-17
-17
-19
-22
-23
-31
-36
-41
-50
-53
-55
-58
-62
-60
-60
-62
-64
-62
-59
-58
-66
-69
-64
-63
-68
-69
-63
-60
-60
-60
-44
27
145
273
407
466
456
322
108
23
2
16
9
-5
-15
-33
-39
-41
-41
-45
-48
-51
-53
-53
-48
-40
-35
-41
-50
-40
-34
-39
-43
-37
-35
-37
-40
-39
-33
-31
-33
-27
-19
-18
-26
-26
-17
-10
-12
-11
-10
-3
-3
0
8
11
12
16
24
27
29
29
39
49
50
50
54
62
61
58
62
73
80
77
78
81
78
66
58
54
45
29
11
5
0
-11
-20
-23
-28
-34
-41
-40
-34
-36
-42
-42
-39
-47
-51
-50
-43
-39
-45
-51
-46
-40
-41
-48
-47
-41
-39
-45
-40
-33
-31
-36
-32
-32
-36
-42
-44
-40
-38
-36
-34
-31
-31
-35
-32
-28
-33
-38
-47
-44
-41
-41
-44
-36
-32
-37
-39
-32
-27
-21
-16
-14
-15
-20
-22
-15
-3
0
-9
-18
-18
-16
-15
-19
-27
-36
-44
-50
-55
-55
-53
-50
-45
-45
-57
-66
-64
-58
-54
-55
-60
-64
-61
-63
-61
-53
-51
-46
-40
-7
90
207
339
429
456
409
216
72
1
-12
-9
-9
-9
-20
-33
-43
-42
-40
-37
-34
-36
-39
-43
-45
-45
-43
-41
-39
-37
-33
-31
-29
-29
-35
-28
-25
-23
-21
-19
-20
-21
-20
-21
-16
-12
-7
-2
-3
-4
-1
10
19
17
14
19
27
24
31
46
50
49
55
63
68
66
67
74
73
69
70
79
89
86
81
86
85
78
60
44
40
34
19
7
-1
-11
-21
-25
-20
-16
-23
-31
-30
-27
-30
-36
-36
-37
-36
-37
-36
-28
-31
-37
-35
-30
-28
-26
-24
-22
-25
-36
-37
-28
-22
-26
-33
-29
-28
-21
-28
-29
-35
-44
-38
-28
-28
-27
-26
-30
-32
-35
-31
-30
-29
-33
-38
-36
-29
-21
-22
-15
-5
-10
-16
-13
-3
4
4
4
2
1
-8
-19
-14
-9
-19
-29
-42
-50
-53
-53
-51
-48
-50
-54
-61
-53
-51
-54
-55
-54
-53
-49
-53
-54
-55
-52
-48
-41
-42
-13
83
206
342
445
472
428
235
66
-11
-26
-17
-14
-12
-22
-30
-30
-35
-43
-42
-38
-38
-42
-42
-38
-43
-46
-33
-24
-30
-40
-43
-36
-33
-34
-31
-21
-18
-21
-24
-22
-16
-17
-17
-14
-9
-12
-9
0
3
2
4
9
11
14
18
20
27
34
36
38
46
53
54
54
61
63
56
53
65
76
77
76
84
90
91
80
65
52
42
34
27
23
13
-4
-17
-24
-26
-27
-31
-33
-33
-36
-38
-37
-38
-41
-43
-35
-28
-34
-43
-41
-38
-35
-32
-29
-29
-38
-41
-37
-32
-32
-31
-35
-37
-35
-37
-38
-38
-33
-33
-37
-39
-37
-32
-37
-39
-35
-39
-49
-49
-43
-37
-37
-41
-43
-48
-48
-44
-32
-26
-25
-22
-13
-10
-20
-22
-20
-14
-13
-10
-11
-16
-22
-28
-22
-29
-41
-45
-46
-52
-57
-63
-69
-67
-65
-66
-66
-67
-66
-67
-71
-72
-67
-68
-69
-69
-67
-64
-63
-63
-63
-14
90
214
352
444
467
396
181
45
-14
-10
-8
-20
-23
-28
-36
-41
-48
-52
-53
-50
-52
-55
-55
-48
-44
-45
-45
-44
-40
-42
-44
-41
-39
-40
-44
-41
-38
-36
-36
-34
-33
-33
-30
-27
-18
-13
-17
-19
-16
-11
-10
-8
0
7
9
11
17
22
28
25
31
36
38
35
40
48
54
56
59
64
66
66
67
71
70
62
54
48
38
28
14
3
-7
-21
-30
-30
-26
-31
-43
-46
-47
-50
-50
-50
-50
-53
-53
-52
-51
-53
-56
-53
-51
-49
-51
-57
-56
-47
-47
-53
-51
-47
-43
-43
-46
-47
-50
-53
-48
-42
-46
-54
-56
-49
-47
-48
-46
-41
-50
-58
-60
-56
-52
-50
-48
-55
-55
-55
-57
-53
-44
-43
-46
-40
-28
-27
-29
-36
-32
-26
-26
-28
-22
-28
-32
-40
-40
-35
-40
-46
-55
-67
-72
-70
-67
-65
-67
-75
-80
-75
-72
-76
-79
-76
-77
-79
-78
-73
-68
-68
-72
-69
-60
-54
1
114
239
362
424
434
347
130
22
-16
8
4
-19
-31
-40
-42
-44
-53
-59
-60
-63
-65
-61
-58
-58
-56
-51
-53
-57
-60
-56
-52
-50
-48
-48
-47
-46
-50
-45
-38
-34
-35
-34
-31
-26
-24
-34
-35
-26
-22
-22
-16
-8
-3
-2
1
5
9
14
17
21
23
29
38
42
49
48
51
57
62
68
67
71
78
76
69
64
61
51
37
30
23
8
-15
-27
-24
-28
-29
-28
-30
-44
-55
-55
-54
-54
-51
-45
-42
-42
-44
-50
-49
-51
-52
-49
-46
-45
-44
-43
-46
-43
-43
-47
-48
-43
-40
-45
-45
-42
-36
-38
-39
-36
-36
-43
-46
-40
-36
-39
-44
-45
-46
-42
-42
-41
-40
-45
-50
-55
-54
-43
-33
-32
-34
-27
-23
-24
-27
-27
-23
-20
-17
-8
-16
-27
-34
-35
-29
-34
-42
-45
-51
-60
-58
-56
-60
-66
-67
-67
-63
-67
-74
-72
-66
-70
-75
-70
-71
-69
-69
-66
-56
-54
-58
-40
52
176
303
403
441
420
244
71
-10
-37
-33
-40
-29
-30
-44
-53
-57
-51
-44
-44
-52
-61
-63
-60
-59
-52
-46
-47
-53
-54
-47
-37
-39
-44
-44
-46
-44
-39
-33
-33
-37
-39
-33
-24
-24
-19
-16
-17
-22
-17
-8
0
-2
-1
8
16
15
13
21
29
36
46
43
41
43
50
57
61
63
69
71
73
79
77
74
75
66
55
51
41
24
14
3
-12
-19
-22
-30
-38
-39
-45
-48
-43
-43
-43
-42
-42
-40
-42
-48
-48
-43
-42
-51
-48
-41
-35
-38
-41
-42
-40
-41
-43
-38
-29
-28
-31
-41
-43
-45
-40
-35
-28
-29
-39
-41
-40
-41
-45
-44
-43
-42
-44
-45
-41
-42
-43
-50
-52
-47
-44
-44
-36
-29
-25
-19
-20
-26
-28
-25
-19
-12
-9
-17
-24
-22
-21
-20
-27
-43
-49
-51
-57
-58
-55
-54
-63
-69
-69
-62
-60
-60
-64
-71
-73
-71
-69
-67
-67
-61
-59
-65
-62
-55
-43
28
143
269
395
451
448
319
110
9
-34
-29
-25
-24
-22
-31
-38
-50
-56
-57
-54
-48
-42
-45
-51
-54
-54
-52
-48
-46
-45
-48
-50
-44
-38
-36
-37
-38
-32
-27
-32
-35
-29
-25
-29
-27
-19
-15
-17
-14
-5
1
-6
-8
-1
5
8
14
21
25
32
31
33
39
40
42
44
56
59
54
54
64
76
82
82
78
73
65
57
52
42
29
12
3
-3
-9
-19
-23
-24
-28
-33
-36
-43
-45
-50
-48
-43
-41
-39
-39
-44
-45
-42
-42
-44
-43
-42
-45
-44
-41
-41
-45
-44
-41
-37
-40
-39
-36
-32
-32
-36
-38
-40
-38
-39
-42
-39
-38
-41
-33
-26
-33
-40
-46
-51
-52
-53
-47
-42
-39
-42
-39
-36
-34
-32
-25
-21
-23
-30
-30
-18
-11
-15
-16
-18
-16
-27
-30
-24
-32
-47
-57
-59
-60
-64
-65
-60
-63
-69
-75
-74
-70
-74
-75
-76
-69
-67
-71
-75
-70
-65
-71
-72
-65
-60
-31
62
188
330
435
462
417
218
55
-15
-17
-8
-19
-25
-34
-39
-43
-44
-53
-58
-58
-56
-57
-58
-59
-56
-54
-55
-50
-45
-44
-46
-45
-44
-53
-59
-54
-46
-40
-41
-41
-38
-33
-30
-25
-24
-25
-26
-21
-17
-16
-16
-10
-4
-2
-2
-1
10
18
18
17
18
23
28
33
40
47
49
47
50
54
56
58
64
69
71
67
58
49
42
28
17
9
-3
-21
-35
-34
-29
-35
-43
-47
-44
-47
-58
-59
-54
-49
-48
-53
-58
-57
-58
-55
-52
-52
-55
-55
-52
-50
-52
-53
-48
-44
-44
-45
-46
-45
-42
-47
-47
-48
-48
-49
-46
-45
-48
-49
-49
-49
-46
-46
-50
-52
-50
-51
-51
-51
-50
-51
-51
-50
-48
-47
-50
-46
-38
-34
-36
-33
-29
-29
-33
-28
-23
-21
-24
-32
-30
-32
-33
-27
-30
-41
-55
-61
-60
-60
-61
-68
-74
-70
-69
-73
-75
-75
-72
-75
-74
-78
-78
-74
-72
-70
-67
-67
-69
-68
-36
65
189
325
422
450
398
190
44
-14
-13
-1
-13
-18
-27
-39
-51
-51
-49
-50
-50
-55
-62
-60
-54
-46
-47
-47
-47
-46
-50
-54
-48
-38
-37
-38
-35
-31
-29
-28
-27
-28
-30
-33
-31
-19
-11
-11
-17
-14
-10
0
6
11
12
11
19
33
37
32
28
34
48
57
62
59
64
67
71
74
80
85
81
78
84
87
83
75
65
52
39
24
17
10
-2
-13
-13
-12
-20
-34
-39
-37
-36
-36
-38
-41
-41
-39
-35
-35
-43
-51
-51
-41
-39
-36
-35
-34
-41
-40
-41
-39
-39
-37
-34
-31
-28
-34
-41
-41
-35
-36
-37
-38
-39
-47
-45
-41
-37
-38
-36
-38
-39
-41
-39
-42
-41
-41
-43
-48
-48
-43
-37
-25
-18
-14
-16
-24
-25
-15
0
-5
-14
-8
-10
-10
-20
-29
-23
-24
-41
-47
-47
-54
-58
-55
-53
-58
-60
-64
-61
-60
-61
-62
-60
-54
-56
-63
-66
-62
-59
-63
-60
-47
-37
-28
55
174
301
409
445
430
275
93
4
-32
-38
-35
-20
-21
-35
-48
-54
-53
-53
-53
-53
-51
-52
-56
-53
-47
-43
-45
-53
-51
-42
-42
-47
-49
-39
-32
-39
-43
-26
-21
-20
-28
-28
-20
-19
-18
-11
-4
-4
-5
-1
3
7
7
8
20
26
23
24
30
35
43
52
57
54
59
60
63
70
72
73
80
86
83
79
80
78
65
48
35
28
21
11
-3
-11
-15
-19
-28
-30
-32
-35
-43
-42
-36
-38
-44
-47
-41
-36
-39
-43
-37
-40
-43
-44
-40
-38
-39
-35
-35
-34
-37
-40
-36
-34
-31
-28
-26
-32
-34
-32
-26
-31
-35
-40
-44
-42
-36
-30
-34
-39
-40
-41
-38
-34
-35
-41
-49
-45
-39
-31
-28
-21
-24
-20
-25
-30
-27
-19
-14
-11
-4
-12
-19
-27
-25
-19
-27
-38
-47
-48
-58
-61
-58
-58
-63
-65
-61
-63
-68
-72
-68
-65
-60
-66
-71
-69
-67
-65
-67
-63
-60
-61
-46
35
162
300
420
468
446
276
80
2
-25
-21
-33
-32
-34
-44
-50
-53
-55
-57
-55
-57
-54
-53
-54
-56
-54
-51
-53
-54
-51
-45
-46
-51
-48
-44
-46
-45
-41
-36
-34
-40
-37
-28
-24
-23
-23
-22
-23
-22
-22
-12
-6
-2
-4
0
7
11
11
16
24
29
33
38
44
48
48
54
55
57
57
60
69
77
81
74
71
63
54
45
33
22
9
-2
-14
-24
-30
-35
-37
-39
-42
-49
-51
-50
-53
-56
-56
-53
-55
-55
-55
-52
-51
-56
-59
-54
-50
-47
-49
-52
-54
-55
-54
-53
-46
-40
-43
-46
-49
-52
-51
-49
-46
-46
-48
-50
-48
-49
-50
-56
-54
-51
-50
-55
-62
-59
-53
-52
-55
-52
-50
-50
-46
-41
-37
-34
-32
-34
-37
-37
-35
-28
-27
-25
-31
-34
-39
-39
-41
-47
-53
-60
-66
-69
-69
-74
-77
-77
-77
-79
-82
-84
-83
-80
-81
-84
-85
-81
-83
-89
-81
-76
-76
-78
-77
-66
2
125
259
392
450
445
316
98
6
-23
-5
-16
-30
-38
-54
-63
-65
-65
-66
-68
-71
-71
-72
-67
-62
-62
-69
-70
-65
-60
-61
-68
-62
-56
-57
-62
-59
-56
-55
-51
-45
-43
-47
-48
-46
-43
-39
-36
-30
-20
-18
-20
-21
-16
-9
-5
-1
8
7
5
11
22
27
32
32
34
38
38
38
46
55
57
57
60
59
57
54
47
39
23
6
-10
-18
-30
-35
-40
-43
-51
-60
-66
-64
-61
-67
-68
-66
-66
-71
-76
-74
-67
-69
-71
-71
-68
-66
-68
-68
-66
-67
-66
-70
-69
-66
-63
-65
-62
-60
-62
-60
-60
-62
-61
-63
-71
-71
-68
-64
-65
-63
-67
-69
-70
-63
-60
-64
-66
-65
-65
-67
-69
-61
-53
-50
-47
-40
-35
-41
-49
-45
-29
-20
-28
-33
-37
-41
-45
-47
-40
-38
-47
-54
-60
-70
-78
-87
-84
-75
-72
-74
-75
-72
-73
-75
-78
-78
-77
-75
-76
-79
-80
-76
-69
-61
-61
-54
20
140
269
383
425
421
281
79
-15
-42
-27
-28
-36
-44
-50
-56
-60
-66
-68
-63
-63
-63
-59
-59
-61
-62
-58
-59
-61
-62
-60
-59
-62
-62
-56
-48
-50
-57
-50
-41
-41
-37
-33
-32
-39
-40
-31
-23
-19
-19
-16
-13
-7
-3
2
7
9
10
11
22
32
34
34
39
44
46
48
55
69
74
70
64
66
72
71
68
66
60
42
29
21
11
3
-11
-25
-32
-35
-39
-41
-45
-48
-53
-54
-55
-56
-52
-51
-49
-50
-55
-56
-52
-51
-54
-60
-59
-48
-43
-49
-48
-43
-45
-50
-46
-43
-43
-42
-46
-49
-48
-47
-48
-41
-48
-55
-54
-43
-42
-49
-52
-50
-48
-53
-57
-53
-47
-47
-47
-49
-53
-47
-35
-26
-21
-26
-31
-32
-25
-21
-23
-30
-26
-25
-28
-34
-32
-29
-30
-42
-47
-56
-65
-65
-62
-66
-69
-68
-68
-68
-70
-70
-71
-74
-75
-82
-85
-78
-76
-79
-76
-69
-70
-67
-60
-17
89
214
347
430
454
381
155
19
-38
-38
-43
-46
-39
-36
-45
-53
-57
-62
-66
-70
-67
-60
-60
-63
-58
-54
-58
-60
-58
-54
-47
-50
-54
-52
-48
-44
-41
-45
-48
-46
-42
-32
-30
-32
-35
-27
-18
-23
-25
-16
0
-1
-12
-8
9
15
9
6
15
19
24
28
36
44
44
43
50
56
61
64
71
76
74
64
64
64
61
50
41
33
13
-7
-17
-19
-23
-30
-33
-34
-41
-52
-55
-50
-45
-49
-53
-50
-46
-48
-50
-42
-38
-45
-55
-54
-50
-49
-51
-52
-47
-44
-46
-48
-45
-43
-46
-45
-41
-37
-44
-48
-46
-44
-44
-47
-45
-42
-42
-48
-49
-45
-46
-50
-49
-44
-39
-39
-50
-52
-48
-50
-48
-43
-35
-35
-31
-27
-27
-31
-30
-21
-19
-19
-25
-27
-29
-30
-29
-35
-45
-51
-54
-61
-64
-65
-73
-76
-74
-70
-72
-74
-78
-74
-76
-79
-78
-70
-64
-74
-74
-71
-73
-73
-70
-61
-7
105
232
378
449
449
366
152
34
-22
-15
-14
-23
-29
-39
-46
-49
-50
-54
-56
-54
-53
-57
-55
-45
-44
-51
-57
-57
-51
-52
-52
-44
-41
-42
-43
-37
-33
-38
-41
-32
-23
-29
-35
-32
-22
-18
-21
-23
-17
-9
-11
-10
-4
0
2
0
9
18
23
28
30
34
35
38
44
50
53
53
57
62
70
71
70
73
80
78
65
48
35
19
7
0
-5
-15
-24
-29
-35
-46
-50
-47
-47
-52
-56
-59
-55
-50
-44
-48
-53
-55
-58
-57
-51
-51
-55
-58
-52
-46
-46
-50
-42
-37
-43
-47
-47
-48
-47
-48
-46
-41
-40
-39
-41
-41
-43
-51
-48
-40
-44
-51
-53
-49
-44
-44
-45
-47
-49
-49
-54
-55
-52
-48
-46
-40
-36
-34
-31
-27
-22
-23
-27
-26
-19
-17
-18
-21
-25
-34
-33
-30
-32
-41
-53
-62
-62
-57
-60
-66
-69
-73
-77
-73
-74
-77
-74
-74
-77
-76
-72
-72
-72
-62
-56
-58
-69
-73
-55
19
135
270
400
454
444
309
101
14
-9
12
0
-21
-27
-35
-41
-41
-42
-41
-46
-52
-54
-53
-52
-46
-44
-49
-47
-41
-38
-46
-49
-46
-41
-43
-39
-34
-30
-32
-34
-32
-30
-29
-30
-30
-25
-22
-18
-15
-10
-7
-8
-5
-3
3
5
13
20
25
27
40
49
49
43
40
48
56
62
67
73
77
76
79
86
87
77
64
60
59
50
35
24
15
5
-8
-14
-18
-20
-31
-39
-33
-33
-38
-41
-39
-29
-30
-39
-40
-39
-38
-40
-40
-37
-34
-35
-35
-32
-36
-42
-38
-23
-20
-27
-31
-28
-30
-29
-25
-22
-22
-31
-37
-34
-28
-23
-23
-28
-32
-32
-32
-27
-23
-25
-33
-34
-25
-19
-20
-30
-34
-32
-31
-29
-31
-32
-31
-31
-26
-25
-23
-21
-16
-10
-10
-11
-9
-3
3
4
3
-4
-5
-14
-15
-4
-12
-25
-33
-34
-36
-37
-45
-45
-43
-44
-47
-39
-36
-47
-56
-55
-49
-42
-39
-45
-46
-45
-45
-43
-32
-23
13
98
211
341
428
456
417
221
76
0
-12
-6
-3
-6
-20
-27
-30
-37
-38
-37
-29
-32
-34
-35
-36
-34
-31
-34
-35
-30
-32
-26
-23
-23
-33
-32
-24
-19
-17
-14
-9
-10
-13
-18
-13
-3
1
-6
-3
2
8
15
17
20
21
18
27
40
44
38
38
46
53
58
60
66
70
72
77
84
86
83
83
88
92
94
95
90
81
73
60
42
29
20
8
1
-7
-8
-13
-17
-14
-20
-26
-29
-29
-26
-26
-27
-23
-27
-29
-23
-24
-27
-28
-24
-22
-22
-24
-25
-22
-20
-24
-28
-21
-14
-10
-20
-25
-20
-20
-25
-31
-24
-23
-25
-26
-25
-23
-26
-27
-27
-29
-32
-35
-31
-29
-29
-30
-31
-30
-27
-24
-15
-12
-17
-16
-11
-3
-5
-11
-11
-1
6
10
0
0
2
-2
-5
-10
-17
-25
-37
-42
-37
-39
-45
-54
-49
-40
-43
-49
-50
-48
-50
-54
-50
-44
-42
-51
-53
-45
-42
-43
-39
-15
66
186
316
432
479
457
297
107
23
-11
-6
-5
-5
-7
-22
-29
-27
-30
-39
-41
-30
-28
-26
-30
-30
-26
-24
-22
-22
-22
-24
-29
-25
-18
-16
-19
-13
-5
-8
-15
-10
1
4
-5
-4
9
14
9
8
14
22
26
26
30
38
42
44
41
48
56
60
62
67
71
70
74
83
87
84
87
92
95
95
100
107
107
100
90
80
67
53
46
43
31
13
3
2
3
-4
-14
-14
-10
-8
-13
-12
-11
-17
-24
-22
-15
-10
-12
-12
-7
-14
-18
-18
-12
-11
-18
-19
-14
-8
-10
-12
-8
-8
-8
-9
-8
-13
-14
-19
-17
-12
-15
-24
-27
-19
-11
-15
-24
-24
-28
-32
-35
-28
-21
-21
-27
-35
-30
-26
-23
-22
-17
-10
-8
-8
-6
-1
1
6
10
4
-10
-15
-10
-3
1
-11
-29
-34
-39
-46
-49
-44
-43
-51
-55
-55
-50
-52
-55
-55
-52
-52
-51
-44
-53
-62
-61
-55
-48
-43
-51
-18
80
206
341
449
479
426
224
67
11
12
13
0
-6
-17
-29
-35
-36
-34
-38
-41
-38
-35
-36
-39
-34
-29
-35
-39
-37
-33
-32
-31
-29
-20
-16
-25
-29
-25
-25
-26
-21
-14
-12
-21
-22
-11
-4
-5
-9
-2
6
13
8
9
19
26
24
26
36
39
37
42
53
56
58
62
68
72
73
72
76
82
86
84
81
76
67
59
52
46
40
25
9
3
-4
-14
-22
-25
-26
-30
-35
-35
-34
-36
-34
-29
-32
-34
-37
-37
-40
-38
-39
-37
-35
-35
-42
-42
-34
-29
-32
-29
-22
-26
-36
-37
-29
-28
-31
-31
-28
-25
-26
-29
-32
-34
-33
-40
-36
-32
-32
-40
-41
-36
-33
-39
-45
-43
-43
-44
-44
-42
-40
-39
-39
-36
-35
-37
-33
-26
-23
-21
-22
-19
-17
-14
-20
-20
-12
-11
-17
-25
-28
-27
-32
-37
-38
-43
-52
-62
-63
-55
-58
-63
-57
-53
-65
-70
-69
-60
-60
-63
-57
-53
-55
-60
-59
-51
-46
-42
-19
58
169
292
395
440
434
281
88
1
-21
-5
-11
-13
-15
-28
-40
-41
-36
-33
-40
-48
-48
-43
-44
-47
-45
-38
-34
-41
-40
-34
-26
-28
-33
-33
-31
-31
-29
-20
-17
-17
-19
-17
-10
-10
-7
-6
-9
-10
-6
5
18
22
15
11
19
27
31
38
41
50
50
48
54
59
57
60
70
77
76
77
86
92
86
86
90
87
73
54
49
47
40
20
9
3
-5
-11
-11
-14
-23
-28
-34
-34
-29
-31
-33
-27
-22
-28
-33
-30
-23
-26
-27
-23
-20
-23
-37
-36
-35
-34
-31
-26
-24
-25
-30
-32
-24
-20
-26
-31
-24
-17
-22
-28
-26
-18
-20
-27
-27
-21
-27
-36
-34
-29
-27
-27
-28
-30
-33
-32
-26
-16
-14
-17
-16
-7
-4
-5
-9
-3
1
-3
-4
-4
0
-7
-11
-5
-8
-19
-33
-42
-45
-45
-49
-49
-47
-44
-50
-55
-50
-48
-49
-55
-57
-52
-48
-48
-50
-56
-51
-51
-47
-42
-34
31
146
275
401
457
458
338
129
26
-25
-19
-20
-16
-14
-19
-24
-33
-38
-36
-31
-37
-46
-47
-39
-33
-33
-34
-34
-32
-32
-32
-24
-20
-27
-35
-33
-27
-24
-29
-21
-10
-5
-15
-15
-3
4
-2
-1
7
6
6
15
20
22
19
19
23
35
41
43
49
55
59
59
64
65
66
66
74
81
82
84
90
99
103
96
88
81
74
64
46
38
32
15
1
1
-1
-6
-15
-15
-16
-17
-23
-22
-19
-21
-27
-26
-23
-27
-33
-30
-21
-19
-24
-27
-24
-21
-23
-22
-21
-18
-22
-25
-18
-14
-16
-21
-24
-24
-20
-19
-15
-16
-25
-31
-31
-21
-13
-21
-29
-28
-26
-32
-34
-26
-20
-22
-27
-28
-29
-29
-29
-23
-16
-15
-14
-9
-4
-5
-9
-7
3
3
1
-5
-5
-7
-12
-9
-7
-17
-27
-33
-40
-45
-43
-47
-49
-50
-49
-52
-52
-49
-46
-51
-52
-51
-52
-56
-58
-50
-42
-46
-45
-38
-32
17
124
256
388
460
470
374
155
43
-4
10
10
-1
-7
-15
-20
-24
-38
-49
-43
-36
-36
-40
-37
-30
-30
-35
-39
-38
-37
-35
-27
-26
-33
-36
-32
-26
-25
-28
-23
-16
-16
-23
-23
-13
-8
-8
-8
-4
2
4
1
9
14
15
13
17
25
31
32
38
46
49
47
54
55
57
58
68
76
68
63
69
77
82
81
77
68
59
48
39
29
21
12
1
-2
-8
-16
-22
-24
-28
-30
-26
-28
-31
-34
-35
-36
-31
-31
-30
-36
-38
-34
-32
-35
-34
-29
-28
-32
-36
-35
-36
-35
-30
-28
-29
-33
-33
-29
-27
-29
-34
-32
-30
-27
-36
-40
-36
-33
-37
-38
-34
-33
-36
-36
-34
-32
-34
-37
-38
-35
-39
-42
-34
-25
-18
-18
-16
-16
-18
-18
-10
-5
-4
-8
-14
-19
-18
-17
-14
-16
-23
-34
-43
-50
-53
-55
-55
-55
-57
-60
-65
-65
-64
-63
-66
-64
-63
-62
-64
-63
-64
-64
-63
-58
-56
-53
-3
100
224
357
432
446
373
150
22
-19
11
15
-13
-24
-30
-36
-41
-46
-48
-41
-38
-42
-43
-41
-39
-43
-47
-44
-36
-37
-47
-44
-35
-28
-27
-27
-31
-35
-34
-23
-16
-13
-15
-15
-12
-9
-14
-12
-5
1
3
5
13
12
10
10
20
34
39
32
36
40
47
52
56
62
63
64
68
77
83
84
81
86
96
91
84
77
66
56
49
41
31
21
10
4
2
-3
-13
-25
-26
-23
-24
-27
-28
-29
-32
-26
-21
-23
-26
-28
-26
-26
-28
-29
-26
-26
-29
-33
-27
-21
-20
-19
-15
-15
-22
-27
-23
-17
-14
-18
-24
-24
-26
-28
-25
-23
-19
-20
-27
-22
-18
-22
-30
-30
-32
-34
-34
-24
-17
-27
-28
-21
-18
-16
0
4
1
0
-4
1
3
7
2
-3
-7
-6
-3
-9
-19
-26
-32
-41
-43
-41
-42
-41
-41
-44
-49
-54
-52
-48
-51
-53
-52
-48
-45
-51
-46
-38
-36
-46
-40
-24
40
150
267
386
446
461
370
164
53
-10
-12
-15
-10
-5
-18
-30
-31
-32
-37
-40
-32
-30
-37
-43
-33
-27
-27
-27
-25
-28
-32
-33
-30
-25
-27
-23
-18
-16
-16
-19
-22
-16
-10
-8
-12
-8
-1
-2
1
2
-3
0
10
15
17
25
35
40
41
42
42
44
57
60
59
62
70
67
65
72
79
85
90
89
88
95
89
79
73
66
56
45
33
21
6
-6
-11
-7
-10
-18
-25
-24
-23
-26
-28
-22
-24
-28
-24
-26
-24
-23
-30
-31
-17
-9
-16
-22
-24
-24
-25
-22
-22
-23
-19
-17
-20
-25
-24
-24
-18
-16
-18
-23
-20
-20
-25
-30
-27
-20
-24
-31
-35
-33
-32
-37
-35
-30
-25
-27
-27
-20
-10
-7
-14
-14
-16
-19
-15
-3
4
4
3
-4
-4
-5
-5
-6
-17
-23
-30
-38
-43
-46
-48
-49
-46
-44
-41
-47
-56
-55
-58
-54
-47
-46
-52
-57
-56
-51
-49
-43
-37
-37
0
99
227
369
457
470
402
192
56
-9
-17
-14
-16
-12
-22
-28
-35
-39
-39
-40
-37
-36
-36
-45
-50
-46
-45
-44
-36
-29
-38
-43
-39
-37
-29
-27
-24
-26
-30
-30
-24
-21
-18
-14
-10
-9
-12
-11
-7
0
1
-2
1
6
12
14
18
28
33
25
29
37
42
44
45
53
61
62
60
64
66
71
77
81
80
80
80
67
57
49
39
29
17
10
0
-7
-10
-17
-27
-32
-34
-35
-32
-32
-36
-40
-40
-41
-39
-35
-36
-39
-40
-34
-27
-27
-38
-39
-38
-39
-37
-32
-27
-32
-33
-34
-35
-36
-39
-39
-33
-32
-35
-40
-36
-37
-36
-35
-33
-34
-38
-43
-41
-41
-40
-46
-44
-42
-41
-43
-45
-41
-38
-35
-29
-25
-25
-26
-27
-28
-24
-18
-10
-10
-8
-21
-31
-27
-25
-20
-25
-35
-38
-51
-63
-66
-63
-56
-60
-65
-67
-67
-70
-71
-72
-67
-70
-72
-71
-70
-69
-66
-63
-61
-62
-66
-45
42
167
299
417
462
440
274
81
10
-1
5
-13
-29
-29
-39
-41
-43
-45
-51
-53
-53
-54
-48
-48
-53
-54
-55
-54
-49
-46
-43
-44
-42
-39
-38
-43
-44
-37
-34
-42
-44
-37
-29
-29
-31
-25
-16
-17
-21
-17
-13
-11
-7
-1
1
7
11
13
15
19
20
24
32
39
38
37
46
51
52
55
62
63
62
66
73
72
60
48
40
30
23
15
5
-4
-17
-25
-33
-34
-40
-44
-42
-41
-43
-47
-53
-53
-50
-51
-54
-56
-51
-45
-43
-48
-50
-44
-45
-48
-44
-44
-47
-45
-43
-39
-39
-40
-39
-40
-44
-44
-43
-38
-40
-41
-41
-45
-46
-48
-44
-40
-43
-44
-40
-41
-52
-58
-56
-50
-48
-48
-51
-46
-39
-39
-34
-28
-25
-29
-28
-26
-23
-23
-25
-28
-29
-32
-35
-30
-36
-47
-57
-63
-61
-64
-71
-74
-67
-67
-73
-75
-77
-74
-72
-78
-80
-79
-81
-82
-76
-71
-74
-79
-73
-69
-38
51
174
308
408
437
406
219
46
-15
-9
6
-14
-33
-41
-46
-49
-57
-66
-66
-60
-62
-70
-70
-66
-60
-61
-63
-64
-61
-58
-56
-55
-54
-55
-52
-46
-45
-46
-46
-44
-46
-45
-43
-34
-32
-33
-33
-29
-26
-18
-15
-15
-10
-5
-4
2
12
15
15
16
19
27
37
42
45
46
44
43
52
60
66
69
68
69
67
63
57
50
42
30
24
13
3
-10
-19
-22
-24
-29
-34
-40
-51
-53
-47
-48
-55
-52
-47
-41
-41
-44
-46
-49
-49
-47
-48
-47
-47
-42
-42
-45
-43
-50
-52
-48
-41
-37
-46
-55
-49
-43
-45
-48
-46
-45
-49
-47
-45
-43
-45
-46
-44
-46
-50
-50
-47
-46
-45
-42
-42
-43
-37
-30
-31
-28
-24
-21
-23
-15
-14
-17
-20
-20
-30
-40
-32
-28
-39
-51
-55
-56
-56
-60
-65
-67
-68
-71
-69
-68
-69
-68
-72
-75
-70
-66
-67
-68
-65
-64
-64
-66
-55
-40
21
116
233
360
422
433
331
134
29
-29
-30
-30
-26
-31
-41
-47
-48
-44
-47
-55
-59
-57
-59
-50
-42
-45
-52
-54
-55
-52
-48
-44
-42
-43
-41
-44
-41
-37
-35
-37
-33
-34
-34
-32
-30
-22
-16
-7
-6
-12
-19
-12
-6
0
2
9
13
17
16
20
24
31
38
38
38
48
56
62
58
54
59
69
67
69
75
73
66
54
45
35
26
13
5
0
-12
-26
-36
-37
-37
-45
-43
-42
-38
-37
-43
-45
-47
-52
-48
-46
-55
-60
-47
-32
-34
-45
-50
-42
-38
-45
-47
-48
-49
-46
-47
-48
-45
-45
-49
-46
-40
-34
-43
-48
-48
-45
-42
-41
-40
-43
-46
-47
-48
-46
-40
-41
-44
-45
-37
-26
-18
-24
-27
-31
-30
-22
-14
-17
-13
-10
-8
-18
-26
-20
-29
-42
-54
-60
-57
-54
-56
-64
-66
-67
-70
-66
-60
-60
-64
-68
-69
-69
-68
-66
-62
-53
-54
-59
-60
-52
-3
105
241
377
446
450
361
148
31
-31
-31
-27
-28
-31
-39
-41
-42
-49
-53
-47
-46
-53
-54
-47
-44
-49
-55
-53
-51
-53
-51
-46
-43
-44
-47
-41
-35
-32
-36
-38
-34
-29
-25
-25
-29
-27
-19
-18
-17
-12
-11
-17
-13
-3
3
-1
4
11
18
18
20
28
33
36
42
45
49
49
51
54
60
65
61
64
72
78
70
57
47
38
30
22
14
-4
-23
-27
-27
-33
-39
-41
-39
-42
-47
-49
-43
-42
-48
-49
-48
-45
-47
-48
-49
-45
-39
-42
-45
-41
-40
-43
-39
-42
-48
-45
-40
-35
-37
-44
-43
-41
-41
-43
-47
-42
-43
-43
-35
-34
-36
-44
-47
-40
-43
-49
-53
-48
-40
-29
-27
-25
-24
-23
-26
-28
-22
-18
-18
-17
-15
-19
-18
-24
-24
-21
-31
-44
-56
-65
-66
-68
-66
-68
-67
-65
-63
-65
-73
-83
-80
-69
-68
-75
-77
-74
-71
-71
-68
-63
-61
-54
8
129
263
390
451
456
348
131
29
-11
-2
-8
-27
-31
-31
-37
-46
-51
-47
-43
-43
-51
-53
-54
-54
-53
-50
-45
-44
-40
-37
-36
-39
-48
-48
-40
-37
-40
-38
-31
-28
-25
-29
-27
-20
-18
-18
-12
-6
-4
-6
-4
1
7
8
13
18
22
25
31
38
46
43
44
50
51
49
50
62
66
69
73
76
74
73
72
72
63
52
44
34
28
13
-4
-11
-15
-19
-24
-26
-25
-29
-37
-42
-40
-37
-42
-47
-39
-34
-38
-42
-42
-42
-40
-44
-42
-36
-35
-39
-41
-38
-35
-41
-44
-41
-38
-41
-41
-37
-36
-33
-36
-38
-42
-47
-49
-42
-37
-41
-46
-43
-40
-44
-49
-49
-41
-38
-35
-30
-26
-25
-26
-26
-18
-13
-14
-21
-19
-18
-21
-21
-19
-23
-27
-36
-36
-34
-42
-57
-64
-65
-69
-68
-65
-62
-64
-70
-77
-76
-71
-72
-75
-71
-69
-70
-73
-67
-62
-59
-63
-21
90
215
346
433
457
391
168
37
-2
17
15
-15
-25
-33
-41
-49
-52
-56
-55
-56
-51
-52
-55
-55
-50
-47
-48
-51
-52
-46
-46
-48
-51
-46
-40
-39
-42
-41
-41
-36
-34
-30
-30
-29
-22
-16
-20
-17
-15
-9
-3
-1
-2
3
12
18
21
24
28
29
28
32
44
50
49
53
62
62
58
63
71
77
78
77
85
85
70
54
49
45
35
14
-1
-7
-6
-11
-23
-29
-34
-34
-34
-32
-31
-37
-43
-41
-36
-35
-36
-37
-34
-36
-41
-38
-33
-32
-34
-32
-29
-33
-35
-35
-25
-22
-26
-28
-23
-28
-39
-45
-37
-28
-27
-31
-29
-31
-32
-35
-34
-29
-27
-31
-37
-35
-32
-28
-34
-31
-18
-11
-10
-7
-6
-12
-13
-4
0
3
-4
-15
-21
-25
-19
-15
-24
-30
-46
-50
-50
-47
-48
-59
-61
-58
-59
-60
-59
-58
-57
-59
-57
-60
-69
-67
-55
-49
-49
-51
-48
-33
39
151
278
392
435
438
311
121
24
-22
-23
-24
-23
-23
-32
-37
-41
-48
-51
-51
-44
-44
-55
-56
-51
-48
-50
-47
-41
-41
-45
-42
-38
-37
-40
-41
-34
-32
-28
-28
-26
-22
-22
-24
-20
-7
0
-4
-5
0
2
3
6
14
15
14
25
32
35
39
38
43
52
59
58
66
71
68
64
65
73
76
79
81
82
84
80
71
65
54
37
21
13
6
-2
-9
-10
-16
-26
-29
-22
-20
-23
-33
-37
-36
-39
-41
-37
-31
-32
-36
-34
-22
-18
-27
-36
-32
-27
-27
-30
-26
-27
-28
-30
-28
-27
-31
-34
-30
-27
-27
-28
-32
-30
-32
-33
-32
-31
-34
-36
-35
-31
-32
-36
-34
-29
-19
-16
-15
-14
-13
-17
-15
-6
-2
0
-5
-13
-14
-18
-18
-16
-21
-28
-33
-45
-47
-44
-52
-65
-62
-62
-63
-63
-63
-56
-57
-64
-62
-56
-59
-63
-63
-55
-54
-54
-53
-43
16
127
250
385
456
458
353
140
37
-16
-22
-26
-23
-18
-26
-34
-38
-40
-46
-55
-51
-46
-49
-52
-47
-40
-40
-39
-32
-31
-34
-38
-34
-24
-21
-28
-26
-17
-16
-22
-23
-13
-9
-14
-12
0
7
8
4
9
12
10
11
20
26
27
24
30
37
42
46
50
58
57
56
59
66
69
71
74
80
83
82
81
85
85
78
67
63
52
40
26
16
9
0
-14
-18
-16
-20
-32
-37
-35
-37
-39
-39
-37
-39
-42
-41
-37
-36
-37
-46
-47
-44
-43
-42
-37
-34
-38
-39
-40
-38
-37
-35
-37
-36
-34
-33
-32
-33
-32
-30
-33
-37
-40
-46
-49
-45
-42
-42
-42
-38
-39
-39
-39
-33
-30
-31
-31
-26
-24
-25
-26
-23
-15
-19
-19
-22
-17
-19
-30
-33
-42
-46
-50
-58
-57
-57
-60
-65
-67
-73
-75
-79
-81
-79
-75
-76
-80
-74
-73
-74
-75
-69
-67
-71
-71
-69
-35
55
177
308
420
456
416
225
56
-6
-12
3
-13
-28
-42
-50
-49
-51
-59
-65
-61
-56
-57
-60
-58
-56
-57
-55
-50
-49
-49
-52
-51
-46
-46
-50
-49
-45
-44
-44
-42
-36
-33
-30
-29
-27
-28
-26
-23
-15
-8
-7
-9
-10
-3
1
1
5
18
23
24
26
29
34
36
38
47
52
51
49
56
59
59
59
64
65
62
54
49
43
31
16
5
2
-6
-19
-33
-36
-42
-48
-47
-40
-34
-39
-46
-49
-53
-53
-55
-51
-51
-50
-51
-48
-46
-46
-50
-51
-44
-41
-49
-54
-51
-50
-49
-51
-47
-48
-51
-52
-47
-43
-45
-46
-44
-45
-45
-48
-57
-59
-53
-50
-53
-54
-57
-60
-63
-53
-44
-45
-37
-25
-24
-31
-39
-37
-29
-23
-23
-17
-21
-30
-36
-36
-33
-36
-46
-54
-58
-64
-68
-69
-64
-64
-69
-74
-72
-69
-72
-73
-68
-69
-76
-78
-75
-72
-70
-65
-65
-63
-58
-32
55
179
302
396
424
400
233
70
-5
-18
-10
-24
-28
-26
-31
-43
-51
-50
-51
-56
-60
-57
-47
-43
-47
-47
-39
-40
-44
-49
-46
-42
-42
-46
-37
-32
-32
-28
-29
-32
-33
-30
-22
-10
-6
-12
-14
-13
-8
-9
-4
3
3
8
15
24
24
23
25
31
33
37
40
48
58
60
61
69
74
69
67
71
82
81
78
78
76
64
48
39
35
19
1
-6
-11
-15
-21
-36
-37
-38
-33
-39
-47
-42
-40
-45
-42
-33
-34
-41
-43
-41
-42
-39
-40
-38
-38
-40
-35
-27
-25
-31
-39
-39
-39
-35
-34
-32
-27
-28
-30
-33
-36
-30
-34
-43
-34
-32
-40
-43
-40
-43
-36
-34
-39
-35
-29
-29
-22
-16
-20
-25
-23
-15
-12
-20
-20
-11
-6
-13
-27
-22
-13
-27
-35
-42
-42
-51
-62
-63
-59
-60
-60
-67
-73
-58
-51
-57
-68
-71
-69
-65
-60
-58
-63
-67
-54
-48
-42
24
144
276
394
444
443
323
120
16
-35
-32
-30
-27
-24
-30
-42
-52
-51
-45
-46
-51
-55
-53
-48
-47
-53
-51
-48
-48
-47
-42
-39
-43
-46
-41
-36
-39
-37
-33
-30
-29
-26
-24
-22
-18
-22
-19
-5
3
2
1
4
0
-4
3
14
27
27
26
29
39
45
43
46
52
58
59
62
67
68
69
77
86
86
76
70
69
69
57
40
30
20
12
2
-9
-13
-23
-33
-35
-33
-34
-41
-41
-36
-33
-39
-41
-38
-37
-40
-39
-30
-28
-35
-42
-43
-41
-40
-39
-33
-26
-31
-41
-42
-34
-34
-37
-36
-29
-26
-34
-40
-38
-32
-36
-41
-36
-31
-38
-49
-47
-39
-40
-43
-39
-32
-32
-32
-25
-17
-19
-25
-26
-15
-6
-11
-9
-8
-10
-27
-31
-23
-25
-40
-50
-52
-52
-56
-61
-61
-57
-57
-65
-69
-64
-61
-67
-73
-68
-68
-71
-71
-66
-65
-69
-68
-61
-61
-28
70
203
343
443
463
408
204
52
-17
-19
-10
-21
-27
-35
-38
-41
-50
-54
-52
-50
-56
-60
-55
-51
-55
-58
-53
-51
-51
-55
-51
-49
-47
-46
-42
-39
-41
-41
-39
-35
-32
-33
-32
-24
-21
-28
-29
-20
-15
-18
-18
-12
-5
0
-2
3
12
16
14
23
34
40
35
31
37
48
51
49
53
56
58
64
70
71
66
59
55
49
36
24
15
8
-4
-15
-18
-20
-25
-38
-43
-42
-43
-45
-44
-43
-45
-47
-51
-52
-53
-56
-56
-52
-44
-44
-49
-49
-46
-46
-47
-44
-42
-44
-50
-49
-43
-42
-45
-47
-43
-42
-41
-46
-48
-51
-54
-57
-54
-47
-52
-59
-56
-50
-48
-53
-51
-48
-47
-47
-43
-32
-23
-30
-38
-36
-34
-27
-29
-26
-25
-30
-37
-38
-33
-40
-54
-58
-57
-63
-73
-73
-72
-71
-74
-78
-79
-76
-74
-72
-72
-74
-80
-84
-81
-77
-74
-76
-70
-60
-60
-44
40
164
293
408
454
427
248
58
-10
-6
11
-14
-29
-31
-37
-47
-53
-61
-66
-66
-66
-58
-55
-56
-60
-60
-55
-54
-58
-55
-51
-50
-54
-52
-51
-47
-50
-46
-37
-36
-41
-42
-39
-35
-31
-34
-30
-22
-20
-24
-20
-16
-9
-5
-5
-2
7
13
9
13
23
26
30
41
45
43
43
51
55
58
58
64
71
78
73
68
64
55
43
27
13
1
-10
-13
-12
-16
-33
-48
-48
-46
-51
-54
-50
-45
-46
-49
-46
-45
-53
-60
-55
-50
-47
-46
-43
-42
-46
-55
-55
-47
-46
-50
-48
-41
-33
-36
-51
-56
-50
-43
-43
-42
-43
-47
-52
-48
-40
-39
-47
-46
-44
-49
-59
-60
-47
-38
-38
-35
-30
-26
-34
-37
-29
-20
-19
-26
-25
-18
-17
-27
-33
-31
-35
-45
-48
-47
-54
-65
-66
-60
-57
-61
-70
-73
-73
-74
-78
-75
-70
-71
-75
-74
-70
-67
-69
-67
-56
-50
-38
34
148
267
372
412
412
279
84
4
-21
-10
-18
-26
-24
-35
-45
-53
-56
-54
-52
-57
-59
-53
-50
-52
-55
-53
-49
-51
-46
-37
-36
-43
-50
-43
-35
-31
-33
-31
-32
-31
-30
-29
-23
-23
-25
-17
-10
-7
-6
-2
4
6
5
9
19
28
26
23
26
31
37
44
56
67
67
55
54
65
75
73
73
80
84
80
81
76
66
51
35
23
19
7
-3
-7
-12
-19
-31
-30
-31
-38
-46
-43
-41
-42
-44
-47
-38
-32
-39
-42
-39
-40
-41
-40
-40
-43
-45
-48
-43
-38
-34
-35
-34
-41
-45
-45
-37
-31
-33
-38
-40
-36
-38
-47
-46
-33
-31
-37
-43
-36
-31
-36
-38
-35
-34
-33
-25
-24
-25
-25
-28
-17
-7
-6
-12
-22
-30
-34
-34
-30
-34
-41
-49
-62
-59
-57
-61
-63
-62
-63
-63
-67
-69
-70
-70
-73
-74
-68
-69
-74
-67
-59
-57
-61
-57
-40
34
143
268
379
430
433
299
104
11
-34
-35
-37
-35
-33
-42
-52
-51
-53
-62
-61
-55
-56
-57
-56
-54
-50
-51
-52
-48
-44
-48
-52
-51
-41
-37
-47
-49
-46
-39
-34
-34
-30
-21
-24
-25
-20
-20
-27
-22
-10
-3
-5
2
15
14
11
9
19
23
26
28
39
45
37
36
51
64
68
62
63
64
68
71
74
76
76
73
57
38
28
21
6
-4
-7
-16
-28
-33
-31
-36
-43
-43
-45
-43
-46
-45
-43
-47
-56
-57
-51
-41
-41
-49
-51
-45
-43
-46
-43
-40
-39
-44
-41
-39
-37
-45
-46
-38
-36
-40
-39
-33
-38
-45
-50
-48
-41
-44
-46
-45
-51
-55
-54
-49
-40
-29
-26
-26
-27
-28
-30
-32
-21
-15
-18
-22
-18
-17
-25
-28
-22
-25
-39
-47
-51
-49
-53
-59
-60
-62
-65
-69
-68
-65
-62
-66
-64
-64
-68
-72
-70
-65
-65
-60
-62
-61
-56
-15
90
222
359
438
450
383
175
40
-30
-25
-19
-21
-26
-31
-36
-37
-45
-53
-53
-57
-56
-55
-50
-49
-49
-49
-43
-38
-41
-48
-47
-38
-34
-38
-36
-35
-33
-32
-30
-25
-23
-30
-29
-22
-19
-19
-18
-14
-14
-11
-10
-2
4
4
5
12
23
23
18
24
35
38
36
40
49
54
51
58
71
78
71
61
65
73
76
68
64
52
38
28
19
10
-2
-17
-23
-24
-24
-30
-38
-39
-38
-47
-48
-43
-38
-37
-41
-40
-41
-42
-44
-41
-37
-37
-42
-40
-37
-38
-42
-41
-35
-35
-37
-39
-38
-33
-36
-41
-39
-35
-36
-38
-36
-34
-37
-41
-37
-37
-42
-48
-44
-40
-37
-38
-38
-35
-29
-27
-23
-15
-19
-24
-25
-18
-10
-13
-15
-13
-12
-18
-23
-17
-26
-40
-49
-48
-45
-47
-58
-64
-62
-60
-62
-58
-58
-61
-63
-66
-71
-70
-67
-63
-56
-53
-65
-68
-57
-51
-10
85
211
351
443
462
403
195
57
-4
-1
4
-9
-16
-24
-35
-44
-50
-50
-47
-45
-48
-50
-43
-36
-41
-53
-53
-46
-42
-48
-48
-43
-41
-45
-39
-33
-35
-35
-33
-29
-25
-25
-25
-24
-20
-18
-22
-17
-8
-2
1
9
11
7
9
14
21
24
26
33
42
51
51
45
54
58
61
64
72
77
76
77
81
88
80
68
60
56
46
31
23
13
6
-5
-12
-18
-25
-31
-36
-36
-35
-36
-40
-35
-28
-29
-41
-43
-40
-37
-40
-41
-38
-34
-36
-37
-34
-36
-42
-39
-36
-33
-34
-33
-32
-31
-36
-39
-27
-26
-34
-40
-39
-37
-36
-33
-33
-35
-40
-41
-39
-35
-34
-37
-38
-40
-37
-36
-31
-20
-15
-13
-11
-12
-17
-14
-7
-5
-9
-10
-20
-21
-21
-22
-21
-28
-34
-37
-51
-61
-58
-56
-57
-62
-58
-51
-53
-65
-68
-67
-65
-67
-58
-50
-52
-69
-66
-59
-55
-53
-43
16
119
243
377
448
460
362
140
43
12
19
5
-11
-14
-20
-32
-40
-43
-42
-46
-48
-48
-45
-43
-38
-39
-41
-39
-40
-44
-43
-43
-41
-35
-30
-34
-37
-31
-23
-21
-27
-25
-20
-21
-23
-18
-13
-9
-9
-6
1
7
11
8
10
12
20
27
34
37
38
38
40
49
54
56
65
74
77
75
80
83
87
90
90
87
78
70
59
50
38
28
15
8
-6
-15
-23
-24
-20
-23
-30
-36
-38
-34
-36
-45
-47
-42
-43
-44
-43
-42
-41
-44
-36
-29
-32
-38
-40
-40
-42
-42
-37
-36
-37
-38
-29
-24
-27
-41
-41
-36
-33
-35
-34
-33
-34
-35
-34
-34
-40
-45
-46
-35
-31
-32
-36
-29
-26
-30
-32
-25
-18
-15
-17
-18
-17
-8
-4
1
0
-9
-18
-24
-27
-20
-20
-32
-38
-41
-47
-48
-47
-45
-50
-62
-61
-53
-56
-64
-63
-62
-66
-68
-61
-57
-49
-50
-55
-59
-50
-41
-15
61
165
286
389
440
433
271
95
16
-9
-8
-22
-25
-24
-26
-33
-44
-43
-41
-42
-45
-48
-49
-45
-45
-41
-38
-41
-42
-33
-30
-31
-37
-38
-33
-27
-25
-27
-29
-30
-31
-30
-20
-9
-8
-6
-3
-5
-11
-6
2
8
9
12
20
24
28
24
34
45
49
47
52
58
62
65
70
73
75
79
81
86
86
80
84
91
87
76
57
38
29
25
12
4
-10
-19
-26
-25
-20
-26
-37
-39
-41
-41
-43
-43
-38
-33
-33
-33
-30
-31
-34
-40
-37
-32
-28
-31
-28
-22
-23
-30
-33
-29
-28
-30
-31
-26
-28
-34
-39
-34
-29
-31
-32
-34
-35
-34
-33
-35
-33
-32
-36
-33
-34
-38
-47
-44
-38
-36
-36
-33
-27
-28
-33
-34
-22
-17
-18
-20
-10
-4
-11
-9
-5
-10
-16
-19
-15
-13
-20
-33
-43
-48
-51
-54
-57
-47
-46
-52
-58
-60
-59
-60
-62
-62
-59
-55
-57
-65
-64
-59
-56
-49
-40
-31
29
146
277
399
449
452
330
126
30
-19
-15
-18
-14
-11
-16
-28
-36
-48
-49
-45
-43
-41
-38
-39
-43
-42
-38
-36
-38
-42
-41
-39
-34
-34
-38
-34
-29
-27
-31
-36
-35
-29
-25
-18
-14
-19
-16
-11
-8
-3
0
4
7
6
6
11
17
24
28
29
38
44
46
44
49
54
53
55
66
74
76
76
81
91
91
84
75
64
50
42
33
22
15
4
-8
-12
-17
-26
-30
-32
-35
-35
-41
-37
-35
-35
-43
-44
-42
-43
-43
-39
-33
-41
-47
-44
-38
-38
-43
-43
-33
-34
-42
-42
-39
-33
-29
-33
-37
-44
-42
-40
-31
-26
-34
-41
-43
-45
-42
-38
-39
-41
-42
-41
-39
-41
-39
-45
-51
-48
-45
-48
-50
-50
-48
-45
-40
-32
-26
-23
-27
-29
-24
-19
-19
-15
-14
-13
-25
-35
-38
-30
-25
-35
-41
-45
-53
-64
-63
-63
-62
-68
-71
-66
-65
-68
-72
-69
-64
-71
-75
-71
-65
-67
-67
-67
-67
-69
-67
-28
69
195
334
442
474
424
220
62
4
5
6
-14
-22
-28
-43
-47
-52
-51
-52
-56
-59
-57
-58
-60
-54
-50
-51
-55
-53
-46
-39
-44
-47
-42
-38
-40
-41
-36
-29
-29
-34
-28
-22
-25
-31
-25
-13
-11
-13
-15
-17
-10
1
11
10
5
10
16
21
23
26
36
47
54
58
58
58
55
60
63
65
67
73
75
82
79
68
59
50
40
27
16
9
3
-15
-28
-25
-31
-34
-37
-39
-48
-51
-47
-43
-51
-51
-46
-49
-45
-50
-53
-52
-48
-49
-52
-55
-54
-52
-47
-42
-41
-45
-44
-47
-49
-47
-39
-39
-45
-50
-46
-42
-45
-47
-47
-50
-53
-46
-45
-53
-57
-48
-43
-48
-54
-55
-49
-46
-48
-51
-50
-47
-44
-37
-32
-26
-25
-25
-24
-23
-25
-22
-10
-11
-10
-22
-27
-26
-22
-24
-31
-36
-42
-52
-57
-54
-55
-54
-55
-52
-55
-62
-63
-58
-57
-61
-67
-62
-55
-51
-61
-61
-57
-54
-54
-51
-4
103
227
356
444
461
394
183
51
6
25
29
5
-6
-14
-23
-27
-35
-43
-45
-38
-34
-34
-37
-34
-29
-29
-33
-36
-36
-34
-36
-34
-31
-28
-25
-23
-25
-23
-26
-28
-24
-20
-14
-13
-15
-15
-15
-11
-5
-1
0
0
6
16
18
15
16
24
31
34
39
47
55
57
56
55
59
65
70
72
76
81
82
84
85
80
74
65
57
45
27
12
6
0
-8
-17
-21
-24
-32
-40
-42
-40
-43
-45
-41
-38
-41
-51
-52
-48
-43
-38
-34
-33
-46
-52
-52
-49
-45
-39
-41
-42
-36
-34
-35
-37
-39
-41
-42
-38
-35
-38
-44
-40
-35
-30
-33
-40
-43
-44
-43
-40
-41
-37
-35
-38
-35
-38
-39
-46
-51
-46
-42
-37
-28
-21
-24
-22
-22
-21
-19
-22
-16
-12
-5
-15
-18
-23
-28
-28
-23
-27
-34
-46
-55
-54
-53
-56
-56
-55
-55
-55
-63
-64
-56
-54
-62
-64
-61
-61
-59
-53
-55
-55
-52
-44
-26
55
165
286
392
434
422
267
94
14
-15
-9
-14
-13
-23
-35
-41
-39
-39
-45
-48
-44
-39
-41
-43
-42
-45
-40
-36
-35
-28
-28
-36
-34
-35
-37
-33
-27
-21
-19
-23
-24
-19
-16
-14
-13
-14
-10
-5
0
8
10
11
13
17
20
31
32
31
37
44
44
46
56
59
58
64
75
80
76
74
74
79
82
89
96
95
83
71
64
56
47
37
28
20
2
-13
-26
-24
-24
-26
-28
-34
-34
-36
-37
-34
-30
-31
-30
-30
-35
-38
-40
-33
-23
-26
-34
-36
-32
-32
-29
-20
-20
-32
-34
-37
-32
-27
-29
-33
-27
-19
-27
-38
-30
-30
-33
-38
-40
-35
-30
-32
-33
-36
-40
-42
-38
-32
-32
-33
-28
-29
-29
-20
-16
-21
-15
-12
-14
-11
-13
-10
-5
-1
-7
-13
-13
-12
-24
-26
-34
-41
-47
-53
-49
-42
-43
-50
-56
-61
-64
-63
-62
-63
-63
-49
-42
-53
-56
-55
-50
-50
-42
-35
29
139
261
382
441
442
334
133
26
-32
-34
-27
-18
-15
-26
-26
-29
-40
-46
-44
-37
-36
-41
-39
-38
-39
-41
-33
-28
-33
-42
-37
-29
-27
-29
-27
-23
-27
-27
-26
-21
-18
-12
-12
-8
-7
-10
-10
-3
5
8
4
7
11
19
23
27
30
38
37
35
40
44
50
51
58
66
65
64
69
75
79
78
78
88
88
83
75
67
52
36
29
21
13
1
-17
-24
-26
-27
-32
-35
-37
-37
-41
-38
-35
-35
-43
-44
-39
-30
-31
-36
-35
-36
-36
-40
-39
-32
-33
-35
-33
-32
-38
-43
-39
-33
-31
-34
-28
-29
-27
-33
-37
-37
-33
-35
-37
-34
-28
-27
-30
-36
-44
-48
-46
-39
-39
-44
-42
-36
-29
-26
-24
-19
-16
-10
-16
-20
-15
-8
-9
-11
-8
-7
-16
-16
-10
-21
-35
-44
-49
-54
-51
-55
-60
-61
-64
-67
-62
-59
-61
-60
-60
-64
-63
-61
-57
-56
-61
-61
-58
-54
-54
-22
72
197
332
434
460
416
227
68
-3
-15
-13
-23
-25
-24
-30
-45
-54
-52
-49
-48
-45
-43
-44
-48
-53
-58
-50
-41
-40
-42
-42
-40
-38
-36
-34
-33
-33
-33
-30
-28
-25
-24
-25
-21
-16
-16
-15
-9
-4
-3
0
8
10
8
10
16
21
22
25
30
35
37
43
51
57
57
52
55
61
65
66
68
77
78
77
74
74
60
46
39
31
21
9
-1
-8
-14
-19
-25
-26
-27
-29
-37
-42
-41
-38
-38
-38
-35
-33
-37
-38
-31
-35
-43
-48
-46
-43
-38
-31
-26
-34
-44
-42
-40
-35
-33
-32
-32
-28
-24
-28
-34
-35
-37
-36
-38
-34
-34
-36
-40
-35
-30
-31
-42
-48
-43
-46
-48
-45
-39
-35
-28
-32
-30
-26
-25
-24
-23
-21
-18
-15
-10
-5
-13
-28
-33
-30
-19
-22
-32
-38
-44
-58
-63
-58
-65
-66
-67
-65
-61
-60
-60
-62
-63
-65
-62
-55
-56
-65
-73
-67
-63
-58
-57
-42
31
149
271
396
457
456
327
115
23