-100
-100
-93
-89
-88
-89
-88
-87
-82
-78
-78
-79
-76
-74
-68
-64
-63
-61
-62
-58
-49
-47
-49
-45
-41
-33
-28
-27
-27
-24
-15
-5
-1
0
4
12
25
33
39
44
51
61
78
87
97
105
119
133
148
160
168
178
189
201
211
215
218
225
230
234
232
222
211
201
194
177
150
126
107
88
71
50
31
12
-3
-13
-27
-41
-53
-62
-65
-70
-75
-83
-88
-89
-89
-89
-93
-99
-100
-101
-94
-95
-99
-104
-103
-98
-94
-97
-103
-107
-105
-100
-97
-100
-100
-100
-97
-96
-97
-98
-100
-97
-95
-93
-95
-96
-96
-94
-87
-88
-92
-93
-92
-88
-86
-90
-94
-95
-93
-89
-90
-94
-97
-97
-93
-92
-92
-96
-98
-96
-95
-99
-103
-105
-103
-98
-96
-103
-106
-106
-105
-100
-103
-108
-109
-110
-106
-104
-107
-110
-109
-107
-104
-105
-105
-110
-111
-108
-106
-106
-110
-114
-112
-108
-105
-108
-111
-110
-109
-107
-110
-112
-114
-112
-107
-106
-109
-113
-111
-111
-106
-107
-110
-112
-111
-109
-107
-108
-110
-110
-109
-108
-106
-106
-110
-112
-107
-105
-104
-109
-112
-110
-105
-107
-109
-113
-110
-104
-100
-101
-96
-91
-86
-76
-70
-74
-76
-74
-72
-65
-65
-66
-65
-69
-71
-67
-68
-74
-78
-79
-78
-83
-91
-99
-98
-96
-99
-106
-109
-112
-107
-107
-109
-114
-118
-120
-115
-112
-115
-118
-120
-121
-127
-157
-190
-212
-223
-216
-190
-146
-79
31
208
425
653
869
1055
1128
1065
944
750
493
283
128
14
-95
-185
-234
-251
-250
-233
-216
-195
-170
-143
-120
-104
-99
-98
-96
-92
-84
-82
-81
-80
-79
-78
-72
-73
-75
-73
-68
-62
-59
-58
-61
-58
-54
-49
-47
-46
-47
-42
-35
-30
-28
-30
-28
-19
-12
-10
-8
-4
4
13
19
24
27
33
41
56
63
70
79
89
101
116
126
134
145
160
176
189
197
205
215
225
232
235
238
238
239
236
229
217
197
179
163
145
121
95
71
52
37
20
3
-17
-29
-37
-43
-53
-65
-74
-76
-76
-80
-84
-91
-92
-92
-93
-93
-95
-101
-102
-101
-96
-98
-100
-106
-104
-101
-100
-102
-105
-107
-102
-99
-99
-102
-103
-102
-94
-96
-98
-101
-99
-97
-93
-94
-97
-100
-98
-95
-94
-95
-97
-97
-95
-95
-94
-96
-97
-98
-98
-98
-97
-101
-97
-99
-98
-100
-103
-106
-106
-103
-99
-102
-106
-107
-106
-103
-102
-107
-111
-111
-108
-105
-105
-108
-111
-111
-109
-107
-108
-112
-113
-111
-106
-108
-110
-113
-115
-113
-110
-112
-115
-116
-114
-109
-110
-113
-115
-115
-112
-110
-111
-117
-119
-118
-113
-112
-114
-117
-118
-116
-112
-114
-116
-115
-112
-113
-113
-116
-121
-119
-116
-115
-115
-119
-121
-119
-114
-113
-115
-119
-119
-116
-113
-117
-119
-120
-122
-117
-114
-115
-117
-114
-106
-96
-92
-92
-89
-86
-84
-81
-81
-83
-80
-73
-71
-75
-79
-84
-84
-84
-86
-87
-93
-100
-102
-102
-103
-108
-115
-123
-121
-119
-120
-122
-125
-128
-126
-124
-127
-131
-132
-131
-128
-130
-142
-170
-201
-215
-224
-227
-211
-171
-103
5
178
389
608
826
1017
1098
1038
919
730
482
280
123
1
-115
-205
-246
-259
-265
-255
-238
-214
-179
-149
-135
-124
-114
-107
-102
-102
-105
-104
-100
-94
-91
-92
-95
-92
-87
-81
-79
-79
-80
-79
-73
-68
-67
-68
-69
-64
-55
-51
-50
-50
-49
-42
-35
-32
-32
-30
-23
-16
-10
-6
-4
4
12
23
28
35
44
56
66
79
88
97
109
123
136
148
157
165
177
190
201
207
210
215
222
228
224
215
203
191
181
166
144
120
96
77
61
42
19
-3
-18
-28
-37
-50
-66
-73
-80
-83
-87
-93
-98
-101
-101
-100
-103
-108
-112
-113
-111
-108
-111
-115
-119
-114
-110
-111
-112
-115
-114
-111
-109
-113
-114
-115
-113
-108
-110
-113
-114
-112
-108
-105
-107
-110
-112
-111
-108
-107
-109
-111
-110
-108
-106
-105
-107
-110
-110
-110
-111
-113
-114
-116
-114
-110
-109
-115
-118
-115
-110
-112
-115
-122
-124
-122
-117
-116
-118
-123
-122
-121
-119
-121
-126
-127
-124
-122
-121
-123
-123
-126
-125
-125
-125
-126
-128
-128
-125
-125
-128
-130
-130
-129
-128
-131
-131
-130
-129
-125
-126
-125
-128
-128
-130
-127
-125
-128
-130
-128
-125
-126
-126
-131
-131
-127
-123
-123
-126
-129
-132
-128
-123
-130
-131
-130
-129
-126
-127
-131
-131
-132
-128
-125
-127
-131
-133
-132
-129
-129
-129
-132
-131
-125
-125
-124
-128
-132
-133
-127
-127
-129
-132
-137
-131
-125
-121
-119
-119
-116
-105
-98
-97
-101
-100
-98
-92
-90
-88
-89
-89
-90
-88
-91
-98
-106
-107
-102
-109
-119
-122
-121
-118
-122
-130
-134
-133
-132
-129
-133
-136
-143
-147
-145
-142
-144
-146
-146
-145
-147
-164
-203
-233
-246
-248
-230
-198
-145
-59
81
287
512
735
936
1067
1040
940
795
564
331
164
42
-54
-161
-236
-270
-281
-281
-266
-249
-233
-206
-175
-152
-139
-130
-127
-126
-118
-115
-115
-116
-116
-114
-110
-112
-108
-101
-101
-96
-95
-98
-98
-95
-88
-85
-79
-77
-79
-77
-72
-69
-68
-66
-62
-58
-51
-46
-41
-43
-39
-26
-15
-13
-7
-4
4
17
29
32
38
44
56
73
87
95
108
120
132
149
155
158
166
174
183
192
193
192
193
199
196
182
164
141
128
115
95
73
48
25
8
-7
-23
-44
-59
-72
-78
-84
-92
-105
-112
-114
-114
-120
-126
-129
-128
-125
-127
-135
-139
-138
-135
-133
-133
-137
-137
-141
-138
-137
-139
-139
-135
-136
-135
-136
-137
-135
-138
-137
-129
-132
-142
-145
-138
-133
-131
-135
-140
-139
-133
-130
-132
-138
-141
-140
-135
-135
-137
-145
-143
-134
-128
-134
-139
-146
-146
-144
-143
-143
-146
-151
-149
-143
-143
-146
-147
-152
-149
-150
-152
-154
-156
-155
-149
-152
-159
-160
-158
-160
-160
-162
-164
-160
-156
-152
-151
-155
-164
-169
-162
-161
-163
-165
-163
-165
-161
-161
-163
-165
-163
-157
-156
-159
-167
-171
-170
-165
-162
-163
-166
-166
-164
-162
-164
-165
-168
-166
-164
-163
-164
-170
-168
-167
-161
-162
-163
-168
-165
-162
-162
-168
-171
-172
-167
-160
-160
-163
-164
-160
-150
-146
-143
-141
-140
-138
-131
-129
-130
-129
-126
-122
-122
-127
-128
-132
-134
-135
-132
-137
-147
-151
-152
-150
-154
-166
-172
-169
-164
-165
-167
-174
-177
-176
-172
-173
-173
-176
-179
-178
-176
-188
-212
-249
-270
-278
-281
-268
-230
-166
-69
87
289
505
732
937
1051
994
864
691
451
238
90
-23
-110
-204
-272
-296
-305
-309
-301
-283
-261
-231
-204
-187
-174
-162
-152
-147
-149
-151
-150
-147
-140
-136
-139
-143
-141
-133
-126
-123
-125
-122
-117
-112
-111
-116
-114
-109
-99
-96
-95
-95
-95
-89
-81
-81
-79
-76
-72
-64
-54
-50
-46
-42
-35
-25
-16
-10
0
10
19
34
46
54
64
78
92
103
114
119
128
140
149
157
162
163
169
176
176
166
154
142
128
112
94
70
43
20
3
-12
-30
-50
-67
-79
-86
-95
-105
-118
-130
-135
-133
-139
-142
-149
-150
-148
-148
-150
-155
-155
-155
-155
-157
-160
-160
-158
-155
-156
-157
-161
-160
-156
-156
-158
-160
-159
-156
-154
-153
-155
-156
-154
-153
-149
-150
-152
-153
-150
-146
-141
-144
-148
-147
-150
-145
-144
-146
-150
-150
-146
-145
-147
-150
-153
-152
-148
-148
-150
-153
-154
-154
-153
-155
-155
-159
-161
-158
-156
-157
-161
-164
-162
-159
-160
-161
-164
-164
-161
-159
-159
-163
-166
-167
-165
-164
-166
-167
-166
-163
-162
-163
-166
-169
-169
-164
-164
-162
-163
-161
-162
-160
-165
-169
-168
-165
-159
-159
-162
-165
-166
-166
-162
-162
-166
-168
-168
-165
-164
-165
-167
-169
-167
-163
-164
-167
-167
-167
-164
-161
-163
-164
-165
-162
-159
-156
-153
-148
-146
-137
-130
-129
-132
-132
-133
-123
-117
-116
-119
-125
-128
-123
-123
-129
-134
-139
-137
-139
-145
-151
-154
-153
-154
-159
-165
-167
-164
-159
-160
-168
-173
-175
-171
-169
-170
-173
-176
-177
-180
-198
-233
-259
-274
-278
-264
-227
-171
-85
66
276
505
735
938
1073
1061
964
805
557
311
131
-1
-107
-210
-272
-298
-305
-294
-274
-256
-233
-201
-182
-162
-149
-146
-146
-147
-143
-136
-135
-135
-137
-135
-129
-125
-127
-128
-125
-120
-116
-116
-115
-115
-109
-103
-99
-99
-103
-99
-92
-86
-84
-85
-83
-77
-71
-66
-65
-61
-54
-47
-38
-32
-27
-21
-14
-4
8
16
22
33
46
63
73
83
92
107
123
138
146
152
158
169
179
186
189
186
184
185
177
163
145
123
102
86
65
41
15
-3
-21
-35
-49
-65
-79
-91
-100
-105
-113
-123
-129
-130
-133
-135
-141
-145
-143
-140
-141
-145
-148
-150
-148
-144
-145
-147
-153
-152
-150
-148
-149
-151
-151
-150
-147
-147
-152
-153
-153
-148
-145
-145
-149
-148
-147
-142
-139
-144
-149
-147
-143
-140
-139
-143
-147
-147
-142
-140
-139
-143
-146
-142
-139
-139
-142
-144
-144
-141
-142
-144
-150
-153
-152
-146
-150
-151
-152
-153
-154
-150
-152
-153
-157
-154
-150
-150
-152
-156
-158
-156
-154
-154
-155
-156
-156
-152
-153
-153
-155
-156
-154
-153
-155
-156
-160
-158
-153
-152
-154
-158
-158
-156
-153
-156
-159
-159
-159
-157
-154
-156
-159
-159
-157
-153
-155
-154
-160
-159
-157
-152
-150
-152
-155
-155
-155
-154
-154
-155
-157
-154
-152
-153
-156
-157
-157
-155
-150
-151
-154
-155
-155
-151
-149
-150
-153
-154
-158
-155
-150
-150
-152
-157
-158
-152
-152
-157
-157
-159
-155
-152
-153
-149
-151
-145
-139
-136
-133
-126
-123
-121
-121
-123
-122
-117
-113
-108
-113
-121
-122
-121
-117
-120
-126
-130
-133
-139
-143
-145
-150
-151
-157
-156
-156
-158
-163
-163
-160
-159
-160
-165
-169
-168
-164
-163
-167
-172
-181
-203
-232
-250
-266
-267
-251
-213
-147
-48
117
329
553
779
972
1072
1031
926
747
498
271
98
-31
-143
-233
-275
-294
-297
-283
-264
-241
-208
-186
-171
-154
-143
-140
-141
-142
-141
-137
-132
-131
-130
-129
-128
-123
-119
-120
-119
-115
-114
-109
-103
-106
-103
-100
-97
-92
-88
-90
-87
-86
-80
-75
-72
-71
-66
-61
-54
-51
-48
-43
-37
-27
-20
-17
-12
-2
10
24
33
41
51
63
75
89
100
109
122
134
147
158
165
173
183
188
193
195
192
189
184
173
160
139
119
100
79
58
37
13
-6
-23
-37
-55
-71
-83
-90
-97
-102
-111
-117
-119
-122
-121
-123
-130
-134
-135
-136
-137
-141
-144
-145
-144
-139
-138
-139
-143
-143
-141
-141
-138
-140
-143
-140
-138
-138
-137
-140
-141
-140
-138
-137
-139
-141
-138
-135
-135
-139
-140
-136
-134
-130
-134
-134
-133
-133
-135
-133
-134
-135
-135
-133
-132
-130
-132
-138
-138
-137
-137
-136
-139
-138
-136
-135
-135
-139
-141
-142
-140
-140
-142
-145
-144
-144
-143
-143
-146
-149
-147
-145
-142
-142
-147
-145
-145
-144
-141
-143
-146
-145
-144
-142
-139
-142
-145
-145
-145
-146
-144
-145
-145
-146
-143
-143
-141
-145
-146
-146
-144
-146
-150
-149
-147
-144
-143
-145
-146
-146
-146
-143
-147
-149
-151
-149
-145
-141
-146
-148
-148
-148
-147
-143
-147
-148
-146
-143
-143
-142
-146
-147
-146
-144
-145
-148
-147
-143
-142
-142
-143
-145
-145
-144
-142
-140
-142
-142
-141
-139
-140
-140
-144
-145
-142
-140
-138
-137
-141
-144
-143
-140
-137
-140
-142
-140
-137
-138
-139
-142
-141
-140
-137
-137
-140
-138
-138
-138
-136
-133
-136
-135
-137
-137
-134
-136
-137
-134
-133
-135
-136
-137
-136
-133
-132
-130
-130
-128
-122
-117
-109
-104
-103
-104
-103
-102
-96
-95
-95
-93
-96
-95
-95
-99
-102
-104
-104
-104
-108
-118
-121
-119
-122
-126
-130
-135
-131
-129
-129
-132
-138
-142
-139
-140
-140
-142
-145
-142
-142
-147
-166
-205
-226
-240
-242
-229
-196
-144
-53
104
309
533
752
950
1075
1056
963
806
567
332
152
18
-92
-189
-247
-271
-277
-265
-246
-230
-201
-170
-150
-136
-126
-123
-123
-122
-117
-117
-116
-115
-109
-105
-104
-105
-104
-100
-97
-94
-92
-95
-95
-90
-85
-82
-82
-80
-77
-74
-70
-68
-68
-65
-57
-54
-51
-46
-44
-39
-32
-25
-19
-15
-8
-2
6
16
25
32
39
49
63
76
87
100
109
118
131
142
152
162
172
182
191
196
199
204
207
205
202
194
185
174
155
137
118
92
73
52
32
11
-8
-24
-36
-47
-59
-71
-79
-88
-94
-98
-100
-108
-110
-112
-112
-111
-119
-124
-122
-119
-118
-122
-125
-128
-125
-123
-122
-124
-126
-126
-123
-123
-121
-123
-126
-124
-120
-120
-120
-122
-123
-124
-121
-118
-120
-124
-122
-120
-118
-118
-121
-120
-118
-119
-116
-117
-117
-118
-117
-118
-117
-121
-122
-121
-122
-123
-122
-125
-125
-127
-127
-126
-125
-128
-130
-130
-131
-131
-135
-137
-135
-135
-135
-137
-141
-141
-137
-133
-134
-141
-143
-139
-140
-138
-137
-141
-140
-137
-135
-137
-139
-142
-141
-140
-140
-139
-142
-143
-143
-143
-143
-145
-144
-146
-143
-142
-142
-142
-144
-144
-144
-142
-145
-147
-146
-145
-146
-147
-150
-148
-147
-145
-144
-145
-147
-146
-143
-142
-140
-144
-147
-147
-145
-146
-144
-146
-146
-144
-145
-146
-147
-150
-148
-150
-150
-149
-149
-149
-146
-144
-144
-146
-148
-147
-148
-150
-146
-152
-152
-149
-145
-144
-148
-153
-151
-146
-146
-147
-147
-149
-148
-150
-149
-149
-150
-153
-147
-145
-147
-152
-152
-150
-148
-149
-149
-152
-152
-154
-154
-153
-154
-152
-150
-149
-150
-152
-155
-152
-151
-151
-148
-150
-149
-144
-138
-133
-126
-122
-122
-118
-118
-120
-116
-111
-110
-111
-112
-114
-115
-118
-121
-124
-126
-132
-135
-139
-141
-144
-147
-156
-157
-156
-154
-156
-158
-162
-161
-161
-162
-161
-163
-165
-162
-166
-180
-210
-243
-263
-271
-266
-240
-196
-127
-12
174
391
616
833
1009
1047
966
848
656
408
211
66
-38
-142
-236
-279
-295
-304
-295
-275
-258
-230
-196
-176
-159
-145
-143
-143
-142
-140
-139
-138
-135
-130
-129
-129
-126
-126
-122
-119
-118
-117
-113
-107
-108
-106
-104
-102
-99
-96
-89
-86
-85
-88
-84
-77
-72
-68
-64
-61
-54
-45
-37
-34
-31
-27
-20
-12
-6
3
13
24
39
50
59
69
81
89
105
113
122
131
144
156
169
174
177
182
187
189
188
181
169
158
146
127
108
85
62
40
20
1
-13
-30
-47
-61
-76
-88
-97
-108
-116
-118
-124
-131
-132
-132
-134
-135
-139
-143
-146
-147
-145
-145
-146
-148
-149
-150
-147
-146
-146
-148
-147
-144
-145
-148
-147
-151
-150
-144
-146
-146
-146
-147
-143
-142
-141
-140
-143
-143
-140
-139
-137
-139
-140
-139
-137
-138
-143
-145
-144
-143
-142
-142
-146
-147
-147
-145
-144
-147
-148
-150
-148
-147
-147
-150
-150
-149
-149
-154
-155
-156
-156
-155
-154
-158
-156
-154
-152
-151
-151
-153
-159
-162
-159
-157
-157
-158
-157
-155
-154
-155
-156
-158
-158
-157
-156
-157
-160
-162
-160
-154
-154
-155
-160
-164
-159
-158
-158
-157
-159
-160
-158
-157
-157
-158
-159
-158
-158
-159
-157
-157
-156
-155
-155
-158
-158
-160
-160
-157
-157
-157
-160
-161
-157
-155
-157
-157
-161
-160
-156
-157
-159
-161
-163
-161
-157
-157
-158
-162
-164
-158
-156
-156
-158
-159
-156
-151
-153
-157
-157
-156
-153
-154
-153
-156
-157
-156
-155
-156
-157
-157
-155
-151
-146
-142
-139
-136
-130
-122
-123
-124
-125
-122
-121
-115
-113
-118
-121
-118
-115
-119
-122
-125
-127
-128
-132
-138
-142
-147
-149
-151
-154
-155
-155
-158
-159
-158
-159
-163
-165
-163
-161
-161
-164
-168
-177
-197
-232
-257
-274
-277
-258
-217
-150
-57
101
312
540
768
967
1078
1037
928
763
517
285
117
-10
-110
-206
-264
-288
-298
-294
-272
-253
-230
-201
-181
-165
-147
-141
-138
-136
-136
-134
-129
-129
-127
-128
-125
-121
-118
-116
-118
-115
-111
-107
-104
-103
-104
-101
-98
-95
-93
-88
-88
-82
-76
-75
-72
-69
-64
-57
-51
-51
-44
-44
-36
-26
-19
-14
-8
0
10
24
32
40
50
62
78
90
101
109
122
135
148
161
167
174
183
191
199
201
198
193
188
181
170
155
132
108
89
71
50
25
3
-14
-22
-38
-55
-71
-84
-91
-93
-99
-107
-116
-122
-124
-124
-128
-130
-132
-130
-129
-130
-135
-139
-140
-138
-137
-138
-141
-143
-142
-137
-136
-139
-143
-143
-140
-136
-137
-138
-141
-138
-134
-132
-135
-138
-137
-133
-130
-130
-134
-135
-135
-130
-128
-128
-131
-129
-127
-121
-120
-125
-132
-133
-134
-129
-130
-132
-135
-132
-129
-128
-132
-136
-139
-134
-131
-132
-137
-140
-144
-138
-136
-138
-141
-138
-137
-135
-137
-137
-140
-140
-140
-137
-138
-140
-142
-140
-137
-139
-143
-145
-142
-138
-139
-140
-142
-140
-139
-136
-138
-141
-144
-144
-140
-137
-141
-145
-148
-144
-138
-137
-143
-144
-144
-142
-140
-142
-144
-145
-143
-139
-141
-143
-146
-142
-142
-139
-140
-141
-146
-145
-140
-137
-139
-145
-149
-145
-140
-139
-142
-141
-141
-139
-136
-135
-139
-139
-140
-135
-135
-137
-139
-139
-139
-136
-139
-140
-140
-137
-137
-135
-136
-139
-142
-141
-135
-133
-138
-139
-138
-134
-131
-133
-138
-139
-135
-128
-128
-126
-123
-117
-107
-100
-102
-103
-103
-101
-95
-93
-94
-98
-100
-98
-93
-95
-102
-108
-107
-105
-110
-113
-121
-122
-123
-125
-132
-134
-135
-134
-133
-134
-138
-144
-148
-145
-142
-142
-145
-147
-150
-161
-190
-222
-242
-249
-239
-206
-157
-81
51
250
471
698
908
1067
1086
1005
867
645
393
194
51
-55
-161
-230
-266
-279
-273
-250
-232
-208
-181
-157
-137
-123
-119
-118
-117
-114
-108
-104
-106
-105
-103
-101
-95
-95
-97
-96
-92
-85
-82
-83
-86
-85
-79
-72
-68
-67
-68
-66
-60
-55
-50
-49
-50
-46
-36
-31
-27
-28
-23
-14
-4
-1
4
11
18
32
41
50
56
67
81
99
107
116
127
141
155
168
177
184
194
204
213
220
221
221
220
219
214
203
184
165
148
130
109
84
61
41
24
8
-13
-29
-42
-51
-57
-66
-79
-86
-92
-96
-98
-102
-108
-108
-111
-110
-109
-113
-118
-118
-115
-112
-112
-113
-117
-116
-113
-112
-115
-119
-120
-119
-115
-117
-118
-120
-118
-113
-113
-115
-117
-118
-117
-112
-113
-116
-116
-112
-110
-109
-112
-115
-113
-111
-107
-106
-111
-113
-110
-107
-110
-113
-114
-116
-115
-112
-114
-118
-122
-121
-118
-116
-118
-119
-120
-119
-116
-115
-119
-123
-121
-120
-118
-121
-125
-125
-121
-118
-118
-122
-125
-124
-123
-121
-125
-129
-127
-125
-124
-124
-127
-128
-127
-127
-122
-122
-125
-126
-126
-125
-123
-123
-126
-126
-125
-123
-125
-125
-128
-126
-123
-120
-125
-127
-128
-124
-122
-124
-129
-129
-127
-123
-122
-124
-126
-127
-126
-124
-123
-126
-127
-125
-122
-120
-124
-126
-126
-123
-122
-121
-124
-128
-126
-126
-122
-123
-129
-132
-127
-121
-123
-125
-125
-125
-122
-118
-120
-125
-126
-127
-125
-125
-129
-129
-127
-123
-120
-122
-125
-128
-124
-121
-119
-119
-117
-113
-110
-103
-95
-95
-95
-93
-91
-86
-85
-84
-81
-81
-83
-85
-86
-89
-93
-94
-94
-99
-106
-111
-110
-111
-116
-123
-127
-126
-124
-120
-126
-131
-134
-134
-131
-127
-130
-133
-134
-133
-136
-158
-197
-223
-234
-235
-220
-189
-132
-39
117
325
547
768
964
1087
1069
973
809
565
330
158
33
-77
-179
-238
-263
-268
-255
-236
-220
-193
-161
-139
-120
-110
-109
-108
-106
-101
-100
-101
-103
-98
-94
-91
-91
-93
-89
-85
-81
-79
-79
-79
-76
-71
-68
-67
-64
-65
-58
-51
-48
-49
-47
-42
-35
-30
-28
-26
-22
-14
-6
1
3
6
13
24
37
47
50
57
74
90
102
107
113
125
141
156
168
176
186
195
209
220
222
224
227
231
234
226
214
199
185
171
155
131
107
82
63
46
28
6
-13
-25
-35
-43
-52
-65
-74
-78
-81
-86
-91
-96
-97
-98
-96
-97
-101
-105
-105
-105
-103
-108
-110
-112
-111
-105
-105
-108
-109
-107
-104
-101
-108
-110
-109
-108
-103
-101
-106
-110
-109
-104
-100
-102
-106
-106
-102
-98
-96
-101
-104
-104
-100
-97
-98
-101
-104
-102
-99
-98
-100
-107
-108
-107
-102
-102
-106
-110
-108
-105
-105
-109
-110
-111
-109
-108
-108
-111
-114
-113
-111
-108
-110
-114
-116
-114
-114
-116
-116
-116
-113
-113
-112
-117
-119
-120
-118
-115
-112
-117
-120
-121
-119
-115
-117
-121
-120
-119
-118
-117
-118
-122
-124
-119
-115
-115
-119
-124
-120
-118
-116
-119
-123
-123
-119
-117
-116
-121
-124
-124
-119
-115
-116
-120
-122
-124
-119
-117
-122
-125
-124
-122
-117
-119
-121
-122
-123
-122
-120
-122
-124
-126
-122
-119
-120
-125
-128
-126
-123
-124
-125
-127
-125
-123
-118
-120
-123
-126
-124
-125
-125
-129
-130
-127
-123
-121
-122
-126
-128
-128
-127
-125
-126
-129
-128
-123
-114
-107
-105
-105
-101
-97
-92
-91
-90
-93
-87
-79
-77
-87
-94
-92
-89
-89
-94
-99
-103
-110
-111
-111
-113
-121
-125
-126
-124
-121
-128
-135
-135
-134
-133
-134
-134
-138
-136
-132
-131
-143
-164
-195
-220
-234
-243
-235
-205
-145
-54
82
275
493
722
936
1080
1056
950
806
589
361
189
53
-45
-150
-223
-254
-267
-277
-268
-242
-220
-189
-166
-150
-132
-119
-114
-113
-114
-117
-116
-109
-100
-99
-101
-101
-95
-92
-88
-89
-90
-88
-80
-74
-76
-79
-79
-76
-67
-61
-63
-64
-59
-53
-47
-43
-42
-38
-31
-25
-18
-16
-10
-6
2
10
18
23
30
40
53
66
75
81
93
108
123
135
139
142
157
178
189
194
198
204
214
222
223
214
208
202
194
183
162
137
116
97
79
58
33
11
-5
-23
-35
-47
-63
-74
-75
-81
-87
-98
-106
-110
-109
-106
-110
-114
-120
-126
-122
-118
-122
-125
-128
-124
-116
-118
-122
-125
-124
-123
-122
-124
-125
-124
-123
-122
-119
-122
-124
-121
-118
-116
-115
-123
-123
-119
-116
-118
-120
-121
-119
-112
-109
-110
-116
-120
-119
-115
-112
-117
-124
-126
-118
-115
-117
-123
-126
-123
-121
-119
-122
-127
-127
-124
-122
-122
-126
-131
-129
-125
-121
-124
-133
-138
-136
-132
-129
-130
-133
-132
-127
-122
-124
-131
-135
-133
-127
-122
-128
-135
-137
-137
-132
-133
-133
-134
-132
-131
-129
-132
-135
-133
-130
-126
-126
-130
-134
-132
-128
-124
-128
-132
-136
-133
-127
-124
-129
-132
-133
-130
-123
-127
-134
-134
-130
-125
-126
-132
-136
-135
-128
-124
-125
-129
-132
-130
-125
-125
-127
-132
-132
-128
-123
-123
-127
-131
-129
-124
-121
-123
-127
-130
-127
-121
-121
-124
-124
-117
-108
-101
-102
-100
-96
-93
-90
-89
-91
-88
-83
-76
-74
-82
-90
-90
-86
-86
-87
-92
-97
-103
-107
-106
-104
-109
-117
-118
-114
-113
-121
-125
-126
-124
-122
-125
-131
-135
-133
-127
-122
-130
-147
-180
-209
-221
-232
-233
-211
-163
-83
43
225
441
668
890
1070
1118
1035
901
694
445
249
99
-15
-123
-206
-241
-255
-263
-256
-236
-213
-179
-150
-133
-120
-107
-101
-97
-98
-100
-96
-98
-91
-86
-87
-87
-82
-79
-75
-73
-75
-74
-71
-65
-63
-63
-64
-61
-55
-47
-46
-44
-45
-40
-35
-27
-24
-24
-20
-13
-3
3
4
7
17
28
39
45
51
60
70
81
95
104
113
126
141
155
166
175
182
195
210
222
227
231
236
242
246
246
237
226
217
207
189
168
143
120
98
82
63
39
19
3
-11
-19
-32
-45
-54
-59
-63
-69
-75
-78
-83
-86
-86
-87
-90
-91
-90
-88
-88
-91
-95
-95
-93
-90
-92
-94
-98
-97
-92
-89
-90
-96
-95
-91
-88
-88
-91
-91
-90
-87
-83
-85
-92
-92
-87
-81
-80
-83
-86
-83
-81
-76
-80
-85
-89
-87
-81
-82
-85
-87
-88
-85
-81
-83
-88
-91
-92
-87
-87
-90
-94
-94
-91
-91
-91
-95
-96
-95
-94
-92
-94
-97
-98
-97
-95
-95
-96
-97
-97
-94
-95
-94
-97
-97
-96
-96
-97
-98
-100
-100
-97
-97
-100
-105
-104
-101
-96
-95
-97
-99
-101
-97
-92
-96
-100
-102
-100
-96
-96
-96
-100
-96
-94
-91
-93
-98
-99
-96
-93
-91
-92
-95
-100
-96
-93
-91
-94
-99
-101
-96
-92
-94
-96
-98
-96
-93
-93
-96
-101
-98
-96
-92
-93
-97
-98
-93
-91
-91
-95
-98
-99
-97
-93
-92
-96
-98
-96
-93
-92
-94
-98
-97
-95
-92
-94
-94
-94
-93
-88
-85
-84
-84
-79
-71
-60
-57
-62
-64
-64
-57
-51
-49
-53
-57
-59
-56
-53
-54
-65
-66
-65
-64
-69
-77
-83
-83
-86
-90
-92
-95
-98
-95
-94
-96
-101
-105
-107
-101
-95
-99
-103
-107
-117
-137
-171
-194
-210
-209
-188
-145
-80
21
192
407
636
859
1046
1135
1085
979
796
539
314
149
28
-78
-168
-216
-236
-238
-222
-200
-183
-156
-129
-110
-90
-78
-80
-81
-78
-75
-68
-67
-70
-70
-68
-61
-57
-59
-61
-57
-52
-46
-43
-44
-48
-44
-37
-33
-29
-29
-31
-25
-18
-12
-11
-10
-8
0
6
11
13
15
20
32
42
46
48
52
62
78
86
90
101
113
126
141
151
158
173
188
202
214
221
229
238
249
256
261
263
262
262
257
247
231
210
189
173
157
132
107
84
67
53
37
17
-1
-15
-23
-27
-35
-48
-54
-57
-55
-56
-64
-72
-71
-71
-69
-69
-71
-76
-76
-72
-70
-73
-77
-79
-76
-72
-71
-72
-77
-77
-71
-67
-72
-74
-76
-74
-69
-70
-72
-73
-72
-69
-64
-64
-73
-72
-70
-67
-64
-67
-69
-67
-65
-66
-64
-67
-69
-68
-66
-65
-66
-71
-72
-71
-67
-66
-72
-75
-74
-71
-72
-76
-80
-79
-79
-75
-76
-82
-84
-82
-79
-76
-79
-83
-83
-81
-75
-76
-80
-86
-87
-83
-80
-81
-88
-89
-85
-80
-80
-83
-86
-86
-83
-78
-80
-84
-86
-86
-81
-79
-81
-84
-86
-83
-78
-77
-80
-84
-82
-79
-78
-81
-86
-86
-81
-77
-78
-80
-85
-80
-80
-78
-80
-81
-82
-81
-79
-78
-80
-84
-83
-81
-78
-79
-84
-85
-81
-74
-74
-78
-83
-85
-78
-75
-76
-81
-85
-80
-75
-74
-76
-81
-81
-79
-76
-75
-78
-82
-81
-77
-75
-76
-80
-82
-80
-75
-75
-79
-84
-84
-82
-79
-78
-84
-86
-84
-79
-79
-80
-82
-79
-76
-76
-77
-77
-78
-74
-66
-60
-58
-57
-52
-48
-44
-45
-49
-45
-39
-31
-32
-40
-46
-44
-42
-39
-44
-52
-56
-62
-63
-61
-64
-72
-77
-77
-74
-74
-78
-84
-85
-83
-82
-83
-90
-91
-83
-83
-84
-91
-104
-132
-159
-174
-185
-187
-167
-122
-47
70
246
455
676
893
1080
1145
1078
958
766
518
308
147
24
-84
-166
-199
-216
-222
-207
-186
-161
-129
-104
-90
-77
-68
-63
-62
-62
-65
-61
-54
-49
-50
-53
-51
-46
-42
-37
-38
-40
-38
-32
-26
-26
-29
-28
-24
-16
-9
-12
-13
-10
-4
4
7
5
7
14
22
28
31
34
38
49
61
68
73
79
88
103
113
123
129
137
151
166
180
192
199
209
222
234
244
249
253
262
271
278
276
270
261
254
244
228
205
185
167
150
129
106
81
62
47
36
22
6
-10
-17
-21
-27
-35
-47
-51
-53
-51
-52
-57
-59
-60
-57
-55
-58
-65
-67
-64
-61
-60
-62
-67
-67
-64
-60
-61
-65
-69
-66
-60
-60
-61
-65
-66
-62
-60
-59
-62
-65
-64
-59
-56
-57
-61
-62
-58
-56
-55
-59
-62
-62
-59
-54
-55
-60
-62
-62
-58
-56
-58
-63
-65
-61
-60
-61
-65
-66
-64
-62
-64
-65
-71
-72
-68
-66
-69
-72
-76
-72
-68
-68
-71
-76
-78
-76
-70
-69
-68
-72
-73
-70
-68
-68
-75
-77
-74
-69
-68
-73
-78
-74
-71
-71
-73
-75
-79
-77
-71
-70
-75
-77
-79
-73
-69
-71
-75
-79
-75
-70
-71
-72
-79
-80
-78
-71
-70
-74
-78
-76
-74
-72
-71
-75
-76
-76
-71
-69
-71
-74
-74
-69
-66
-68
-74
-74
-71
-67
-69
-73
-75
-73
-68
-68
-73
-75
-73
-70
-64
-64
-70
-73
-71
-67
-65
-67
-71
-72
-68
-64
-63
-63
-70
-68
-63
-62
-63
-68
-75
-70
-63
-62
-66
-69
-70
-64
-61
-62
-65
-70
-70
-64
-61
-62
-66
-65
-64
-61
-63
-66
-69
-67
-66
-63
-66
-68
-69
-70
-66
-63
-66
-71
-71
-63
-63
-65
-68
-69
-67
-63
-63
-62
-66
-65
-62
-61
-65
-61
-62
-58
-45
-37
-37
-37
-37
-34
-30
-26
-27
-27
-30
-28
-25
-27
-36
-41
-43
-41
-44
-49
-60
-60
-56
-56
-62
-69
-74
-69
-67
-70
-75
-83
-83
-79
-76
-77
-79
-83
-83
-85
-109
-145
-171
-186
-186
-163
-128
-68
25
186
397
625
847
1037
1137
1092
989
831
592
364
201
86
-17
-118
-183
-210
-218
-211
-194
-174
-155
-125
-96
-77
-66
-61
-61
-57
-52
-51
-54
-56
-53
-43
-35
-32
-40
-39
-40
-35
-31
-30
-33
-32
-24
-16
-17
-20
-21
-15
-5
-1
-3
-3
-2
4
13
19
20
21
26
37
45
47
46
51
62
78
85
90
94
105
115
129
141
149
158
172
186
201
210
217
227
237
249
255
257
261
268
276
272
261
244
232
218
201
177
152
129
111
100
79
57
36
19
10
5
-7
-22
-33
-41
-43
-44
-52
-61
-66
-63
-57
-59
-66
-71
-74
-70
-69
-72
-76
-79
-77
-69
-71
-77
-83
-82
-76
-69
-72
-75
-76
-74
-70
-70
-69
-72
-70
-70
-64
-65
-69
-71
-72
-66
-62
-66
-66
-66
-64
-59
-60
-66
-72
-72
-68
-65
-69
-72
-74
-72
-66
-66
-71
-75
-76
-73
-69
-73
-81
-84
-82
-77
-78
-83
-88
-90
-84
-79
-79
-85
-91
-92
-84
-80
-81
-88
-90
-89
-83
-83
-90
-97
-96
-87
-81
-84
-87
-89
-89
-81
-82
-90
-93
-93
-88
-84
-86
-91
-93
-95
-89
-86
-91
-95
-93
-90
-86
-86
-90
-95
-94
-88
-85
-89
-92
-94
-92
-87
-85
-91
-95
-93
-87
-86
-90
-99
-99
-94
-86
-88
-91
-94
-91
-86
-82
-87
-92
-91
-89
-83
-82
-87
-91
-90
-86
-81
-82
-87
-91
-87
-81
-81
-86
-92
-91
-85
-81
-86
-91
-93
-90
-84
-81
-84
-89
-93
-88
-84
-82
-87
-88
-90
-84
-79
-82
-88
-90
-89
-81
-79
-84
-89
-86
-81
-71
-65
-67
-65
-59
-52
-51
-52
-59
-56
-49
-41
-40
-47
-53
-49
-43
-42
-52
-61
-65
-66
-68
-70
-74
-79
-83
-82
-76
-79
-84
-89
-91
-87
-86
-92
-99
-101
-97
-91
-88
-97
-113
-143
-171
-185
-199
-202
-181
-130
-54
63
240
449
677
904
1091
1159
1090
964
771
517
304
148
28
-79
-162
-201
-215
-223
-219
-201
-177
-145
-115
-101
-91
-76
-70
-67
-69
-69
-65
-58
-55
-54
-60
-59
-55
-50
-45
-46
-47
-43
-36
-36
-34
-33
-32
-28
-24
-18
-17
-18
-18
-11
-6
-5
-4
0
7
17
20
23
26
34
43
51
55
60
65
80
93
103
107
115
127
146
162
170
177
187
205
219
230
238
244
253
263
270
271
269
265
263
255
243
226
204
184
164
144
121
98
80
60
45
27
11
-2
-13
-20
-25
-35
-47
-53
-56
-55
-58
-63
-68
-71
-69
-66
-67
-69
-71
-71
-68
-66
-70
-77
-76
-74
-70
-69
-73
-78
-78
-73
-67
-69
-73
-77
-73
-66
-65
-70
-74
-75
-70
-67
-67
-71
-73
-71
-65
-65
-65
-69
-71
-71
-65
-63
-67
-70
-70
-69
-67
-70
-72
-73
-71
-67
-68
-72
-74
-74
-72
-72
-72
-76
-79
-76
-72
-74
-75
-79
-81
-79
-78
-82
-83
-84
-82
-79
-78
-83
-87
-86
-82
-80
-83
-87
-90
-88
-82
-82
-81
-86
-84
-84
-81
-82
-86
-89
-87
-81
-80
-83
-89
-90
-87
-82
-83
-88
-91
-91
-85
-81
-84
-91
-94
-90
-83
-86
-89
-91
-88
-88
-84
-85
-88
-89
-86
-84
-83
-84
-86
-88
-84
-85
-84
-86
-88
-88
-84
-85
-86
-90
-90
-87
-84
-86
-88
-90
-89
-86
-85
-88
-88
-87
-88
-85
-84
-88
-90
-89
-87
-84
-84
-91
-92
-92
-88
-86
-88
-92
-92
-88
-86
-84
-88
-93
-92
-89
-88
-90
-93
-98
-92
-88
-87
-91
-93
-93
-87
-87
-88
-93
-94
-94
-87
-84
-88
-88
-85
-76
-69
-66
-64
-58
-55
-54
-54
-54
-52
-50
-43
-46
-48
-53
-53
-50
-52
-57
-59
-66
-71
-73
-69
-73
-81
-88
-92
-87
-85
-86
-91
-93
-91
-90
-92
-99
-98
-98
-94
-96
-103
-132
-166
-186
-196
-197
-184
-150
-89
13
179
389
607
827
1026
1140
1106
1002
829
580
355
185
56
-59
-155
-205
-220
-225
-214
-201
-183
-152
-118
-100
-90
-82
-75
-69
-67
-67
-69
-69
-63
-59
-55
-58
-59
-57
-48
-46
-44
-47
-45
-39
-32
-34
-35
-35
-31
-21
-17
-18
-19
-16
-11
-2
2
1
2
9
16
25
29
30
36
43
54
62
68
74
81
92
108
117
126
133
145
160
177
188
196
204
217
233
244
251
254
259
270
274
271
264
257
249
241
223
200
177
154
134
116
94
70
51
37
24
12
-4
-17
-26
-31
-36
-42
-51
-59
-62
-60
-61
-64
-69
-71
-69
-64
-68
-71
-74
-73
-70
-69
-71
-74
-75
-72
-68
-69
-74
-73
-72
-68
-67
-70
-74
-72
-72
-68
-65
-66
-72
-70
-67
-63
-61
-66
-69
-68
-64
-59
-60
-66
-69
-66
-61
-62
-65
-67
-68
-66
-63
-66
-69
-69
-68
-64
-65
-70
-72
-71
-67
-67
-71
-74
-76
-74
-73
-72
-75
-79
-79
-75
-74
-72
-78
-79
-76
-72
-74
-78
-83
-83
-76
-74
-76
-82
-83
-81
-78
-77
-80
-85
-85
-82
-79
-77
-82
-85
-79
-76
-75
-76
-83
-84
-79
-75
-75
-80
-84
-82
-79
-79
-78
-81
-85
-83
-79
-79
-81
-82
-86
-81
-78
-79
-81
-82
-81
-76
-75
-77
-83
-82
-78
-76
-77
-78
-80
-79
-76
-74
-74
-80
-79
-77
-72
-72
-76
-78
-79
-78
-76
-76
-80
-80
-75
-71
-71
-74
-78
-79
-74
-68
-73
-80
-81
-77
-72
-72
-75
-79
-78
-75
-72
-75
-78
-79
-79
-74
-73
-73
-76
-76
-70
-68
-69
-74
-78
-76
-69
-68
-70
-75
-75
-70
-65
-66
-70
-68
-64
-55
-48
-44
-42
-44
-44
-40
-37
-37
-32
-30
-33
-38
-37
-38
-43
-45
-44
-45
-49
-56
-60
-60
-61
-64
-70
-74
-75
-70
-70
-75
-80
-83
-82
-79
-79
-80
-83
-86
-85
-93
-126
-161
-181
-191
-182
-160
-116
-46
70
254
471
694
908
1086
1142
1076
957
766
517
310
156
45
-61
-148
-192
-211
-214
-201
-183
-163
-138
-109
-84
-69
-62
-60
-57
-53
-49
-50
-48
-48
-44
-40
-37
-36
-34
-37
-32
-30
-29
-28
-25
-22
-17
-14
-13
-13
-14
-9
-3
0
5
6
7
14
18
24
28
31
37
45
50
53
60
67
80
89
95
101
109
118
131
144
155
163
172
186
201
212
224
232
246
258
262
269
274
270
276
280
276
266
253
236
222
202
181
158
134
114
97
77
58
38
23
10
2
-9
-19
-27
-33
-37
-41
-49
-53
-56
-56
-54
-53
-56
-65
-65
-62
-65
-68
-70
-73
-69
-67
-67
-64
-68
-68
-64
-62
-63
-67
-69
-66
-63
-66
-71
-69
-67
-62
-61
-60
-63
-65
-62
-59
-56
-54
-60
-58
-54
-58
-61
-60
-65
-61
-52
-52
-55
-62
-68
-62
-61
-60
-64
-68
-69
-64
-66
-72
-74
-76
-73
-69
-68
-68
-71
-71
-71
-71
-72
-73
-76
-72
-72
-75
-79
-83
-82
-76
-75
-74
-77
-82
-79
-77
-77
-79
-82
-83
-77
-75
-75
-79
-84
-80
-76
-76
-81
-83
-82
-78
-77
-79
-82
-84
-81
-78
-77
-78
-85
-86
-80
-77
-77
-80
-87
-86
-81
-78
-78
-80
-83
-80
-76
-75
-76
-81
-82
-74
-78
-79
-83
-84
-82
-77
-77
-78
-82
-84
-81
-77
-78
-82
-83
-79
-77
-75
-76
-81
-80
-76
-75
-73
-77
-81
-80
-74
-74
-76
-80
-80
-76
-74
-78
-80
-82
-80
-75
-71
-73
-73
-78
-75
-71
-69
-73
-73
-67
-55
-47
-46
-50
-47
-43
-41
-38
-38
-38
-34
-34
-37
-34
-39
-42
-43
-44
-43
-49
-58
-63
-60
-59
-63
-71
-79
-79
-72
-74
-77
-80
-84
-84
-78
-79
-84
-86
-81
-82
-91
-121
-159
-182
-191
-189
-164
-120
-50
63
244
457
685
903
1088
1162
1091
965
778
521
313
167
59
-43
-139
-191
-209
-211
-203
-189
-176
-151
-115
-88
-70
-63
-62
-60
-54
-50
-48
-51
-49
-44
-41
-39
-40
-41
-38
-34
-31
-27
-27
-28
-22
-17
-10
-11
-11
-12
-4
5
11
8
7
12
20
27
29
25
29
39
50
56
57
58
66
81
89
95
101
109
124
138
151
159
167
179
197
207
220
228
237
248
260
271
276
275
278
279
280
274
264
249
233
219
200
174
150
126
109
94
74
50
31
19
10
-1
-13
-22
-32
-35
-39
-42
-50
-56
-58
-54
-50
-52
-60
-64
-63
-60
-61
-63
-67
-69
-62
-60
-60
-66
-67
-63
-63
-63
-65
-66
-64
-62
-60
-60
-64
-65
-62
-58
-59
-62
-62
-62
-57
-56
-54
-56
-60
-59
-54
-54
-56
-60
-60
-56
-54
-57
-57
-61
-60
-57
-57
-62
-66
-65
-65
-62
-59
-65
-70
-70
-68
-67
-69
-72
-73
-72
-70
-68
-69
-73
-74
-68
-67
-70
-74
-78
-75
-69
-67
-71
-73
-76
-71
-71
-71
-76
-80
-78
-73
-73
-74
-78
-77
-75
-73
-72
-77
-79
-76
-75
-72
-75
-80
-81
-78
-78
-80
-82
-83
-79
-75
-76
-77
-82
-82
-78
-73
-76
-81
-84
-84
-79
-78
-79
-82
-85
-83
-79
-79
-82
-85
-85
-81
-75
-75
-81
-83
-81
-79
-77
-81
-84
-85
-79
-77
-79
-82
-82
-81
-77
-76
-79
-83
-85
-80
-78
-79
-79
-82
-84
-79
-75
-77
-83
-85
-80
-76
-73
-79
-84
-82
-78
-76
-77
-80
-83
-80
-77
-73
-74
-73
-66
-59
-50
-46
-51
-53
-51
-46
-43
-40
-38
-40
-43
-41
-39
-44
-52
-55
-50
-52
-59
-70
-74
-73
-69
-73
-80
-85
-84
-80
-83
-87
-94
-96
-93
-89
-90
-91
-96
-95
-96
-110
-141
-173
-190
-197
-188
-159
-114
-44
80
275
500
727
935
1098
1134
1060
929
718
465
264
119
7
-101
-182
-219
-231
-227
-207
-188
-170
-140
-113
-94
-81
-76
-78
-74
-66
-64
-65
-66
-63
-62
-57
-55
-54
-55
-55
-51
-47
-43
-47
-48
-42
-36
-34
-33
-35
-31
-24
-19
-17
-17
-18
-14
-5
0
2
2
5
12
21
26
29
34
40
53
61
70
79
87
96
111
121
131
144
156
170
181
191
201
209
218
228
241
244
242
246
251
250
244
232
214
200
184
162
141
116
92
74
56
34
16
-2
-17
-27
-38
-47
-57
-64
-66
-69
-71
-81
-87
-89
-88
-89
-91
-96
-98
-100
-98
-99
-99
-103
-105
-98
-97
-100
-104
-107
-104
-98
-98
-102
-106
-106
-101
-97
-97
-102
-103
-101
-96
-95
-99
-101
-100
-99
-94
-94
-98
-101
-98
-100
-97
-98
-99
-102
-99
-99
-100
-101
-104
-105
-104
-103
-103
-108
-109
-108
-105
-105
-110
-114
-118
-114
-109
-109
-111
-114
-113
-110
-112
-117
-120
-121
-118
-115
-115
-118
-120
-122
-119
-117
-119
-124
-124
-122
-119
-119
-121
-128
-127
-122
-122
-125
-127
-128
-123
-120
-123
-124
-126
-127
-122
-123
-125
-127
-130
-130
-125
-123
-125
-127
-129
-130
-126
-128
-132
-133
-131
-129
-127
-128
-130
-130
-131
-128
-126
-132
-134
-131
-127
-127
-128
-132
-132
-130
-128
-130
-132
-134
-134
-131
-131
-133
-130
-134
-132
-130
-130
-134
-133
-135
-132
-130
-131
-137
-139
-135
-131
-130
-131
-138
-138
-133
-130
-128
-132
-138
-137
-133
-131
-131
-134
-137
-133
-131
-134
-137
-138
-137
-131
-129
-128
-125
-121
-115
-108
-106
-106
-107
-103
-105
-101
-96
-97
-99
-99
-98
-98
-99
-105
-108
-106
-107
-112
-120
-125
-124
-125
-131
-135
-139
-138
-135
-134
-139
-142
-147
-147
-142
-142
-146
-147
-149
-147
-154
-180
-217
-240
-254
-251
-233
-197
-136
-37
132
347
573
791
979
1077
1035
932
763
517
293
131
10
-96
-200
-257
-279
-282
-272
-254
-237
-213
-183
-156
-143
-133
-130
-129
-127
-119
-119
-119
-119
-118
-115
-110
-108
-107
-108
-103
-100
-96
-96
-92
-92
-86
-84
-84
-85
-82
-78
-73
-71
-70
-69
-63
-57
-54
-52
-48
-45
-37
-27
-20
-17
-10
-8
2
13
21
29
38
50
64
74
82
93
103
117
131
142
151
162
173
185
194
200
204
204
208
207
202
190
177
161
146
126
106
83
59
37
21
5
-13
-33
-49
-63
-73
-81
-92
-101
-106
-111
-113
-119
-126
-128
-125
-127
-127
-133
-134
-136
-139
-140
-141
-144
-142
-138
-138
-142
-143
-141
-141
-141
-140
-141
-142
-143
-143
-138
-135
-134
-138
-140
-136
-136
-136
-141
-140
-141
-139
-136
-133
-136
-137
-135
-132
-133
-134
-139
-134
-132
-133
-133
-137
-141
-142
-138
-139
-142
-142
-140
-136
-138
-144
-149
-149
-149
-147
-144
-148
-152
-150
-150
-148
-148
-150
-152
-153
-149
-147
-150
-152
-155
-153
-151
-154
-159
-160
-161
-156
-156
-155
-156
-154
-150
-151
-155
-161
-160
-157
-155
-155
-159
-159
-162
-160
-159
-161
-159
-161
-161
-159
-155
-152
-159
-162
-162
-159
-159
-159
-160
-164
-159
-155
-157
-160
-161
-162
-164
-164
-162
-161
-165
-162
-159
-163
-163
-165
-163
-162
-164
-170
-170
-168
-169
-167
-163
-164
-163
-165
-165
-164
-166
-167
-168
-167
-167
-166
-170
-173
-171
-169
-171
-168
-166
-164
-157
-149
-144
-148
-150
-146
-136
-132
-133
-132
-128
-129
-134
-140
-140
-141
-145
-146
-144
-149
-157
-160
-162
-162
-166
-171
-174
-178
-178
-176
-180
-184
-187
-187
-182
-183
-187
-187
-190
-188
-189
-206
-243
-273
-290
-297
-283
-246
-187
-97
46
246
471
696
904
1035
997
876
724
497
272
113
-3
-83
-174
-256
-294
-312
-320
-316
-300
-279
-253
-223
-197
-182
-170
-163
-161
-159
-159
-158
-155
-151
-149
-147
-145
-145
-143
-140
-135
-134
-134
-133
-128
-126
-124
-123
-123
-119
-113
-110
-108
-107
-105
-101
-94
-87
-83
-79
-74
-72
-63
-57
-52
-47
-40
-32
-23
-14
-7
3
14
25
37
48
60
71
84
97
109
119
129
141
151
158
162
165
170
171
166
163
155
141
126
109
89
67
44
22
0
-20
-38
-58
-73
-86
-97
-107
-116
-128
-134
-140
-145
-150
-154
-159
-160
-160
-160
-159
-162
-166
-167
-167
-166
-168
-168
-170
-168
-165
-163
-165
-166
-169
-166
-164
-164
-164
-165
-164
-160
-161
-164
-165
-162
-162
-158
-158
-159
-161
-157
-156
-156
-157
-157
-158
-157
-159
-157
-159
-161
-159
-158
-158
-160
-161
-162
-159
-161
-163
-165
-164
-164
-161
-160
-164
-167
-167
-166
-166
-164
-166
-167
-168
-168
-168
-169
-174
-172
-171
-169
-169
-169
-172
-170
-169
-170
-171
-172
-175
-175
-173
-172
-171
-171
-174
-171
-171
-172
-173
-174
-174
-170
-170
-176
-177
-175
-173
-173
-173
-175
-175
-176
-176
-175
-175
-176
-174
-174
-175
-175
-176
-175
-176
-173
-174
-175
-174
-173
-173
-172
-172
-173
-174
-174
-174
-172
-175
-172
-175
-174
-169
-168
-169
-166
-163
-156
-151
-147
-144
-139
-136
-134
-133
-133
-131
-125
-120
-123
-126
-131
-131
-130
-131
-135
-139
-142
-150
-153
-153
-152
-159
-163
-167
-166
-166
-166
-167
-169
-171
-169
-173
-175
-175
-177
-177
-174
-178
-189
-217
-250
-268
-280
-281
-261
-220
-150
-41
133
348
577
804
997
1086
1032
913
721
465
249
84
-41
-154
-246
-288
-304
-310
-299
-281
-258
-230
-201
-182
-167
-157
-155
-153
-151
-150
-147
-145
-142
-138
-139
-137
-135
-132
-128
-127
-128
-127
-122
-118
-113
-112
-109
-109
-105
-100
-97
-96
-93
-91
-85
-80
-77
-74
-70
-64
-59
-53
-50
-44
-35
-27
-19
-11
-5
5
16
23
36
47
62
75
86
97
112
124
135
148
160
169
176
182
191
192
196
195
189
178
167
153
137
111
91
70
49
29
7
-18
-35
-49
-62
-76
-89
-98
-107
-115
-120
-127
-132
-136
-138
-140
-141
-143
-145
-146
-146
-147
-147
-150
-152
-154
-150
-149
-149
-152
-153
-152
-150
-149
-151
-151
-149
-150
-147
-145
-146
-146
-146
-145
-144
-146
-146
-143
-141
-144
-142
-141
-139
-141
-141
-140
-139
-141
-141
-141
-140
-140
-141
-141
-141
-139
-139
-141
-140
-139
-140
-140
-140
-146
-148
-146
-144
-145
-147
-150
-150
-150
-149
-149
-149
-151
-150
-152
-151
-152
-153
-152
-150
-152
-151
-151
-153
-153
-150
-150
-151
-151
-153
-155
-153
-152
-153
-153
-153
-153
-152
-152
-154
-153
-153
-153
-152
-152
-152
-151
-151
-154
-154
-151
-150
-150
-149
-149
-149
-148
-148
-149
-147
-148
-147
-148
-150
-149
-147
-145
-146
-146
-147
-147
-147
-148
-147
-147
-146
-147
-147
-148
-144
-143
-147
-148
-148
-147
-145
-145
-146
-149
-151
-148
-145
-145
-146
-148
-146
-144
-145
-146
-147
-143
-139
-137
-132
-127
-123
-120
-113
-110
-110
-112
-114
-110
-104
-100
-99
-103
-108
-106
-104
-106
-109
-116
-119
-120
-121
-129
-130
-133
-135
-137
-138
-140
-142
-141
-141
-144
-147
-149
-150
-150
-149
-147
-149
-151
-154
-164
-192
-222
-237
-249
-247
-224
-177
-107
15
198
416
645
860
1034
1085
1019
895
688
432
227
72
-48
-158
-233
-267
-280
-279
-262
-244
-223
-190
-165
-148
-134
-128
-125
-126
-124
-124
-119
-116
-113
-112
-111
-109
-105
-102
-102
-102
-101
-95
-92
-92
-92
-90
-87
-82
-82
-76
-75
-73
-70
-66
-63
-58
-54
-49
-44
-40
-35
-32
-26
-18
-11
-3
2
9
19
32
40
47
58
70
83
96
108
121
132
143
158
168
178
186
196
204
210
212
214
213
210
202
190
177
157
136
115
94
73
51
30
10
-8
-20
-35
-51
-64
-74
-81
-91
-97
-103
-109
-111
-113
-118
-121
-123
-123
-123
-125
-127
-128
-128
-128
-127
-130
-133
-133
-132
-130
-130
-128
-132
-130
-129
-128
-129
-132
-132
-131
-128
-128
-128
-130
-130
-129
-126
-125
-126
-127
-129
-127
-124
-124
-127
-128
-127
-123
-123
-125
-129
-129
-127
-125
-127
-129
-129
-131
-128
-128
-130
-133
-133
-129
-130
-131
-133
-136
-136
-135
-136
-135
-139
-138
-137
-135
-136
-139
-140
-140
-138
-137
-140
-142
-140
-141
-138
-140
-141
-144
-142
-140
-139
-141
-146
-146
-144
-143
-143
-144
-146
-147
-146
-143
-141
-142
-147
-147
-146
-144
-144
-146
-147
-143
-142
-144
-146
-147
-147
-144
-143
-146
-148
-147
-147
-141
-146
-147
-149
-145
-145
-145
-147
-149
-149
-147
-150
-151
-150
-149
-148
-148
-148
-149
-151
-151
-150
-148
-151
-151
-150
-150
-149
-145
-147
-149
-150
-148
-145
-145
-149
-150
-149
-147
-145
-145
-147
-146
-147
-145
-143
-145
-148
-147
-146
-145
-145
-147
-149
-148
-147
-145
-143
-143
-147
-145
-144
-144
-145
-148
-148
-145
-143
-144
-146
-148
-146
-142
-143
-145
-148
-147
-146
-142
-144
-144
-146
-147
-146
-141
-144
-144
-142
-142
-143
-143
-143
-146
-146
-143
-143
-145
-145
-145
-142
-140
-139
-134
-132
-128
-117
-112
-113
-114
-113
-110
-103
-101
-101
-101
-107
-107
-103
-104
-111
-115
-116
-115
-120
-127
-132
-133
-133
-134
-139
-143
-145
-144
-145
-146
-149
-151
-152
-149
-146
-147
-150
-152
-155
-165
-195
-224
-242
-251
-245
-219
-177
-106
12
196
411
634
845
1016
1071
1009
889
689
436
227
74
-44
-152
-231
-267
-281
-277
-257
-242
-217
-188
-164
-146
-131
-126
-127
-128
-126
-121
-118
-118
-117
-117
-110
-106
-105
-107
-104
-102
-99
-96
-95
-95
-94
-89
-84
-83
-81
-81
-76
-72
-67
-65
-63
-61
-58
-51
-46
-43
-39
-34
-27
-20
-14
-9
-4
4
17
24
31
36
48
61
74
85
98
106
121
133
148
157
164
173
185
193
200
205
210
213
214
211
204
192
177
161
145
123
102
78
55
38
21
-2
-19
-33
-46
-56
-67
-81
-89
-93
-96
-100
-106
-113
-115
-116
-116
-118
-122
-126
-125
-126
-125
-126
-124
-126
-124
-123
-122
-124
-127
-130
-126
-122
-122
-123
-121
-123
-121
-122
-126
-127
-124
-124
-119
-118
-120
-123
-123
-120
-118
-122
-125
-125
-122
-119
-119
-119
-120
-122
-122
-122
-123
-126
-124
-123
-121
-121
-122
-123
-125
-126
-124
-127
-129
-132
-131
-129
-129
-135
-137
-135
-133
-130
-131
-136
-136
-136
-135
-136
-137
-142
-141
-138
-134
-135
-139
-138
-138
-136
-136
-135
-134
-136
-136
-136
-134
-135
-139
-144
-142
-139
-139
-140
-141
-139
-137
-137
-138
-139
-138
-137
-135
-136
-138
-141
-140
-139
-138
-139
-139
-138
-135
-133
-134
-136
-140
-141
-138
-138
-138
-141
-139
-136
-137
-143
-145
-143
-143
-140
-138
-141
-143
-146
-143
-138
-136
-139
-141
-140
-138
-135
-136
-140
-140
-137
-137
-138
-139
-141
-142
-139
-136
-136
-139
-143
-140
-137
-138
-139
-142
-142
-137
-137
-137
-139
-140
-137
-133
-133
-138
-142
-141
-141
-137
-134
-137
-142
-143
-142
-139
-138
-141
-141
-139
-136
-135
-138
-139
-137
-137
-137
-136
-139
-141
-137
-133
-132
-130
-126
-122
-115
-108
-105
-107
-110
-112
-105
-97
-94
-95
-101
-101
-99
-102
-104
-111
-111
-112
-115
-122
-126
-130
-132
-129
-131
-135
-141
-142
-141
-139
-143
-147
-145
-145
-144
-145
-147
-149
-156
-174
-207
-236
-254
-259
-246
-209
-147
-58
86
285
508
735
943
1070
1037
931
787
566
334
161
33
-59
-157
-231
-267
-281
-285
-271
-251
-235
-209
-178
-155
-137
-128
-123
-125
-125
-122
-115
-117
-118
-116
-114
-111
-109
-106
-108
-104
-100
-95
-95
-94
-95
-89
-86
-86
-84
-83
-78
-70
-66
-64
-64
-61
-56
-49
-40
-39
-37
-30
-21
-13
-12
-9
2
9
15
28
37
45
55
67
80
94
106
115
127
144
155
164
173
181
190
199
205
209
212
211
211
206
191
176
162
147
132
110
85
63
43
24
8
-11
-33
-49
-59
-67
-74
-83
-94
-101
-102
-104
-108
-112
-117
-119
-119
-119
-121
-128
-130
-127
-123
-123
-128
-130
-128
-123
-122
-124
-126
-128
-125
-120
-120
-122
-123
-122
-120
-113
-118
-120
-121
-118
-116
-115
-117
-120
-121
-117
-114
-116
-118
-118
-119
-116
-116
-117
-119
-120
-116
-113
-117
-120
-125
-123
-118
-117
-123
-125
-124
-121
-118
-120
-125
-126
-124
-122
-120
-124
-128
-127
-127
-124
-124
-128
-132
-130
-127
-124
-126
-130
-132
-130
-128
-126
-130
-132
-131
-128
-123
-124
-127
-130
-131
-128
-128
-130
-133
-132
-130
-124
-127
-131
-131
-130
-129
-125
-128
-129
-131
-129
-128
-125
-128
-131
-132
-128
-128
-130
-131
-133
-130
-127
-129
-131
-133
-132
-129
-126
-128
-129
-130
-130
-125
-124
-129
-132
-130
-127
-123
-125
-130
-130
-130
-127
-125
-126
-131
-129
-125
-121
-123
-123
-125
-124
-124
-122
-124
-127
-127
-123
-121
-121
-123
-127
-125
-120
-116
-113
-110
-106
-100
-90
-88
-90
-91
-86
-83
-77
-74
-75
-83
-86
-84
-81
-84
-91
-93
-90
-94
-100
-106
-108
-108
-108
-108
-113
-116
-119
-115
-112
-118
-124
-126
-123
-120
-119
-123
-127
-132
-138
-164
-197
-221
-233
-227
-199
-153
-83
28
209
427
660
882
1064
1132
1069
947
753
493
278
117
6
-98
-184
-230
-251
-255
-242
-219
-199
-175
-149
-129
-110
-99
-97
-99
-98
-95
-87
-86
-89
-88
-86
-82
-76
-77
-77
-77
-70
-64
-62
-63
-64
-61
-56
-54
-51
-51
-49
-47
-38
-32
-29
-30
-27
-19
-11
-10
-7
-2
3
15
26
29
35
44
55
67
74
79
87
103
124
141
158
175
193
200
202
206
210
213
227
242
253
252
244
240
238
234
226
208
189
171
156
138
115
88
68
49
33
17
0
-16
-28
-37
-45
-53
-62
-71
-75
-78
-80
-83
-86
-87
-88
-89
-89
-90
-96
-95
-93
-93
-95
-99
-99
-96
-93
-94
-96
-100
-100
-95
-91
-96
-98
-100
-95
-88
-83
-89
-93
-92
-89
-85
-88
-93
-92
-89
-84
-83
-86
-87
-86
-83
-81
-84
-88
-92
-89
-83
-83
-84
-88
-90
-86
-83
-82
-86
-91
-90
-84
-82
-85
-87
-89
-92
-90
-91
-93
-93
-92
-92
-90
-93
-95
-96
-96
-94
-94
-98
-100
-98
-94
-96
-99
-99
-100
-99
-95
-94
-94
-97
-97
-94
-92
-93
-95
-99
-98
-94
-92
-97
-100
-101
-98
-93
-92
-96
-97
-93
-90
-86
-91
-99
-99
-97
-93
-93
-97
-98
-96
-93
-92
-91
-93
-91
-90
-90
-89
-93
-99
-100
-95
-92
-92
-93
-93
-92
-89
-88
-92
-96
-97
-96
-91
-92
-96
-98
-96
-91
-89
-91
-96
-95
-91
-89
-87
-91
-94
-90
-88
-87
-89
-91
-95
-94
-88
-83
-84
-85
-79
-69
-61
-58
-56
-61
-61
-59
-53
-53
-53
-50
-46
-45
-48
-51
-53
-55
-57
-57
-64
-73
-80
-77
-74
-78
-86
-91
-92
-90
-88
-91
-95
-98
-98
-96
-96
-97
-102
-103
-101
-102
-125
-162
-189
-198
-199
-185
-152
-99
-10
139
344
565
787
989
1126
1119
1025
869
628
388
208
77
-32
-133
-195
-221
-225
-217
-202
-187
-161
-129
-103
-87
-78
-77
-75
-68
-64
-65
-65
-67
-63
-57
-54
-52
-58
-56
-50
-44
-42
-45
-46
-42
-35
-30
-31
-30
-30
-25
-18
-15
-14
-16
-12
-5
4
6
8
10
15
28
36
38
40
45
54
65
73
78
87
98
114
128
136
148
160
178
190
200
207
217
231
244
253
258
259
266
270
271
264
255
240
225
210
192
168
142
122
101
85
68
46
25
8
-4
-13
-27
-41
-48
-50
-50
-56
-64
-69
-72
-73
-70
-71
-76
-80
-76
-74
-75
-78
-81
-83
-80
-76
-78
-81
-84
-85
-79
-76
-80
-84
-82
-80
-75
-78
-80
-85
-83
-79
-74
-75
-79
-80
-77
-74
-71
-76