18104
18216
18344
18400
18408
18416
18424
18384
18264
18192
18144
18000
17776
17704
17576
17512
17328
17240
17256
17200
17144
17096
17104
17080
17056
17080
17096
17080
17096
17080
17160
17208
17160
17160
17216
17280
17272
17264
17248
17312
17344
17288
17240
17304
17336
17336
17368
17392
17416
17392
17360
17392
17456
17472
17416
17392
17464
17456
17408
17432
17496
17488
17440
17512
17504
17536
17472
17488
17512
17576
17520
17536
17512
17600
17584
17520
17520
17536
17608
17560
17552
17608
17600
17568
17568
17664
17624
17584
17616
17680
17664
17616
17632
17656
17696
17648
17608
17688
17696
17672
17688
17704
17736
17704
17656
17696
17784
17720
17680
17672
17784
17784
17728
17712
17768
17776
17752
17768
17800
17848
17832
17776
17816
17856
17792
17728
17704
17816
17800
17800
17816
17856
17840
17776
17824
17832
17800
17760
17824
17880
17864
17832
17864
17880
17936
17856
17832
17824
17896
17888
17880
17888
17912
17896
17848
17896
17928
17904
17856
17928
17960
17992
18032
18040
18144
18176
18160
18128
18288
18344
18400
18424
18472
18504
18480
18392
18440
18440
18336
18192
18152
18208
18024
17896
17856
17928
17952
17904
17904
17936
17928
17928
17904
17920
17952
17888
17872
17856
17992
17944
17800
17568
17440
17760
18248
19016
20224
21328
22544
23824
23632
21704
19752
18768
18256
17960
17888
18024
18256
18264
18200
18152
18136
18144
18176
18136
18144
18144
18176
18168
18192
18248
18248
18192
18184
18256
18232
18264
18256
18288
18304
18344
18304
18376
18392
18360
18408
18440
18464
18440
18448
18528
18616
18584
18536
18600
18744
18776
18744
18768
18864
18904
18896
18968
19064
19088
19136
19224
19272
19360
19480
19536
19648
19888
19960
19968
19960
19856
19824
19944
20088
20208
20160
20096
20120
20032
19872
19672
19600
19496
19384
19168
18976
18856
18928
18888
18800
18792
18696
18536
18416
18504
18912
18808
18576
18592
18672
18752
18552
18480
18520
18568
18752
18504
18032
18120
18584
18720
18648
18512
18344
18264
18448
18656
18592
18512
18416
18528
18392
18560
18448
18432
18544
18640
18568
18744
18560
18600
18648
18584
18480
18424
18616
18640
18576
18520
18392
18264
18360
18616
18672
18680
18528
18480
18448
18432
18584
18616
18544
18472
18640
18856
18544
18136
18568
18776
18768
18504
18536
18592
18464
18376
18680
18768
18584
18384
18472
18632
18488
18488
18480
18488
18568
18784
18664
18520
18584
18416
18552
18624
18408
18384
18528
18528
18440
18552
18768
18928
18984
18584
18464
18336
18504
18672
18648
18728
18728
18600
18760
18664
18608
18856
18856
18904
18800
18816
18832
18840
18792
18856
18896
18608
18696
19160
19176
18816
18584
18824
18856
18856
19024
19064
19064
19208
19312
19352
19216
19280
19104
19064
19144
19096
18936
18800
18576
18520
18712
18608
18504
18616
18456
18376
18576
18408
18360
18552
18536
18608
18344
18232
18368
18648
18464
18136
17632
18104
18648
19240
20536
21808
22976
24400
24672
22824
20728
19760
19168
18832
18624
18424
18464
18648
18712
18592
18432
18456
18376
18408
18456
18616
18632
18544
18664
18416
18336
18488
18400
18584
18464
18552
18592
18592
18712
18608
18504
18560
18440
18464
18528
18792
18920
18584
18672
18440
18720
18888
18728
18736
18768
18968
18936
18760
18896
18888
18984
19192
19016
19264
19328
19120
19040
19304
19424
19472
19472
19664
19696
19672
19792
19824
20048
19832
19872
19968
20232
19960
19848
19728
19696
19536
19216
19088
18992
19136
18736
18480
18472
18304
18192
18264
18112
18000
18016
17952
18008
18080
18152
17976
17792
17888
18016
17936
17896
18104
18208
18072
17592
17808
17864
17952
17976
18064
18160
17880
17792
17912
17784
17920
18008
17848
17840
18072
17928
17872
17912
17784
17776
17800
17784
17696
17808
17888
17640
17808
17712
17608
17784
17720
17480
17528
17672
17640
17432
17624
17688
17352
17584
17608
17408
17416
17472
17480
17464
17376
17464
17384
17392
17400
17416
17296
17384
17384
17416
17448
17376
17232
17384
17296
17368
17288
17128
17096
17248
17208
17208
17160
17272
17232
17208
17128
17288
17272
16984
17048
17312
17232
17000
17176
17024
16936
17096
16976
17072
17224
17472
17280
16952
17192
17304
17312
17328
17360
17608
17576
17376
17432
17320
17424
17568
17552
17056
17192
17344
16880
16616
16720
16816
16800
16712
16776
16576
16536
16664
16640
16712
16696
16616
16472
16568
16632
16552
16488
16232
15984
16272
16864
17536
18672
19872
21384
22944
23040
21136
18976
18016
17280
16736
16600
16664
16728
16720
16744
16712
16616
16616
16616
16456
16584
16528
16480
16496
16616
16608
16464
16504
16424
16552
16632
16568
16608
16568
16632
16440
16600
16544
16696
16736
16712
16552
16640
16712
16744
16592
16664
16672
16624
16840
16976
16792
16768
16896
16848
17008
17048
17008
17280
17096
17112
17320
17368
17432
17488
17640
17592
17640
17800
17848
17808
17872
17936
17992
18096
18120
18056
18160
17840
17912
17752
17568
17368
17152
17040
16848
16776
16664
16368
16376
16288
16336
16224
16000
16144
15992
16056
16000
15960
16152
16096
16096
16136
16056
16016
15864
15944
16064
15912
15856
15864
15952
16096
15992
15848
15920
16120
16024
15872
16144
15992
15784
15800
15888
16008
16080
15864
15824
15824
15888
15920
15816
15768
15768
15840
15952
15784
15608
15680
15704
15832
15752
15640
15552
15720
15696
15664
15592
15608
15664
15512
15512
15672
15696
15512
15424
15464
15528
15576
15504
15520
15536
15488
15328
15376
15544
15520
15560
15584
15464
15392
15424
15272
15384
15384
15512
15384
15464
15408
15488
15296
15328
15320
15480
15520
15544
15680
15504
15416
15712
15744
15648
15864
15768
15808
15864
15880
15840
15776
15704
15664
15664
15704
15744
15392
15304
15208
15136
15160
15232
15176
15112
15048
15104
15088
15192
15328
15208
15048
15120
15136
15264
14984
14680
14520
14928
15576
16592
17936
19088
20680
21776
20768
18632
17120
16272
15568
15344
15352
15488
15440
15480
15584
15480
15384
15272
15384
15296
15376
15352
15232
15256
15376
15376
15376
15368
15440
15480
15320
15368
15392
15424
15552
15552
15480
15480
15608
15688
15688
15704
15648
15680
15696
15744
15864
15960
15976
16056
15952
15824
15936
16056
16208
16040
16072
16176
16368
16528
16688
16616
16552
16536
16632
16520
16744
16960
17096
17048
17056
17144
17168
17144
17096
16984
16984
16960
16912
16784
16648
16584
16376
16576
16312
16216
16056
15752
15264
15352
15576
15240
14768
14592
14472
14336
13968
13648
13632
14096
14256
14208
14264
14496
14512
14736
14936
14920
14952
15000
15208
15368
15400
15424
15208
15168
15280
15416
15200
15264
15232
15256
15376
15320
15312
15464
15488
15256
15344
15568
15600
15528
15496
15416
15512
15520
15424
15080
15200
15464
15904
15720
15576
15488
15680
15296
15224
15384
15664
15520
15752
15912
15688
15376
15368
15480
15120
15248
15640
15488
15400
15448
15048
15568
15344
15144
15544
15352
14856
14816
15560
15344
15368
15240
15496
15656
15656
15696
15880
15688
15832
15816
15704
15696
15848
16048
15960
15888
15920
15688
15776
15808
15992
15944
15688
15440
15536
15544
15456
15512
15456
15248
15184
15256
15480
15592
15464
15224
15328
15464
15512
15320
15416
15344
14920
15032
15736
16392
16792
17808
19016
20608
21576
20616
18336
16816
16144
15680
15432
15440
15616
15768
15776
15784
16000
16008
15824
15760
15920
16016
15848
15816
15776
15744
15760
15808
15816
15760
15880
16032
16104
16016
15952
16112
16160
16080
15936
15856
15944
15984
16016
15992
16088
16056
16112
15984
16128
16416
16816
16848
16560
16496
16656
16680
16576
16336
16536
16976
16864
16720
17808
18864
18440
17176
16376
16784
17328
17704
17464
17376
17464
17784
18120
18064
17768
17440
17264
17192
17208
17216
17120
17008
16824
16760
16536
16416
16288
16208
16176
16232
16088
15960
15976
15984
16008
16024
15960
16048
16072
15976
16056
16032
16032
16040
16032
16096
16072
16072
16016
16072
16096
16040
16048
16080
16088
16088
16048
16088
16136
16072
16032
16024
16112
16040
16016
16064
16112
16136
16040
16056
16040
16048
16024
15992
16000
16024
15992
15976
16008
16032
15944
15960
15984
16016
16032
16024
16032
16080
16064
16072
16040
16096
16104
16064
16120
16120
16120
16080
16080
16128
16168
16120
16096
16128
16120
16136
16104
16232
16320
16288
16304
16296
16392
16400
16448
16536
16624
16624
16608
16592
16592
16560
16552
16504
16440
16368
16240
16128
16048
16032
15992
15984
16024
16040
16016
15960
15960
16008
16000
15952
15992
16008
16008
15984
15984
15896
15560
15416
15752
16392
17264
18480
19632
20936
22032
21536
19352
17664
16864
16296
15952
15904
16120
16296
16320
16304
16384
16256
16192
16208
16248
16280
16240
16240
16280
16328
16328
16272
16336
16352
16320
16368
16400
16440
16400
16376
16400
16432
16464
16432
16456
16488
16504
16512
16536
16576
16616
16624
16608
16672
16704
16720
16752
16824
16872
16888
16856
16976
17104
17104
17160
17232
17352
17416
17400
17536
17616
17672
17736
17808
17880
17912
17944
17992
18120
18176
18168
18104
18072
18008
17856
17696
17528
17416
17232
17064
16944
16864
16720
16600
16544
16552
16472
16384
16376
16360
16344
16312
16280
16320
16352
16320
16312
16272
16320
16304
16272
16328
16336
16288
16304
16352
16368
16344
16328
16344
16360
16408
16344
16288
16376
16352
16328
16328
16320
16384
16344
16296
16312
16304
16312
16232
16296
16328
16312
16240
16232
16296
16280
16192
16192
16216
16208
16200
16200
16208
16216
16176
16096
16152
16224
16120
16152
16120
16184
16160
16136
16096
16176
16152
16128
16112
16160
16152
16096
16160
16208
16136
16088
16112
16120
16120
16096
16072
16096
16152
16072
16048
16144
16224
16264
16272
16328
16344
16360
16392
16456
16512
16552
16504
16576
16656
16568
16456
16408
16416
16336
16280
16256
16168
16024
15968
15912
15936
15960
15880
15832
15880
15920
15880
15856
15832
15896
15880
15832
15816
15904
15824
15592
15352
15400
15856
16488
17424
18736
19944
21392
22112
20880
18768
17368
16584
16120
15872
15872
16032
16192
16184
16088
16032
16008
16048
16080
16016
15984
16040
16064
16000
16000
16016
16072
16080
16056
16096
16128
16128
16048
16120
16184
16144
16120
16152
16200
16256
16192
16144
16208
16224
16224
16256
16280
16328
16296
16312
16432
16456
16448
16512
16584
16672
16688
16672
16808
16872
16920
16992
17040
17144
17160
17208
17288
17376
17424
17472
17512
17648
17712
17704
17744
17712
17752
17704
17552
17472
17296
17184
17000
16832
16696
16520
16376
16352
16288
16144
16080
16024
16080
16000
15968
15968
15968
15944
15928
15904
15888
15976
15952
15920
15992
15968
15976
15896
15944
16016
15912
15856
15936
15960
15976
15936
15936
15952
15920
15936
15904
15944
15944
15872
15848
15936
15912
15872
15896
15920
15952
15928
15856
15880
15888
15880
15800
15856
15848
15832
15776
15752
15856
15792
15776
15776
15808
15856
15792
15744
15776
15776
15736
15752
15728
15760
15768
15736
15816
15792
15768
15744
15776
15784
15792
15688
15728
15728
15792
15672
15744
15728
15760
15712
15744
15760
15736
15728
15696
15760
15776
15752
15688
15744
15728
15728
15696
15808
15936
15984
15968
15992
16000
16048
16096
16208
16152
16080
16008
15920
15992
15968
15864
15776
15736
15760
15784
15640
15552
15576
15512
15520
15536
15512
15600
15480
15528
15576
15576
15528
15512
15576
15616
15544
15416
15144
15000
15296
15848
16680
17888
19024
20360
21600
21344
19280
17456
16584
16056
15680
15472
15640
15856
15816
15776
15792
15808
15760
15720
15680
15736
15760
15728
15664
15752
15792
15760
15704
15744
15784
15800
15712
15792
15824
15792
15792
15792
15872
15848
15840
15864
15944
15952
15920
15952
16016
16040
16056
16032
16104
16144
16128
16144
16232
16320
16328
16360
16480
16528
16600
16608
16688
16792
16848
16856
16920
17008
17160
17136
17184
17256
17312
17336
17376
17432
17464
17488
17408
17376
17296
17144
16912
16800
16664
16552
16320
16184
16112
15984
15912
15824
15840
15800
15768
15696
15768
15728
15680
15624
15664
15656
15648
15592
15648
15672
15696
15640
15616
15664
15696
15664
15704
15752
15712
15688
15664
15688
15656
15664
15696
15664
15712
15728
15640
15640
15664
15696
15688
15656
15696
15664
15600
15656
15680
15624
15544
15600
15672
15624
15600
15552
15600
15616
15592
15552
15568
15576
15528
15536
15552
15584
15560
15504
15496
15560
15528
15472
15504
15520
15496
15512
15520
15552
15544
15544
15528
15544
15576
15488
15512
15568
15512
15496
15464
15528
15584
15536
15512
15504
15568
15536
15608
15712
15776
15848
15744
15768
15904
16024
15976
15872
15840
15792
15776
15736
15712
15720
15672
15568
15536
15480
15376
15336
15376
15360
15376
15352
15360
15384
15352
15312
15296
15368
15408
15344
15352
15360
15336
15048
14776
14976
15440
16160
17192
18408
19608
21000
21416
19832
17840
16640
15936
15584
15360
15384
15560
15632
15648
15632
15536
15528
15584
15544
15520
15528
15504
15560
15576
15544
15512
15584
15616
15576
15592
15608
15584
15592
15632
15656
15608
15592
15584
15712
15696
15680
15664
15728
15824
15808
15784
15816
15864
15888
15896
15952
16024
16016
16032
16160
16216
16248
16240
16312
16472
16480
16480
16552
16672
16728
16744
16832
16936
16944
16992
17056
17128
17200
17232
17240
17240
17224
17120
17008
16896
16816
16624
16464
16296
16176
16048
15880
15816
15776
15720
15592
15592
15552
15576
15464
15448
15464
15448
15464
15424
15456
15440
15464
15416
15472
15472
15472
15416
15448
15504
15472
15416
15416
15488
15504
15440
15448
15416
15432
15488
15432
15480
15472
15448
15424
15464
15496
15416
15400
15432
15480
15432
15392
15384
15432
15432
15400
15368
15376
15424
15336
15344
15392
15416
15360
15360
15352
15424
15336
15312
15384
15368
15328
15320
15328
15360
15360
15312
15344
15408
15432
15480
15528
15624
15592
15568
15624
15784
15800
15712
15744
15776
15824
15728
15624
15720
15680
15576
15520
15480
15432
15272
15168
15192
15240
15264
15224
15168
15176
15224
15232
15208
15240
15224
15208
15200
15232
15248
15208
15048
14792
14704
15032
15592
16488
17728
18856
20216
21304
20720
18704
17032
16256
15712
15376
15272
15456
15600
15624
15528
15464
15496
15512
15488
15456
15464
15496
15504
15448
15504
15528
15520
15504
15512
15600
15600
15544
15640
15672
15616
15584
15640
15712
15704
15680
15712
15720
15768
15800
15792
15800
15864
15904
15880
15928
16040
16024
16048
16128
16224
16216
16224
16272
16344
16472
16496
16568
16640
16752
16792
16888
16944
17000
17072
17104
17192
17304
17320
17304
17376
17408
17368
17280
17168
17088
16920
16768
16640
16496
16344
16160
16040
15976
15936
15832
15744
15752
15768
15728
15696
15664
15688
15712
15648
15656
15688
15712
15632
15712
15720
15712
15680
15680
15752
15712
15680
15656
15728
15752
15752
15720
15760
15752
15744
15728
15736
15776
15752
15712
15736
15800
15704
15680
15696
15760
15744
15624
15688
15704
15720
15680
15672
15664
15680
15640
15696
15664
15656
15656
15632
15672
15728
15672
15632
15672
15688
15640
15656
15640
15704
15672
15624
15680
15736
15728
15656
15656
15720
15736
15696
15704
15832
15944
15976
15960
16016
16048
16056
16104
16128
16160
16112
16040
16056
16032
15984
15952
15920
15944
15904
15808
15720
15640
15632
15576
15592
15600
15600
15560
15584
15632
15648
15632
15632
15664
15696
15632
15592
15648
15592
15304
15040
15216
15904
16616
17712
18896
20224
21584
21648
19864
18000
16984
16296
15888
15728
15832
15992
15968
16000
15992
15936
15920
15920
15928
15912
15904
15904
15920
15944
15904
15888
15936
15992
15936
15920
16008
16064
16056
16032
16016
16064
16008
16056
16080
16104
16112
16072
16120
16184
16224
16208
16264
16296
16288
16368
16368
16408
16496
16544
16592
16664
16744
16744
16792
16888
17016
16984
17072
17160
17280
17312
17328
17400
17496
17592
17600
17600
17680
17752
17768
17728
17688
17632
17480
17368
17256
17104
16888
16728
16616
16560
16392
16272
16256
16208
16120
16032
16064
16096
16056
15992
16024
16072
16024
16000
15976
15976
16048
16008
15952
16008
16016
16016
16000
16064
16032
16008
16008
16032
16056
15984
15968
15976
16040
16024
15960
15984
16024
15968
15984
15976
15944
15968
15912
15896
15936
15936
15944
15864
15936
15936
15904
15872
15848
15920
15920
15896
15920
15944
15880
15840
15880
15896
15896
15824
15856
15848
15872
15848
15784
15864
15896
15872
15816
15808
15848
15856
15808
15824
15864
15784
15744
15808
15816
15800
15728
15792
15840
15824
15784
15816
15824
15856
15792
15784
15824
15808
15904
16000
16048
16128
16120
16024
16120
16272
16320
16152
16128
16168
16120
16056
15960
15960
15992
15848
15848
15840
15784
15616
15688
15744
15736
15680
15640
15632
15704
15720
15616
15672
15696
15736
15704
15680
15752
15568
15376
15128
15280
15848
16536
17592
18824
20040
21432
21664
20048
18128
17008
16328
15920
15720
15744
15928
15984
15984
15944
15864
15912
15936
15832
15776
15824
15904
15864
15880
15888
15888
15936
15856
15864
15880
15960
15936
15920
15976
15992
15976
15920
15944
16000
16088
16032
16064
16096
16128
16088
16144
16216
16240
16232
16288
16360
16360
16392
16408
16504
16568
16584
16600
16728
16808
16856
16848
16944
17040
17096
17144
17216
17312
17360
17360
17400
17520
17504
17512
17592
17624
17600
17512
17368
17256
17120
16944
16824
16664
16536
16432
16296
16192
16080
16016
15960
15928
15984
15896
15856
15808
15816
15856
15840
15816
15840
15848
15848
15808
15832
15856
15872
15776
15864
15848
15864
15800
15824
15912
15896
15832
15824
15888
15912
15856
15856
15848
15824
15800
15816
15888
15832
15784
15768
15848
15832
15776
15776
15792
15864
15776
15760
15792
15792
15704
15712
15736
15760
15736
15640
15672
15712
15712
15680
15632
15704
15736
15696
15616
15664
15664
15696
15688
15672
15712
15664
15600
15672
15688
15608
15640
15560
15656
15632
15552
15640
15648
15656
15624
15624
15616
15648
15616
15616
15632
15648
15608
15616
15632
15688
15632
15592
15560
15656
15632
15584
15592
15576
15624
15552
15568
15608
15624
15592
15584
15672
15720
15768
15760
15864
15904
15816
15880
15968
16096
16008
15912
15880
15856
15824
15776
15760
15792
15688
15632
15568
15608
15448
15416
15392
15416
15464
15432
15408
15424
15408
15400
15416
15416
15440
15488
15408
15504
15456
15240
14880
14880
15400
16040
16880
18080
19288
20776
21608
20552
18472
17096
16344
15808
15536
15528
15688
15688
15672
15752
15672
15584
15560
15560
15592
15544
15552
15544
15632
15560
15600
15688
15672
15600
15640
15656
15680
15632
15632
15680
15728
15736
15712
15712
15792
15768
15792
15800
15800
15824
15848
15856
15912
15912
15904
15944
16040
16080
16048
16136
16224
16248
16328
16344
16376
16440
16504
16528
16672
16680
16784
16792
16904
16976
17024
17016
17136
17200
17240
17248
17280
17312
17264
17160
17032
16960
16752
16592
16416
16312
16192
16016
15904
15800
15792
15696
15624
15576
15576
15496
15480
15496
15472
15472
15464
15440
15504
15464
15464
15440
15448
15520
15496
15408
15472
15520
15504
15472
15504
15560
15472
15472
15512
15512
15504
15408
15424
15504
15536
15456
15440
15472
15480
15480
15392
15448
15456
15536
15416
15384
15416
15384
15320
15376
15416
15360
15376
15392
15384
15384
15288
15304
15296
15344
15240
15304
15272
15320
15344
15320
15304
15312
15304
15232
15304
15320
15296
15256
15296
15312
15328
15280
15312
15312
15344
15312
15328
15336
15288
15248
15264
15296
15264
15248
15256
15296
15360
15272
15256
15288
15296
15320
15256
15312
15272
15272
15224
15248
15328
15304
15248
15232
15312
15368
15304
15312
15424
15472
15520
15488
15536
15568
15616
15568
15664
15648
15552
15512
15512
15464
15512
15456
15424
15384
15376
15264
15136
15152
15120
15112
15072
15112
15152
15088
15096
15120
15160
15136
15080
15096
15160
15168
15112
15088
14944
14656
14576
15016
15640
16560
17744
18952
20432
21352
20352
18208
16816
16104
15536
15200
15152
15336
15448
15456
15416
15360
15312
15296
15288
15352
15328
15264
15288
15360
15376
15288
15288
15352
15352
15376
15336
15376
15400
15392
15400
15440
15408
15464
15480
15480
15552
15528
15464
15496
15600
15592
15584
15584
15728
15744
15728
15792
15816
15864
15824
15920
16040
16080
16088
16136
16224
16336
16384
16392
16472
16544
16672
16656
16696
16832
16840
16896
16896
17008
17040
17000
17024
17016
16920
16816
16664
16560
16400
16240
16040
15936
15808
15664
15520
15472
15440
15336
15312
15320
15368
15296
15232
15192
15264
15240
15192
15208
15240
15232
15224
15232
15240
15280
15240
15232
15272
15288
15232
15208
15264
15280
15248
15248
15200
15240
15280
15216
15216
15216
15232
15232
15344
15240
15240
15136
15160
15208
15176
15168
15112
15120
15184
15176
15112
15104
15104
15136
15072
15064
15120
15104
15064
15080
15104
15056
15064
15032
15064
15064
15016
14984
15064
15056
15032
15048
15016
15056
14992
14992
15032
15048
15016
14976
15008
15048
15048
14944
14976
15056
15064
15016
15008
14976
15016
14984
15008
14992
15040
14984
15024
15008
15056
15016
14992
15072
15136
15088
15112
15176
15240
15288
15264
15312
15360
15352
15336
15392
15360
15336
15272
15208
15256
15240
15208
15096
15072
15088
14936
14816
14864
14888
14864
14872
14864
14856
14840
14840
14816
14872
14872
14808
14832
14920
14888
14864
14728
14464
14288
14552
15112
15888
17000
18176
19504
20848
20896
18984
17056
16136
15512
15160
14864
15032
15208
15248
15144
15112
15120
15080
15064
15056
15072
15056
15064
15024
15096
15136
15080
15064
15104
15112
15152
15096
15136
15160
15192
15168
15216
15216
15240
15200
15216
15288
15312
15272
15272
15376
15368
15392
15368
15424
15456
15560
15544
15584
15680
15704
15712
15784
15872
15928
15928
16024
16160
16216
16256
16296
16376
16464
16512
16520
16616
16656
16728
16768
16832
16880
16880
16792
16776
16720
16528
16320
16248
16080
15944
15768
15600
15560
15408
15280
15232
15144
15152
15080
15072
15104
15056
15032
14968
14984
15016
15048
14936
14992
14992
15032
15000
15008
15024
15040
14992
15032
15024
15032
15000
15032
15104
15112
15008
15008
15032
15056
15000
15040
15024
15064
15064
15008
15040
15048
15000
14992
14992
14984
14976
14944
14904
14968
15016
14912
14944
14976
14960
14912
14928
14888
14904
14888
14848
14888
14920
14920
14864
14880
14928
14888
14856
14832
14840
14928
14864
14848
14872
14840
14840
14856
14864
14864
14816
14816
14896
14888
14864
14800
14848
14840
14888
14848
14864
14872
14872
14896
14856
14832
14888
14776
14824
14888
14848
14816
14832
14872
14888
14816
14832
14896
14920
14912
14960
14992
15096
15120
15088
15232
15248
15232
15184
15184
15208
15168
15096
15072
15088
15136
15032
14968
14904
14896
14816
14736
14720
14752
14696
14712
14720
14768
14720
14688
14704
14728
14720
14712
14736
14760
14744
14728
14576
14312
14144
14464
15128
15944
17104
18248
19688
20912
20464
18416
16728
15864
15352
15032
14840
15016
15144
15112
15024
15048
15008
14976
14936
14960
14984
14928
14872
14928
15024
15024
14984
14968
14992
15048
15000
15008
15040
15064
15072
15072
15120
15184
15176
15144
15160
15264
15280
15208
15264
15320
15368
15344
15392
15440
15488
15456
15536
15640
15656
15640
15680
15768
15856
15864
15928
16016
16136
16216
16248
16280
16368
16448
16424
16512
16624
16656
16728
16784
16864
16888
16832
16768
16720
16664
16512
16328
16240
16072
15912
15768
15624
15544
15408
15288
15280
15248
15136
15088
15064
15064
15088
14984
15008
15000
15032
15000
14992
14968
14960
15000
14984
15008
15000
15008
14952
15008
15032
15024
15000
14992
14992
15024
14960
14984
15008
14968
14984
14968
15000
14976
14920
14872
15008
15024
14960
14952
14968
14960
14968
14928
14912
14992
14912
14888
14920
14936
14944
14864
14896
14944
14944
14880
14888
14944
14960
14880
14888
14888
14904
14904
14848
14888
14936
14888
14880
14904
14920
14888
14864
14888
14896
14920
14864
14856
14872
14944
14864
14880
14888
14904
14824
14864
14920
14872
14880
14816
14880
14936
14864
14824
14888
14944
14960
14920
14936
15016
15072
15056
15104
15152
15176
15232
15224
15248
15272
15232
15192
15224
15184
15120
15096
15104
15072
15016
14984
14856
14768
14784
14752
14784
14800
14784
14736
14752
14776
14768
14712
14752
14752
14800
14792
14752
14768
14736
14504
14200
14336
14816
15512
16536
17784
18936
20408
20984
19496
17480
16216
15488
15080
14784
14904
15016
15072
15016
15040
15088
15080
15040
15056
15064
14976
15056
15184
15104
14968
15096
15232
15120
14976
14800
14840
14856
14928
15184
15416
15472
15264
15080
15248
15384
15344
15320
15432
15488
15416
15400
15544
15664
15656
15576
15560
15728
15808
15640
15648
15632
15712
15808
15904
16184
16288
16184
16440
16496
16464
16408
16520
16800
16856
16776
16776
16760
16912
16792
16768
16792
16864
16936
16904
16744
16640
16384
16160
15944
15808
15856
15720
15568
15576
15752
15544
15248
15176
15248
15232
15120
15120
15160
15152
15104
15136
15136
15224
15384
15184
15016
14888
14952
15008
15152
15272
15272
15320
15304
15360
15320
15256
15128
15168
15248
15288
15264
15216
15632
15616
15288
15000
14864
14912
15104
15224
15264
14968
14960
15120
15304
15264
15128
15440
15624
15360
15000
14952
14968
15032
15064
15048
15152
15112
15048
15152
15568
15448
14888
14960
15136
15056
14880
14688
14816
14936
14792
14848
14896
14864
14872
15096
15224
15352
14952
14744
14792
15016
14936
14744
14720
15040
15352
15048
14824
14792
14832
14736
14776
14792
14728
14808
14856
14904
15064
14936
14992
15168
15024
14928
15056
15128
15152
15176
15136
15208
15288
15120
14936
14992
15088
15080
14912
14864
14872
14808
14656
14640
14680
14648
14640
14736
14760
14912
14768
14544
14568
14656
14640
14624
14760
14712
14784
14664
14320
14032
14248
14792
15544
16744
17816
19064
20624
20952
19168
17016
15904
15416
15104
14896
14840
15024
15008
14912
14752
14816
14888
14848
14824
14848
14928
14872
14744
14824
14832
15048
14936
14736
14704
14824
14872
14872
14960
15056
15000
15064
15064
14936
15032
15136
15200
15040
15064
15128
15208
15328
15288
15312
15336
15280
15312
15472
15488
15464
15464
15552
15592
15720
15840
15816
15848
16024
16184
16136
16168
16304
16512
16384
16280
16528
16616
16584
16624
16752
16824
16616
16592
16536
16600
16584
16240
15960
15968
16000
15832
15504
15392
15344
15128
15056
15024
15072
15024
14920
14896
14888
14944
14856
14856
14816
14912
14848
14888
14920
14944
14968
14840
14864
14968
14912
14888
14816
14888
14880
14872
14984
15048
14920
14848
14912
15016
15176
14944
14792
14880
14960
14936
14880
14856
14928
14864
14912
14920
14944
14848
14872
14944
14936
14928
14784
14800
14992
14944
14832
14856
14904
14992
14792
14880
14872
14808
14680
14728
14808
14744
14728
14704
14824
14832
14832
14752
14808
14808
14840
14800
14800
14776
14792
14760
14752
14752
14888
14784
14720
14704
14984
14888
14736
14800
14800
14728
14768
14816
14896
14784
14792
14944
14968
15008
15024
15088
15136
15208
15064
15080
15112
15152
15192
15032
15000
15008
15024
14968
14968
14888
14800
14616
14656
14728
14840
14704
14680
14664
14584
14616
14608
14720
14608
14648
14736
14776
14816
14696
14632
14504
14312
14136
14480
15224
16192
17376
18448
19712
20616
19776
17616
16192
15504
14944
14632
14688
14944
15152
14936
14888
14976
14984
14944
14880
14928
14920
14856
14872
14856
14960
14936
14992
15032
15008
15016
15096
15016
14896
14992
15104
15128
15080
15096
15104
15104
15160
15120
15168
15192
15224
15200
15168
15288
15296
15272
15312
15352
15416
15504
15536
15560
15720
15720
15840
15856
15896
15864
16016
16080
16120
16216
16288
16320
16360
16448
16552
16632
16632
16696
16760
16704
16776
16752
16648
16504
16416
16272
16016
15920
15672
15600
15480
15392
15224
15224
15168
15112
15048
15024
15032
15032
15096
15032
15008
14960
14928
15008
15040
15008
14944
14912
14992
15000
14992
14952
15008
15064
15048
15032
15024
15048
14976
14960
15024
15008
14984
14952
14944
15056
14984
14960
14912
14912
15008
14944
14896
15056
15008
14944
14856
14912
14960
14864
14872
14936
15000
14920
14808
14872
14928
14912
14904
14872
14920
14936
14896
14920
14840
14904
14896
14864
14824
14840
14824
14840
14896
14848
14928
14864
14872
14888
14856
14840
14824
14960
14912
14824
14928
14952
14952
14888
14808
14912
14904
14848
14856
14856
14896
14912
14840
14936
14856
14816
14904
14872
14880
14912
14872
14896
14928
14920
14920
14896
14880
14904
14896
14920
14936
15104
15112
15152
15200
15144
15176
15216
15272
15288
15288
15120
15216
15240
15176
15184
15152
15080
15056
15064
14968
14880
14896
14848
14768
14824
14872
14848
14776
14872
14960
14800
14784
14808
14904
14888
14856
14896
14832
14568
14304
14496
14952
15664
16704
17960
19352
20808
21304
19688
17568
16328
15688
15264
15080
15200
15368
15344
15280
15288
15272
15224
15176
15144
15168
15064
15128
15224
15144
15152
15144
15200
15152
15248
15240
15280
15288
15264
15280
15256
15256
15240
15312
15376
15392
15304
15344
15384
15496
15568
15448
15376
15544
15536
15536
15624
15624
15712
15728
15760
15816
15864
15960
15968
16000
16152
16280
16264
16264
16408
16504
16504
16536
16656
16680
16744
16864
16856
16936
16904
16984
17008
16960
16840
16696
16568
16448
16280
16080
15888
15856
15736
15592
15488
15448
15336
15312
15312
15280
15256
15216
15192
15240
15192
15200
15192
15144
15248
15264
15232
15200
15208
15192
15192
15248
15312
15224
15232
15288
15352
15312
15208
15208
15296
15352
15280
15272
15384
15328
15280
15312
15264
15304
15360
15272
15352
15304
15272
15288
15280
15320
15336
15328
15344
15304
15320
15272
15288
15312
15216
15208
15328
15288
15272
15248
15256
15312
15296
15208
15264
15272
15320
15360
15288
15320
15368
15312
15304
15224
15216
15328
15248
15304
15272
15264
15248
15152
15240
15376
15320
15264
15248
15224
15256
15280
15392
15480
15504
15312
15408
15544
15432
15232
15168
15288
15240
15216
15256
15256
15296
15360
15304
15320
15424
15472
15464
15384
15536
15656
15632
15560
15512
15544
15640
15632
15736
15648
15624
15656
15552
15528
15456
15480
15544
15448
15360
15256
15256
15200
15224
15376
15152
15000
15104
15176
15216
15192
15232
15192
15112
15168
15176
15160
15192
15144
14880
14560
14792
15336
16056
17080
18240
19592
21120
21360
19680
17720
16528
15736
15400
15264
15408
15568
15464
15464
15496
15408
15320
15336
15432
15400
15416
15392
15376
15416
15424
15416
15456
15440
15456
15384
15456
15408
15448
15424
15488
15480
15488
15536
15552
15576
15560
15576
15600
15616
15664
15640
15784
15840
15776
15672
15784
15936
15984
16016
16016
15976
16032
16152
16248
16224
16296
16416
16480
16496
16528
16680
16768
16912
16888
17048
17184
17096
17032
17136
17176
17080
17208
17160
17064
16864
16896
16664
16376
16216
16312
16360
15952
15544
15544
15640
15616
15536
15360
15408
15272
15568
15752
15856
15896
15680
15312
15224
15528
15656
15624
15416
15160
14992
15064
15240
15304
15416
15368
15432
15312
15328
15368
15384
15432
15384
15280
15336
15424
15360
15360
15320
15400
15432
15384
15296
15248
15344
15344
15296
15296
15312
15320
15280
15280
15264
15336
15232
15248
15240
15256
15192
15256
15264
15264
15208
15216
15192
15208
15200
15192
15200
15208
15160
15176
15256
15344
15240
15032
15088
15080
15096
15104
15128
15152
15136
15056
15136
15120
15176
15128
15152
15104
15096
15064
15024
15112
15184
15112
15064
15088
15088
15096
15120
15096
15144
15128
15088
15152
15144
15136
15136
15272
15192
15080
15144
15152
15144
15160
15160
15208
15288
15376
15400
15384
15464
15520
15480
15536
15456
15496
15552
15400
15376
15384
15360
15384
15240
15152
15176
15064
15000
15024
15040
14952
14912
14968
14976
14912
14992
15048
15056
15024
15000
14920
14968
15048
14928
14776
14632
14456
14736
15296
16112
17360
18480
19928
21216
20800
18840
17120
16240
15736
15376
15176
15320
15400
15392
15312
15360
15320
15200
15120
15136
15192
15200
15112
15240
15272
15184
15104
15128
15144
15224
15232
15192
15216
15304
15296
15216
15280
15320
15352
15336
15432
15464
15448
15432
15448
15528
15528
15488
15472
15520
15640
15616
15640
15648
15728
15704
15784
15872
15976
16000
16056
16136
16264
16288
16360
16360
16432
16464
16496
16504
16624
16720
16712
16784
16792
16864
16816
16760
16752
16664
16528
16336
16216
16120
15960
15768
15608
15456
15376
15288
15248
15216
15136
15056
15056
15104
15032
14968
15016
15040
15080
15072
15024
15040
14968
15064
15016
15032
15080
15072
15064
15152
15112
15096
15072
15104
15128
15088
15056
15024
15048
15104
15072
15040
15080
15088
15008
15040
15016
15064
14968
15000
15024
15008
15048
14952
14944
15040
15008
14984
14936
14984
14968
14952
14936
14952
14992
14944
14952
14952
15016
14936
14976
14984
15016
14992
14952
14952
14992
15080
14984
14968
14960
14968
14976
14936
15104
15112
14952
14968
14968
14984
14936
14928
15024
14976
15000
15000
14968
15024
14992
14968
15000
15008
14960
15032
15016
15040
14984
14976
15064
15096
15184
15184
15192
15240
15336
15352
15320
15424
15392
15328
15344
15328
15296
15240
15176
15192
15168
15152
15144
15152
14936
14712
14608
14712
14840
14888
14800
14752
14768
14720
14536
14576
14672
14720
14648
14744
14768
14784
14600
14272
14336
14744
15384
16264
17552
18712
20296
20904
19704
17672
16424
15696
15272
14888
14864
14968
15080
15184
15192
15136
15128
15032
14992
15048
14976
15080
15176
15008
14832
14968
15016
15024
15040
15016
15128
15152
15032
15176
15208
15112
15048
15200
15192
15080
15072
15224
15392
15200
15144
15208
15232
15360
15496
15392
15592
15400
15384
15520
15544
15760
15672
15640
15840
15856
15944
16048
15904
15984
16248
16320
16376
16496
16464
16424
16488
16496
16688
16808
16784
16904
16872
16824
16528
16528
16440
16264
16032
15664
15816
15664
15432
15160
15240
15376
15024
15072
15056
15216
15144
14920
14952
14952
15088
15032
14824
14952
14928
15056
15320
15056
14712
14776
14904
15056
15128
15032
15200
15096
15056
15040
14864
14936
15072
15008
14856
14872
15080
15080
15000
15032
15072
15032
15096
15248
14888
14920
14936
15032
15024
15056
15016
14944
15040
15072
15064
15040
15008
15064
15040
15040
15024
15104
15080
15048
15112
15176
15152
15120
15136
15128
15152
14952
14936
15000
15016
15000
15000
15040
15056
14968
15008
14968
14952
14904
14824
14872
14936
14928
14912
15024
15080
15072
15080
15128
15096
15128
15152
15208
15248
15224
15136
15152
15152
15152
15176
15120
15104
15056
14992
14824
14760
14848
14792
14776
14808
14816
14832
14808
14744
14832
14824
14808
14792
14872
14888
14824
14800
14584
14392
14392
14848
15552
16608
17752
18704
19808
20344
19128
16968
15896
15416
14952
14696
14704
14904
15160
15112
15064
15040
15056
15056
15008
15040
15056
15048
15040
15064
15088
15104
15104
15096
15112
15080
15072
15072
15072
15136
15176
15176
15208
15248
15192
15216
15208
15280
15248
15248
15328
15392
15376
15360
15360
15472
15472
15528
15504
15608
15656
15664
15704
15816
15872
15872
15944
16064
16064
16120
16192
16304
16360
16376
16464
16560
16592
16624
16696
16696
16784
16776
16704
16680
16624
16528
16288
16192
16096
15984
15784
15648
15520
15480
15320
15272
15216
15192
15160
15096
15096
15096
15088
15064
15064
15120
15080
15008
15080
15088
15088
15072
15048
15112
15096
15072
15064
15088
15080
15072
15072
15120
15128
15072
15032
15040
15088
15048
15008
15024
15088
15096
15040
15016
15080
15000
14968
15048
15000
15024
15016
15008
15032
15024
15000
14968
14952
14976
14976
14920
14960
14976
14936
14928
14928
14960
14968
14904
14976
15000
14960
14960
14936
14928
14968
14928
14920
14992
15000
14960
14880
14928
14944
14928
14960
14952
14984
14952
14928
15008
15048
15112
15160
15160
15256
15264
15208
15264
15328
15360
15256
15216
15264
15256
15168
15192
15216
15176
15064
14960
15056
14984
14880
14776
14792
14848
14856
14832
14872
14864
14848
14792
14832
14784
14848
14776
14792
14816
14704
14408
14216
14496
15112
15880
16976
18160
19496
20712
20600
18576
16704
15744
15144
14880
14752
14896
15048
15040
15080
15024
14952
14960
14968
14976
15008
14968
14968
14984
14976
14952
14984
15072
15048
15024
15008
15104
15128
15072
15064
15080
15152
15080
15120
15144
15168
15128
15152
15184
15264
15224
15232
15288
15336
15344
15352
15376
15464
15520
15536
15576
15656
15704
15760
15760
15880
15928
15968
16080
16120
16176
16280
16304
16456
16488
16528
16552
16632
16720
16720
16728
16744
16752
16616
16520
16408
16224
16104
15864
15720
15640
15544
15312
15224
15144
15160
15072
14976
14992
14944
14992
14944
14960
14968
14904
14896
14912
14936
14944
14896
14872
14944
14944
14928
14888
14968
15000
14944
14912
14976
14992
14936
14952
14992
14976
15000
14936
14928
15048
14984
14960
14912
15008
15016
15000
14920
14984
15008
14904
14928
14952
14952
14880
14872
14928
14928
14864
14856
14912
14896
14864
14864
14872
14848
14840
14824
14848
14856
14840
14832
14800
14864
14856
14768
14760
14816
14864
14824
14784
14744
14856
14784
14720
14808
14808
14792
14816
14784
14800
14800
14760
14784
14848
14776
14784
14792
14824
14824
14784
14808
14784
14904
14952
15032
15048
15072
15056
15048
15200
15304
15208
15104
15072
15072
15064
15016
14968
14976
14896
14768
14792
14800
14688
14616
14632
14680
14696
14616
14624
14648
14648
14576
14576
14664
14632
14656
14648
14656
14616
14384
14080
14168
14648
15256
16192
17440
18704
20088
20856
19656
17576
16216
15552
15088
14856
14840
14976
15024
14968
14936
14888
14888
14880
14904
14872
14840
14832
14888
14912
14824
14848
14888
14936
14896
14864
14936
14976
14936
14936
14984
15048
15016
14936
15056
15048
15064
15072
15072
15096
15112
15104
15152
15152
15232
15184
15216
15320
15376
15368
15432
15520
15592
15536
15600
15704
15824
15816
15880
16000
16112
16136
16160
16232
16344
16384
16392
16496
16624
16640
16656
16672
16672
16640
16480
16392
16256
16144
15920
15744
15632
15480
15352
15192
15200
15136
14984
14960
14920
14896
14888
14832
14840
14840
14856
14792
14776
14832
14856
14800
14800
14856
14872
14800
14808
14800
14880
14800
14792
14808
14904
14848
14816
14832
14840
14872
14872
14840
14864
14848
14816
14824
14832
14856
14776
14792
14824
14816
14800
14752
14800
14808
14784
14752
14768
14760
14744
14704
14728
14792
14760
14720
14688
14800
14720
14664
14672
14752
14792
14728
14688
14720
14736
14696
14664
14640
14672
14696
14672
14704
14712
14648
14640
14680
14704
14672
14632
14640
14672
14672
14648
14640
14656
14680
14648
14664
14712
14696
14680
14736
14864
14920
14928
14888
14888
15016
15088
15032
15024
14960
14952
14864
14848
14944
14840
14784
14728
14696
14688
14608
14472
14528
14536
14472
14504
14488
14568
14488
14472
14480
14528
14488
14448
14504
14528
14512
14464
14208
14024
14040
14456
15128
16120
17368
18472
19912
20728
19544
17416
16128
15472
15016
14656
14640
14848
14904
14816
14784
14784
14792
14744
14712
14680
14704
14744
14680
14712
14752
14760
14712
14744
14768
14832
14760
14728
14840
14824
14816
14824
14848
14920
14888
14856
14920
14976
14960
14920
14904
14984
14992
15032
15088
15144
15216
15184
15224
15304
15320
15392
15360
15448
15536
15552
15600
15712
15840
15872
15888
15984
16104
16128
16144
16216
16312
16440
16400
16432
16520
16520
16464
16424
16352
16232
16024
15944
15784
15648
15416
15264
15160
15160
15000
14912
14848
14872
14808
14696
14696
14720
14712
14688
14640
14720
14720
14656
14648
14728
14704
14648
14688
14680
14696
14688
14656
14696
14736
14696
14680
14736
14760
14720
14720
14760
14792
14776
14720
14712
14760
14768
14728
14688
14720
14776
14760
14704
14736
14704
14712
14648
14728
14720
14680
14624
14688
14680
14728
14648
14664
14688
14704
14640
14624
14648
14664
14656
14600
14696
14664
14608
14616
14696
14672
14616
14584
14648
14696
14656
14600
14624
14664
14664
14616
14648
14664
14640
14616
14648
14712
14672
14600
14584
14640
14704
14664
14632
14624
14640
14656
14608
14608
14696
14632
14688
14752
14856
14848
14872
14912
14968
15008
14992
14968
14960
14992
14880
14832
14808
14888
14832
14800
14752
14728
14656
14528
14480
14528
14480
14472
14480
14512
14464
14456
14464
14504
14512
14512
14504
14544
14512
14488
14512
14488
14200
13952
14104
14648
15384
16376
17568
18864
20352
20648
18952
17032
15920
15336
14880
14664
14792
14888
14832
14720
14760
14736
14632
14576
14616
14680
14616
14680
14640
14664
14632
14656
14736
14744
14760
14856
14896
15000
14808
14568
14624
14840
14856
14800
14736
14848
14856
14872
14856
14896
14952
14928
14968
15040
15120
15072
15128
15168
15264
15216
15272
15360
15392
15504
15528
15560
15672
15768
15800
15832
15960
16016
16024
16096
16256
16312
16320
16392
16520
16568
16544
16528
16480
16464
16344
16208
16088
16000
15760
15584
15472
15352
15224
15088
15008
14944
14928
14784
14736
14752
14784
14736
14712
14752
14680
14656
14648
14656
14712
14648
14656
14624
14744
14672
14664
14680
14736
14776
14712
14696
14736
14744
14696
14672
14736
14760
14736
14760
14784
14768
14720
14728
14776
14768
14776
14712
14728
14784
14744
14696
14696
14704
14720
14704
14736
14736
14744
14696
14672
14680
14696
14600
14632
14672
14696
14704
14672
14648
14680
14704
14680
14688
14696
14656
14648
14712
14776
14760
14688
14736
14776
14752
14672
14680
14720
14736
14712
14648
14736
14688
14688
14720
14792
14776
14680
14680
14744
14784
14728
14696
14720
14760
14792
14808
14888
14952
14960
14952
15032
15136
15080
15088
15080
15064
15120
15016
14952
14992
15056
14936
14904
14888
14848
14752
14728
14752
14768
14776
14720
14792
14816
14840
14800
14856
14952
14968
14944
14960
14984
14992
14920
14864
14680
14400
14208
14560
15264
16080
17264
18384
19832
20968
20312
18264
16792
15960
15424
15072
14928
15104
15152
15120
15160
15120
15080
14992
14952
14960
14912
14896
14896
14880
14808
14800
14832
14760
14832
14840
14816
14832
14896
14912
14864
14896
14928
14936
14888
14952
15016
15008
15032
15040
15064
15120
15136
15192
15240
15304
15328
15376
15440
15496
15504
15512
15576
15672
15792
15760
15848
15912
16008
16056
16088
16176
16304
16344
16384
16464
16528
16544
16600
16720
16768
16720
16688
16648
16608
16504
16312
16120
16016
15864
15656
15520
15416
15312
15168
15112
15112
15048
14944
14904
14976
14992
14952
14880
14816
14824
14832
14824
14840
14864
14864
14904
14872
14928
14896
14856
14832
14936
14920
14880
14840
14928
14984
14888
14896
14888
14912
14904
14928
14904
14880
14896
14880
14920
14920
14912
14872
14880
14960
14944
14896
14872
14872
14872
14872
14896
14920
14936
14880
14856
14800
14744
14752
14856
14912
14912
14856
14832
14840
14832
14848
14760
14792
14832
14840
14800
14864
14872
14880
14848
14832
14832
14872
14792
14816
14824
14872
14856
14776
14840
14824
14816
14824
14824
14800
14800
14808
14808
14856
14848
14792
14816
14856
14832
14824
14832
14832
14848
14784
14840
14904
14960
15000
15016
15072
15136
15128
15096
15184
15224
15184
15168
15144
15152
15136
15024
15008
15088
15008
14936
14920
14920
14808
14632
14680
14760
14728
14720
14688
14688
14712
14704
14664
14664
14712
14712
14728
14744
14720
14792
14688
14584
14296
14192
14536
15152
16080
17312
18464
19944
21024
20248
18304
16704
15904
15384
15040
14912
15072
15176
15080
15024
15016
14984
14968
14912
14888
14952
14920
14888
14928
14920
14976
14968
14936
15016
14976
14960
14968
15016
15016
15008
15032
15024
15080
15104
15048
15080
15080
15152
15168
15128
15216
15248
15232
15304
15328
15360
15368
15424
15480
15536
15568
15616
15672
15720
15808
15792
15928
16016
16088
16128
16232
16264
16336
16368
16424
16568
16592
16672
16704
16760
16848
16744
16688
16640
16552
16368
16240
16096
15968
15744
15640
15528
15432
15328
15192
15160
15112
15088
14992
14976
15040
15032
14952
14936
14928
14952
14920
14960
14976
15016
14992
14928
14960
15008
14992
14952
14960
15008
15008
15000
14952
14992
15024
15000
14976
15032
14992
14936
14968
15032
14984
14976
14896
14976
15008
14984
14952
14952
14992
14968
14944
14912
14944
14960
14944
14976
14960
14936
14896
14856
14896
14944
14904
14880
14944
14912
14904
14840
14896
14872
14864
14880
14928
14952
14896
14888
14880
14952
14856
14848
14864
14896
14904
14856
14880
14904
14952
14856
14880
14944
14896
14912
14928
14960
14984
14880
14928
14952
14960
14936
14880
14904
14888
14912
14896
14896
14960
14960
14920
14952
15016
15000
14944
14984
15072
15168
15104
15152
15192
15280
15288
15272
15288
15312
15280
15224
15248
15232
15216
15168
15136
15136
15064
14976
14840
14848
14872
14864
14808
14840
14864
14824
14848
14848
14872
14840
14848
14856
14888
14864
14840
14848
14848
14624
14320
14384
14968
15640
16640
17816
19096
20456
20984
19504
17504
16280
15600
15168
14976
15032
15128
15256
15240
15208
15200
15112
15136
15160
15160
15104
15136
15200
15152
15104
15136
15216
15224
15192
15216
15272
15256
15256
15240
15280
15288
15280
15272
15296
15336
15368
15336
15400
15408
15416
15416
15488
15552
15592
15536
15536
15624
15688
15704
15720
15816
15848
15896
15976
16056
16128
16176
16232
16336
16440
16480
16440
16528
16648
16712
16728
16784
16920
17008
17000
16976
16984
16920
16792
16744
16632
16496
16256
16112
16008
15880
15680
15592
15480
15496
15392
15320
15304
15256
15256
15208
15232
15232
15200
15160
15208
15248
15208
15168
15160
15240
15240
15208
15192
15200
15224
15240
15224
15256
15264
15232
15208
15240
15272
15248
15192
15224
15272
15280
15248
15200
15192
15256
15240
15200
15224
15248
15160
15200
15208
15216
15192
15112
15216
15248
15200
15136
15144
15120
15208
15152
15112
15152
15168
15120
15152
15160
15136
15104
15104
15168
15176
15128
15088
15128
15152
15120
15104
15112
15136
15112
15080
15136
15112
15112
15072
15112
15160
15136
15120
15112
15168
15216
15088
15048
15136
15152
15144
15104
15120
15080
15120
15168
15112
15112
15104
15112
15152
15128
15128
15120
15128
15168
15168
15144
15112
15168
15232
15168
15144
15280
15288
15264
15328
15408
15424
15480
15440
15472
15520
15512
15440
15408
15432
15392
15368
15328
15304
15280
15208
15112
15072
15000
14944
14968
15008
15016
14960
14984
14992
15040
15016
14960
15000
15048
15048
15032
15048
15072
14920
14592
14480
14816
15376
16120
17280
18528
19968
21176
20944
19032
17312
16336
15776
15424
15304
15384
15440
15480
15400
15376
15312
15296
15296
15280
15256
15232
15288
15344
15280
15312
15344
15360
15328
15328
15360
15416
15352
15368
15408
15448
15416
15384
15408
15464
15528
15504
15440
15528
15584
15544
15592
15640
15632
15640
15672
15760
15808
15776
15800
15912
15992
16008
16032
16096
16232
16224
16304
16352
16424
16504
16576
16624
16752
16760
16816
16872
16944
17072
17072
17112
17160
17144
16968
16880
16776
16712
16512
16392
16224
16088
15912
15728
15672
15592
15480
15336
15344
15368
15336
15232
15328
15376
15344
15272
15176
15232
15280
15264
15240
15288
15288
15240
15296
15320
15312
15264
15256
15288
15296
15376
15304
15272
15296
15304
15312
15272
15296
15352
15272
15344
15384
15360
15360
15264
15328
15344
15304
15296
15288
15368
15320
15272
15312
15328
15248
15240
15224
15248
15272
15168
15192
15232
15304
15216
15224
15192
15240
15200
15232
15208
15136
15160
15152
15192
15248
15192
15096
15208
15224
15184
15152
15128
15200
15216
15152
15128
15176
15200
15160
15168
15160
15208
15160
15144
15168
15192
15168
15072
15128
15168
15176
15152
15160
15160
15176
15136
15176
15224
15136
15184
15168
15224
15248
15264
15368
15440
15488
15408
15400
15528
15560
15520
15544
15576
15584
15600
15520
15528
15536
15520
15392
15336
15376
15272
15128
15128
15152
15176
15176
15160
15224
15144
15200
15136
15120
15160
15200
15160
15304
15296
15200
15080
14904
14672
14800
15248
15992
17128
18224
19336
20488
20960
19504
17296
16160
15680
15304
15056
15104
15400
15616
15568
15512
15480
15536
15472
15440
15488
15536
15472
15528
15544
15544
15584
15592
15600
15608
15656
15528
15552
15576
15688
15696
15688
15744
15712
15656
15736
15824
15784
15768
15744
15832
15904
15928
15912
15896
15976
16024
16008
16048
16168
16240
16224
16264
16360
16464
16424
16440
16568
16704
16752
16760
16824
16912
17040
17024
17136
17152
17176
17160
17272
17432
17424
17384
17280
17224
17152
16872
16816
16744
16512
16352
16264
16184
16072
15920
15840
15848
15856
15800
15704
15656
15624
15656
15648
15696
15736
15648
15640
15640
15712
15624
15576
15608
15672
15712
15664
15640
15736
15712
15616
15680
15656
15648
15616
15624
15688
15736
15704
15648
15656
15656
15648
15640
15640
15704
15736
15648
15672
15656
15656
15632
15672
15696
15656
15592
15624
15584
15640
15672
15640
15656
15600
15608
15592
15600
15592
15592
15576
15568
15600
15672
15544
15536
15568
15584
15480
15544
15560
15584
15616
15584
15600
15560
15456
15536
15576
15600
15584
15504
15528
15600
15664
15672
15704
15848
15848
15776
15776
15808
15832
15872
15888
15872
15824
15800
15760
15776
15800
15712
15656
15672
15584
15472
15384
15320
15360
15440
15416
15408
15384
15424
15368
15392
15448
15408
15368
15376
15488
15488
15368
15184
14928
14984
15424
16024
16944
18160
19272
20504
21168
20256
17904
16360
15736
15352
15168
15192
15440
15600
15680
15624
15616
15592
15616
15624
15600
15624
15584
15568
15584
15592
15600
15616
15592
15600
15720
15688
15640
15616
15680
15712
15656
15632
15696
15784
15704
15736
15768
15816
15752
15728
15792
15864
15872
15888
15936
16032
16000
16032
16072
16104
16152
16176
16280
16304
16344
16432
16520
16592
16688
16696
16784
16904
16952
16944
16968
17080
17144
17224
17208
17256
17280
17296
17192
17144
16984
16856
16664
16488
16448
16232
16072
15888
15848
15800
15624
15560
15616
15560
15520
15488
15480
15448
15392
15376
15424
15416
15392
15376
15432
15480
15480
15400
15344
15400
15464
15448
15416
15440
15432
15440
15424
15456
15432
15392
15408
15432
15464
15440
15448
15400
15464
15432
15384
15400
15440
15440
15376
15400
15440
15440
15368
15384
15448
15448
15344
15336
15400
15448
15360
15344
15336
15384
15360
15304
15328
15336
15336
15296
15336
15328
15352
15288
15288
15288
15400
15296
15304
15360
15336
15296
15264
15312
15328
15320
15312
15328
15312
15296
15232
15312
15336
15304
15288
15312
15400
15376
15392
15456
15536
15560
15560
15536
15656
15768
15728
15656
15664
15624
15552
15528
15528
15496
15456
15344
15360
15288
15280
15168
15160
15176
15168
15152
15160
15168
15184
15152
15120
15208
15224
15136
15160
15216
15208
15040
14744
14648
15040
15648
16504
17672
18864
20160
21128
20536
18424
16680
15808
15344
15136
15128
15304
15432
15440
15456
15400
15400
15344
15376
15328
15328
15360
15360
15352
15344
15328
15376
15424
15368
15384
15400
15432
15424
15400
15440
15464
15416
15456
15504
15520
15504
15536
15568
15600
15600
15584
15624
15704
15672
15656
15728
15784
15848
15832
15896
15960
15976
16024
16088
16216
16272
16280
16352
16464
16560
16568
16632
16688
16784
16856
16920
16936
17048
17096
17120
17128
17120
17080
16960
16840
16768
16600
16392
16208
16128
15960
15792
15712
15624
15560
15464
15456
15424
15368
15296
15280
15296
15328
15296
15272
15256
15296
15328
15248
15248
15256
15344
15272
15264
15264
15312
15280
15256
15328
15336
15280
15264
15336
15296
15328
15288
15288
15320
15344
15256
15296
15320
15296
15216
15280
15288
15312
15256
15264
15280
15296
15256
15208
15280
15256
15224
15240
15200
15232
15216
15216
15216
15224
15200
15192
15152
15248
15168
15176
15176
15224
15224
15152
15160
15208
15208
15176
15168
15168
15176
15176
15152
15208
15224
15184
15152
15200
15176
15192
15152
15176
15208
15200
15144
15128
15160
15200
15184
15192
15184
15192
15112
15176
15176
15184
15192
15144
15256
15432
15384
15392
15424
15440
15464
15544
15664
15592
15528
15456
15448
15400
15432
15336
15264
15272
15264
15136
15112
15016
15048
15032
15000
15016
15024
15040
14984
15024
15032
15032
15032
15024
15032
15048
15000
15008
14816
14568
14504
14952
15704
16656
17832
19032
20520
21264
20096
17968
16528
15848
15432
15112
15120
15352
15368
15360
15328
15296
15304
15272
15208
15280
15288
15272
15280
15304
15288
15280
15280
15376
15344
15312
15320
15344
15408
15400
15336
15392
15416
15424
15400
15416
15496
15512
15504
15504
15592
15592
15584
15568
15664
15712
15680
15720
15768
15824
15840
15880
15928
15992
16048
16112
16240
16312
16328
16392
16440
16536
16600
16616
16680
16784
16904
16896
16896
17000
17040
17000
17000
16976
16928
16760
16592
16520
16376
16216
16040
15896
15832
15744
15616
15464
15456
15408
15328
15320
15336
15296
15272
15232
15304
15272
15224
15200
15280
15304
15288
15248
15256
15352
15296
15272
15216
15320
15296
15296
15272
15256
15336
15352
15344
15352
15376
15288
15240
15320
15328
15344
15336
15344
15320
15328
15320
15320
15304
15296
15304
15296
15352
15296
15256
15304
15368
15360
15248
15216
15272
15296
15312
15304
15256
15304
15280
15336
15320
15272
15264
15216
15256
15336
15280
15272
15224
15312
15312
15232
15256
15296
15336
15240
15280
15288
15304
15256
15256
15320
15352
15288
15264
15304
15312
15312
15264
15312
15320
15336
15264
15264
15288
15296
15264
15240
15296
15360
15280
15320
15376
15368
15304
15304
15360
15400
15432
15480
15568
15640
15632
15568
15648
15776
15832
15816
15680
15728
15720
15624
15608
15624
15600
15536
15464
15448
15376
15288
15248
15272
15352
15320
15264
15320
15312
15312
15280
15328
15320
15320
15296
15320
15320
15312
15048
14752
14904
15448
16104
17136
18360
19440
20736
21192
19776
17736
16416
15808
15376
15272
15288
15504
15624
15640
15632
15592
15584
15584
15560
15528
15544
15536
15584
15560
15552
15600
15656
15608
15560
15592
15640
15632
15640
15696
15728
15696
15704
15712
15784
15752
15704
15768
15824
15856
15808
15784
15872
15976
15928
15920
15976
16072
16072
16088
16168
16264
16256
16280
16376
16456
16512
16552
16576
16728
16824
16792
16848
17000
17032
17096
17128
17176
17248
17248
17304
17352
17368
17296
17176
17096
17024
16824
16640
16520
16440
16248
16096
15976
15944
15840
15776
15720
15672
15712
15640
15600
15664
15656
15560
15528
15624
15680
15608
15544
15592
15616
15608
15608
15568
15624
15632
15632
15600
15664
15632
15592
15560
15664
15712
15624
15528
15616
15656
15640
15608
15656
15688
15640
15584
15632
15624
15616
15560
15584
15640
15608
15560
15512
15600
15592
15544
15520
15560
15568
15512
15488
15552
15592
15496
15472
15536
15560
15536
15424
15496
15536
15512
15464
15496
15552
15504
15464
15448
15512
15496
15480
15472
15544
15504
15464
15472
15512
15520
15448
15464
15480
15552
15512
15440
15472
15520
15464
15456
15480
15560
15496
15432
15488
15544
15488
15448
15416
15472
15552
15480
15440
15464
15552
15496
15440
15480
15584
15456
15472
15544
15552
15496
15472
15536
15600
15624
15576
15640
15744
15768
15712
15696
15808
15848
15776
15784
15824
15848
15776
15648
15720
15816
15704
15648
15576
15664
15560
15384
15320
15408
15408
15368
15304
15400
15368
15288
15320
15392
15400
15336
15296
15360
15440
15360
15312
15176
14992
14800
15112
15784
16648
17832
18976
20488
21632
21000
18824
17096
16304
15808
15448
15376
15616
15808
15616
15520
15568
15592
15536
15488
15504
15584
15520
15504
15544
15584
15592
15496
15552
15624
15616
15560
15576
15648
15696
15592
15616
15728
15728
15664
15664
15752
15832
15744
15672
15768
15912
15872
15792
15856
15984
15960
15952
15944
16128
16136
16104
16184
16288
16384
16312
16384
16528
16600
16616
16584
16704
16856
16856
16848
17024
17168
17152
17192
17280
17384
17328
17320
17304
17344
17168
16984
16840
16824
16680
16392
16176
16128
16096
15888
15760
15768
15792
15688
15560
15552
15624
15560
15472
15496
15576
15512
15440
15456
15552
15560
15504
15440
15488
15512
15456
15424
15544
15584
15504
15400
15488
15568
15464
15328
15408
15544
15448
15360
15440
15552
15496
15408
15480
15544
15440
15400
15392
15496
15536
15384
15328
15440
15488
15432
15328
15456
15504
15424
15312
15344
15480
15408
15336
15360
15408
15416
15304
15352
15424
15416
15328
15296
15408
15432
15352
15288
15328
15448
15360
15320
15384
15408
15352
15280
15344
15464
15384
15232
15336
15456
15376
15280
15304
15424
15448
15336
15304
15440
15456
15336
15296
15384
15360
15344
15192
15344
15400
15360
15248
15336
15416
15416
15320
15448
15592
15568
15512
15576
15680
15656
15616
15632
15736
15720
15584
15504
15608
15704
15536
15416
15448
15520
15312
15144
15184
15344
15232
15136
15176
15280
15272
15136
15152
15312
15240
15192
15136
15272
15296
15232
15104
14984
14776
14792
15208
16000
17080
18136
19152
20504
21096
19656
17408
16184
15784
15336
15024
15120
15472
15616
15488
15488
15528
15520
15456
15432
15496
15576
15456
15392
15512
15616
15520
15480
15504
15672
15600
15536
15536
15696
15656
15568
15616
15720
15696
15608
15632
15792
15832
15720
15656
15784
15928
15856
15768
15864
16032
15960
15880
16008
16192
16128
16072
16192
16360
16352
16304
16336
16560
16632
16536
16624
16816
16888
16912
16888
17032
17168
17056
17056
17208
17376
17232
17136
17216
17248
17040
16792
16696
16720
16504
16200
16064
16144
16000
15776
15672
15776
15704
15584
15480
15600
15672
15480
15376
15528
15664
15544
15424
15480
15608
15560
15432
15456
15560
15504
15464
15528
15600
15608
15416
15432
15560
15656
15504
15456
15600
15680
15560
15432
15528
15672
15528
15384
15472
15616
15560
15344
15448
15608
15544
15424
15424
15560
15608
15424
15352
15512
15552
15448
15392
15472
15536
15344
15288
15408
15520
15432
15288
15392
15592
15472
15312
15336
15504
15456
15344
15328
15472
15504
15336
15320
15480
15496
15344
15256
15440
15528
15368
15224
15360
15560
15408
15288
15304
15464
15424
15272
15328
15464
15424
15280
15320
15480
15496
15328
15288
15456
15544
15352
15288
15472
15560
15512
15416
15536
15720
15616
15512
15680
15816
15720
15592
15640
15792
15768
15560
15520
15712
15712
15512
15400
15496
15480
15232
15160
15248
15400
15192
15096
15256
15400
15224
15104
15160
15424
15328
15152
15136
15368
15384
15168
15056
14952
14792
14976
15544
16464
17736
18768
20080
21384
21136
18920
16920
16120
15760
15360
15208
15424
15688
15608
15384
15472
15600
15560
15352
15384
15608
15600
15440
15392
15544
15600
15448
15376
15560
15696
15568
15504
15616
15744
15648
15520
15600
15784
15744
15536
15592
15848
15776
15648
15704
15864
15864
15720
15728
15872
15960
15872
15856
16032
16192
16096
15976
16152
16376
16304
16192
16352
16592
16616
16480
16632
16848
16840
16752
16872
17048
17168
17056
17056
17288
17328
17208
17072
17160
17184
16960
16688
16624
16648
16360
16128
16056
16064
15840
15632
15656
15776
15664
15488
15424
15624
15592
15408
15384
15536
15608
15488
15360
15488
15600
15488
15360
15456
15640
15496
15376
15504
15664
15520
15432
15440
15608
15600
15456
15448
15584
15552
15496
15432
15600
15632
15416
15352
15520
15648
15488
15336
15480
15632
15520
15352
15408
15576
15536
15360
15384
15560
15488
15328
15352
15528
15496
15328
15312
15464
15536
15352
15248
15392
15536
15416
15288
15384
15512
15368
15304
15360
15560
15400
15240
15336
15512
15448
15232
15280
15456
15480
15352
15256
15456
15536
15328
15272
15400
15520
15384
15280
15352
15528
15344
15248
15352
15496
15440
15240
15312
15496
15464
15280
15272
15472
15456
15328
15272
15416
15512
15344
15272
15424
15528
15400
15304
15360
15552
15440
15272
15352
15544
15568
15464
15512
15728
15704
15560
15664
15776
15784
15672
15560
15768
15872
15616
15496
15656
15752
15544
15368
15464
15552
15328
15168
15240
15432
15280
15160
15208
15384
15352
15192
15184
15376
15408
15248
15168
15376
15432
15224
14944
14808
15000
15312
15816
16976
18320
19408
20704
21440
20296
18056
16480
15856
15696
15392
15296
15464
15704
15696
15464
15376
15600
15640
15424
15312
15496
15632
15464
15304
15448
15648
15576
15400
15464
15664
15608
15448
15496
15736
15640
15520
15536
15760
15760
15552
15528
15752
15864
15704
15616
15808
15952
15808
15672
15808
16032
15928
15816
15928
16208
16160
15984
16136
16432
16456
16264
16328
16616
16704
16560
16568
16840
16968
16864
16824
17064
17192
17104
17016
17216
17472
17352
17064
17128
17184
17000
16656
16552
16632
16392
16072
15944
16024
15936
15632
15520
15736
15680
15472
15320
15432
15592
15456
15248
15376
15544
15440
15304
15384
15568
15440
15264
15296
15568
15448
15296
15336
15544
15560
15408
15288
15512
15608
15416
15272
15416
15544
15392
15256
15440
15624
15496
15304
15424
15640
15472
15232
15304
15496
15472
15280
15296
15512
15528
15320
15200
15416
15448
15344
15296
15440
15576
15376
15104
15336
15560
15432
15208
15232
15400
15360
15136
15216
15464
15440
15232
15280
15448
15504
15264
15152
15400
15432
15288
15184
15360
15464
15328
15152
15296
15464
15336
15168
15280
15440
15400
15240
15272
15488
15416
15208
15224
15448
15456
15304
15224
15440
15592
15408
15400
15600
15736
15664
15576
15712
15888
15824
15664
15776
16040
15920
15712
15712
15784
15472
15200
15200
15336
15360
15184
15208
15376
15424
15232
15160
15336
15448
15280
15144
15320
15608
15496
15264
15296
15464
15144
14752
14832
15440
16072
16872
18104
19400
20616
21128
20128
18088
16912
16064
15496
15320
15224
15456
15496
15696
15936
15824
15728
15792
15928
15840
15672
15640
15696
15520
15368
15488
15768
15752
15616
15536
15720
15920
15712
15664
15992
16232
16064
15800
15784
16072
15968
15792
15920
16232
16096
15848
15944
16200
16144
16032
16064
16296
16320
16232
16184
16544
16576
16648
16536
16864
16976
16664
16416
16664
16928
16928
16848
17072
17384
17400
17184
17200
17472
17584
17432
17624
17840
17856
17400
17080
17144
17088
16672
16368
16408
16392
16272
16080
16064
16224
16024
15688
15728
15848
15808
15776
15768
15992
15832
15656
15696
15872
15648
15488
15456
15736
15896
15584
15488
15744
15912
15752
15624
15712
16016
15800
15576
15584
15776
15720
15528
15672
15928
15808
15664
15488
15696
15832
15816
15584
15768
15960
15536
15360
15576
15824
15656
15408
15584
15904
15816
15584
15624
15888
15840
15352
15256
15584
15592
15400
15472
15800
15712
15376
15480
15600
15696
15464
15280
15552
15696
15640
15440
15472
15712
15480
15336
15528
15656
15584
15328
15400