-176
-176
-176
-172
-173
-173
-174
-172
-170
-170
-170
-167
-165
-165
-166
-162
-162
-162
-162
-159
-158
-156
-157
-153
-150
-152
-150
-148
-142
-143
-142
-141
-135
-134
-135
-132
-125
-124
-123
-121
-114
-109
-107
-106
-97
-89
-86
-85
-74
-65
-60
-54
-47
-37
-33
-29
-24
-15
-11
-10
-9
-6
-6
-10
-17
-20
-26
-37
-45
-55
-66
-77
-88
-94
-100
-109
-116
-120
-122
-128
-134
-137
-136
-139
-144
-146
-144
-147
-150
-153
-149
-149
-154
-156
-152
-152
-154
-156
-153
-150
-152
-153
-152
-148
-149
-150
-151
-145
-144
-145
-147
-142
-142
-143
-145
-142
-142
-143
-145
-143
-141
-142
-144
-143
-142
-144
-148
-147
-143
-144
-146
-147
-144
-147
-149
-149
-147
-148
-151
-152
-150
-149
-154
-155
-152
-151
-153
-157
-153
-151
-154
-156
-155
-151
-154
-156
-156
-153
-155
-158
-158
-152
-153
-158
-160
-156
-154
-158
-159
-156
-154
-154
-152
-149
-141
-131
-120
-110
-106
-108
-112
-108
-96
-89
-91
-94
-88
-97
-106
-116
-115
-112
-118
-121
-137
-151
-164
-168
-169
-167
-171
-175
-175
-172
-172
-177
-177
-173
-172
-174
-164
-137
-103
-74
-35
33
113
57
-93
-240
-331
-344
-325
-311
-289
-260
-242
-230
-203
-191
-189
-187
-186
-184
-185
-186
-183
-182
-181
-183
-177
-177
-175
-177
-175
-173
-173
-171
-170
-167
-169
-168
-167
-163
-163
-162
-162
-156
-156
-157
-157
-151
-148
-147
-148
-141
-137
-138
-138
-133
-126
-123
-122
-117
-109
-104
-101
-98
-88
-82
-77
-71
-61
-51
-47
-45
-36
-28
-24
-23
-17
-15
-16
-20
-21
-23
-32
-40
-47
-53
-66
-77
-86
-92
-102
-110
-119
-121
-127
-133
-138
-138
-140
-148
-152
-149
-149
-154
-157
-156
-153
-157
-163
-162
-159
-161
-162
-164
-157
-158
-159
-161
-157
-155
-155
-157
-157
-154
-153
-152
-152
-151
-152
-152
-150
-147
-148
-152
-149
-145
-149
-152
-151
-148
-149
-149
-154
-153
-152
-152
-153
-152
-152
-156
-159
-153
-152
-156
-158
-155
-152
-155
-159
-159
-154
-156
-160
-161
-158
-157
-157
-162
-157
-157
-157
-161
-157
-156
-159
-161
-159
-157
-158
-159
-160
-156
-156
-158
-158
-155
-153
-153
-152
-143
-130
-120
-114
-110
-113
-112
-105
-94
-89
-94
-94
-93
-100
-111
-116
-108
-106
-113
-128
-145
-155
-161
-165
-166
-167
-167
-171
-174
-168
-168
-171
-174
-171
-169
-166
-155
-126
-87
-52
11
92
131
20
-140
-267
-309
-298
-286
-280
-268
-238
-224
-208
-183
-175
-174
-175
-170
-171
-172
-174
-168
-167
-169
-168
-166
-161
-164
-164
-164
-159
-161
-161
-160
-156
-155
-156
-156
-149
-148
-149
-149
-144
-140
-142
-142
-137
-135
-134
-134
-131
-125
-124
-123
-122
-115
-111
-108
-107
-99
-93
-88
-82
-76
-69
-63
-57
-49
-42
-36
-33
-26
-20
-18
-17
-13
-10
-11
-16
-18
-20
-30
-37
-47
-52
-63
-77
-85
-89
-97
-108
-114
-116
-116
-125
-132
-131
-130
-135
-142
-142
-140
-144
-147
-148
-145
-147
-150
-151
-148
-149
-151
-152
-148
-147
-149
-151
-150
-146
-147
-147
-145
-144
-144
-144
-143
-142
-143
-144
-144
-142
-144
-144
-144
-142
-143
-146
-147
-144
-144
-147
-149
-146
-145
-149
-150
-149
-148
-150
-153
-152
-149
-152
-156
-156
-150
-152
-154
-157
-152
-153
-155
-157
-153
-153
-155
-159
-156
-153
-155
-157
-157
-154
-156
-158
-157
-155
-156
-157
-158
-155
-155
-157
-158
-153
-152
-149
-142
-125
-115
-110
-110
-110
-109
-105
-98
-90
-89
-92
-93
-99
-105
-116
-116
-114
-114
-124
-146
-159
-163
-165
-169
-173
-170
-169
-174
-176
-173
-170
-174
-175
-174
-166
-150
-125
-92
-56
-1
80
118
15
-136
-272
-334
-328
-313
-302
-277
-243
-229
-212
-193
-184
-180
-181
-182
-179
-177
-181
-177
-178
-172
-176
-177
-176
-172
-171
-173
-172
-166
-165
-168
-167
-164
-162
-160
-161
-157
-153
-154
-156
-152
-148
-147
-147
-146
-140
-140
-139
-138
-130
-128
-125
-123
-118
-113
-110
-109
-101
-95
-91
-86
-77
-70
-63
-58
-48
-42
-37
-33
-26
-19
-19
-17
-16
-14
-16
-22
-27
-30
-39
-50
-60
-69
-77
-90
-100
-106
-111
-121
-130
-133
-134
-138
-145
-149
-149
-150
-154
-159
-157
-157
-162
-165
-162
-162
-164
-165
-165
-162
-163
-167
-166
-161
-164
-165
-163
-159
-158
-159
-159
-157
-156
-157
-157
-153
-153
-157
-156
-152
-154
-157
-158
-155
-154
-157
-158
-157
-155
-158
-161
-161
-158
-160
-164
-162
-158
-159
-162
-163
-159
-162
-163
-166
-162
-161
-164
-168
-166
-162
-164
-166
-167
-164
-165
-166
-165
-165
-166
-167
-167
-164
-165
-166
-166
-163
-164
-164
-167
-164
-166
-165
-165
-162
-158
-159
-160
-154
-141
-129
-121
-115
-112
-119
-117
-107
-96
-96
-99
-99
-101
-108
-120
-121
-112
-114
-122
-142
-155
-163
-168
-173
-171
-170
-175
-176
-178
-173
-173
-176
-176
-172
-172
-165
-147
-109
-75
-31
34
121
81
-67
-221
-314
-326
-307
-298
-285
-253
-234
-223
-197
-182
-181
-179
-179
-174
-174
-177
-174
-170
-170
-172
-171
-166
-166
-166
-167
-163
-160
-164
-165
-160
-156
-157
-157
-154
-150
-150
-151
-150
-143
-141
-141
-140
-135
-132
-132
-132
-128
-125
-124
-122
-116
-111
-106
-103
-96
-91
-89
-85
-77
-67
-64
-57
-47
-36
-34
-28
-23
-14
-10
-9
-6
-1
-1
-5
-9
-10
-15
-26
-38
-44
-51
-61
-73
-79
-85
-95
-103
-109
-109
-115
-121
-127
-127
-129
-133
-137
-139
-136
-139
-140
-142
-139
-142
-145
-143
-142
-143
-143
-142
-140
-139
-141
-141
-137
-136
-137
-137
-133
-135
-134
-136
-132
-130
-133
-132
-130
-127
-130
-132
-131
-128
-130
-134
-133
-129
-132
-136
-135
-132
-133
-135
-137
-132
-132
-133
-139
-134
-134
-137
-140
-139
-135
-137
-138
-138
-135
-137
-138
-138
-135
-135
-136
-138
-136
-135
-137
-138
-135
-136
-138
-140
-137
-137
-138
-138
-136
-135
-138
-139
-136
-130
-130
-128
-116
-99
-92
-91
-90
-88
-84
-81
-73
-70
-71
-71
-80
-82
-90
-93
-92
-92
-96
-114
-132
-142
-141
-144
-148
-150
-149
-151
-153
-152
-151
-151
-152
-152
-149
-137
-118
-84
-50
-7
60
138
91
-51
-197
-290
-306
-287
-280
-266
-233
-207
-198
-176
-163
-157
-156
-159
-158
-155
-155
-156
-157
-151
-150
-151
-153
-149
-147
-147
-147
-145
-141
-141
-142
-142
-136
-135
-136
-135
-130
-128
-129
-129
-125
-122
-122
-121
-115
-115
-113
-113
-108
-104
-101
-100
-96
-90
-86
-84
-79
-70
-66
-61
-55
-46
-40
-35
-29
-18
-11
-8
-3
4
10
11
10
13
15
12
2
-3
-7
-18
-30
-40
-45
-56
-68
-79
-81
-87
-95
-103
-106
-107
-113
-117
-120
-119
-122
-126
-127
-127
-130
-132
-134
-134
-134
-137
-134
-133
-134
-135
-135
-132
-133
-134
-134
-130
-129
-130
-130
-127
-126
-129
-127
-126
-123
-125
-125
-124
-121
-123
-126
-125
-122
-122
-125
-127
-122
-123
-127
-131
-127
-127
-129
-132
-130
-128
-130
-132
-133
-130
-131
-134
-135
-131
-133
-135
-136
-133
-134
-135
-136
-132
-135
-137
-137
-134
-135
-135
-137
-134
-133
-137
-138
-137
-134
-137
-138
-137
-134
-136
-136
-133
-125
-115
-103
-95
-86
-86
-91
-90
-76
-68
-72
-76
-72
-74
-83
-94
-96
-88
-92
-101
-119
-131
-140
-145
-150
-148
-149
-152
-155
-154
-151
-154
-155
-154
-152
-151
-141
-118
-82
-53
-14
55
141
95
-49
-196
-295
-320
-304
-289
-267
-234
-216
-204
-178
-165
-163
-163
-159
-157
-158
-161
-157
-155
-156
-156
-154
-151
-151
-152
-153
-147
-148
-148
-147
-142
-142
-143
-144
-140
-136
-135
-136
-131
-128
-129
-128
-125
-123
-123
-121
-117
-113
-112
-110
-107
-99
-100
-96
-93
-85
-81
-77
-72
-62
-55
-53
-46
-36
-28
-25
-19
-9
-2
1
4
7
11
11
7
6
5
-2
-13
-24
-27
-38
-49
-63
-69
-76
-86
-94
-99
-102
-109
-115
-118
-119
-123
-128
-129
-130
-132
-134
-135
-135
-135
-138
-139
-137
-138
-139
-141
-138
-137
-139
-138
-135
-132
-137
-137
-133
-130
-132
-132
-130
-126
-127
-130
-129
-125
-125
-129
-128
-125
-125
-128
-132
-128
-125
-127
-131
-130
-128
-130
-134
-133
-128
-131
-133
-133
-130
-132
-135
-134
-132
-133
-136
-137
-135
-134
-137
-139
-135
-135
-137
-138
-135
-134
-137
-139
-136
-135
-138
-138
-137
-136
-138
-140
-139
-135
-135
-140
-140
-135
-135
-139
-142
-138
-137
-137
-137
-131
-122
-112
-102
-93
-88
-91
-94
-91
-80
-72
-76
-75
-71
-77
-86
-96
-95
-91
-95
-101
-116
-133
-143
-146
-146
-148
-150
-153
-153
-151
-153
-155
-154
-150
-151
-153
-140
-114
-82
-55
-11
64
143
81
-74
-220
-305
-313
-296
-280
-262
-232
-217
-202
-176
-167
-166
-165
-159
-160
-162
-162
-155
-153
-155
-156
-153
-151
-153
-155
-151
-149
-148
-148
-145
-143
-144
-143
-141
-140
-137
-136
-137
-132
-133
-133
-131
-125
-126
-125
-124
-117
-114
-116
-113
-106
-102
-101
-98
-93
-86
-82
-80
-73
-64
-60
-56
-48
-38
-31
-25
-24
-13
-7
-4
-4
1
4
3
1
0
-5
-13
-22
-28
-33
-45
-57
-64
-72
-80
-88
-96
-99
-105
-112
-115
-116
-122
-125
-129
-125
-127
-129
-132
-133
-131
-134
-135
-135
-134
-137
-137
-137
-134
-135
-136
-135
-130
-128
-131
-130
-126
-126
-128
-130
-125
-123
-124
-127
-124
-119
-123
-125
-123
-119
-124
-126
-125
-121
-122
-125
-126
-123
-123
-126
-129
-127
-126
-127
-128
-126
-127
-127
-129
-128
-128
-129
-132
-131
-130
-132
-133
-131
-127
-131
-132
-133
-130
-133
-136
-134
-130
-131
-134
-134
-129
-130
-135
-137
-130
-128
-130
-136
-133
-127
-128
-129
-127
-114
-99
-89
-85
-82
-85
-82
-76
-63
-61
-66
-68
-67
-73
-84
-90
-82
-83
-87
-103
-121
-132
-136
-139
-138
-137
-142
-144
-144
-141
-143
-146
-146
-141
-141
-138
-121
-85
-50
-15
51
140
144
8
-150
-257
-283
-270
-263
-256
-231
-204
-195
-177
-155
-150
-149
-151
-147
-145
-147
-147
-145
-142
-143
-144
-141
-138
-139
-140
-138
-134
-135
-134
-131
-127
-129
-130
-128
-123
-123
-123
-123
-118
-118
-118
-115
-110
-108
-110
-108
-103
-99
-97
-98
-94
-88
-86
-86
-78
-71
-69
-64
-58
-49
-43
-38
-35
-25
-17
-13
-10
-2
6
8
9
12
14
13
7
4
1
-7
-18
-28
-35
-43
-54
-64
-69
-79
-86
-92
-94
-100
-106
-110
-109
-112
-118
-120
-120
-120
-123
-126
-125
-124
-127
-130
-127
-126
-128
-130
-129
-124
-124
-126
-127
-121
-121
-124
-127
-122
-118
-120
-120
-119
-117
-120
-121
-118
-114
-115
-118
-120
-117
-118
-120
-121
-119
-117
-120
-122
-120
-121
-122
-124
-124
-125
-124
-127
-126
-125
-128
-128
-125
-123
-129
-129
-127
-127
-131
-135
-133
-128
-132
-134
-135
-132
-132
-133
-136
-130
-130
-132
-136
-132
-131
-132
-136
-139
-136
-136
-134
-136
-132
-130
-130
-126
-112
-97
-90
-88
-86
-87
-87
-82
-73
-73
-76
-75
-78
-87
-95
-96
-93
-93
-105
-126
-139
-143
-147
-149
-149
-147
-153
-156
-154
-152
-154
-160
-158
-153
-149
-139
-119
-81
-47
9
87
152
68
-92
-235
-295
-285
-273
-271
-264
-229
-209
-200
-178
-164
-160
-162
-163
-159
-155
-156
-157
-157
-155
-154
-154
-152
-149
-149
-149
-149
-145
-145
-144
-142
-138
-138
-138
-139
-133
-131
-132
-131
-126
-123
-124
-123
-120
-115
-114
-115
-110
-104
-103
-102
-98
-89
-85
-84
-81
-71
-66
-61
-57
-47
-38
-35
-28
-21
-13
-7
-3
3
10
14
14
17
18
16
12
8
3
-6
-14
-24
-28
-40
-48
-58
-62
-70
-77
-83
-87
-88
-93
-99
-100
-99
-104
-108
-109
-106
-108
-113
-113
-112
-113
-115
-117
-113
-113
-115
-119
-114
-110
-113
-115
-111
-109
-111
-113
-112
-108
-108
-109
-110
-105
-106
-108
-106
-106
-105
-106
-107
-105
-106
-106
-108
-105
-107
-110
-111
-108
-108
-109
-109
-110
-108
-111
-115
-113
-110
-113
-116
-115
-114
-114
-116
-117
-115
-115
-118
-120
-116
-115
-117
-121
-116
-115
-117
-121
-119
-114
-116
-118
-118
-113
-114
-116
-119
-115
-112
-113
-113
-102
-86
-74
-68
-66
-66
-67
-63
-52
-52
-54
-57
-56
-60
-71
-76
-71
-69
-79
-92
-108
-116
-122
-125
-129
-125
-126
-131
-132
-128
-127
-133
-135
-131
-128
-121
-106
-74
-42
2
73
177
181
50
-116
-243
-279
-274
-271
-255
-213
-188
-177
-156
-144
-139
-140
-140
-140
-137
-136
-136
-135
-135
-134
-134
-132
-129
-130
-131
-128
-123
-123
-124
-126
-121
-120
-123
-122
-117
-114
-115
-115
-110
-106
-107
-109
-107
-101
-99
-101
-98
-93
-91
-91
-91
-83
-79
-77
-76
-67
-60
-57
-53
-46
-36
-33
-27
-21
-9
-5
0
6
13
15
17
20
23
21
18
14
11
1
-9
-18
-24
-36
-47
-58
-64
-69
-80
-87
-89
-93
-102
-106
-106
-108
-111
-114
-114
-114
-116
-123
-120
-117
-118
-121
-126
-123
-122
-126
-128
-123
-122
-125
-128
-127
-120
-124
-127
-128
-122
-121
-125
-125
-121
-119
-120
-123
-124
-118
-115
-117
-112
-112
-112
-114
-112
-110
-112
-114
-114
-113
-118
-120
-120
-116
-119
-120
-121
-116
-118
-122
-121
-120
-119
-123
-123
-120
-120
-123
-128
-124
-123
-127
-130
-127
-125
-126
-126
-131
-126
-127
-130
-134
-127
-128
-131
-131
-132
-129
-132
-130
-124
-118
-103
-93
-83
-82
-86
-86
-77
-67
-67
-70
-68
-69
-78
-88
-91
-84
-89
-97
-110
-123
-135
-142
-146
-143
-142
-147
-150
-150
-147
-152
-155
-152
-149
-148
-141
-122
-88
-60
-24
35
126
94
-53
-203
-300
-319
-305
-300
-284
-247
-224
-211
-187
-173
-170
-172
-172
-170
-171
-172
-169
-168
-166
-169
-165
-159
-162
-165
-164
-161
-160
-160
-162
-158
-154
-154
-155
-152
-146
-148
-150
-148
-144
-142
-144
-140
-134
-134
-136
-133
-128
-127
-125
-122
-117
-113
-110
-108
-101
-92
-90
-86
-79
-68
-63
-59
-51
-39
-35
-30
-24
-18
-11
-8
-6
-3
-4
-5
-8
-10
-16
-26
-36
-42
-52
-64
-75
-85
-91
-100
-108
-112
-114
-120
-129
-131
-129
-132
-139
-140
-139
-141
-145
-147
-144
-144
-148
-152
-147
-146
-148
-151
-149
-145
-146
-150
-149
-145
-147
-148
-149
-145
-144
-144
-144
-141
-139
-142
-143
-141
-140
-140
-139
-136
-137
-138
-140
-138
-137
-140
-141
-140
-138
-141
-143
-142
-137
-139
-144
-145
-141
-141
-144
-144
-141
-140
-142
-146
-143
-141
-143
-146
-142
-138
-141
-145
-145
-141
-143
-145
-145
-140
-140
-143
-146
-143
-142
-142
-144
-141
-139
-141
-142
-135
-134
-131
-120
-104
-95
-91
-95
-96
-86
-79
-72
-74
-73
-76
-81
-90
-92
-90
-92
-95
-99
-118
-136
-143
-143
-143
-146
-151
-149
-147
-150
-152
-151
-147
-148
-150
-147
-128
-105
-73
-46
10
86
133
38
-108
-230
-299
-298
-279
-264
-249
-219
-199
-185
-165
-158
-155
-150
-150
-152
-152
-149
-148
-150
-150
-145
-146
-147
-146
-142
-139
-141
-138
-136
-133
-135
-134
-130
-127
-128
-128
-124
-120
-121
-121
-119
-112
-111
-113
-112
-104
-101
-102
-102
-96
-91
-89
-87
-83
-75
-71
-69
-64
-53
-49
-44
-37
-30
-23
-18
-10
-3
4
7
11
17
17
18
18
19
15
9
1
-5
-12
-27
-36
-44
-49
-61
-69
-76
-79
-85
-95
-98
-98
-103
-108
-112
-110
-112
-116
-121
-119
-118
-121
-125
-121
-119
-120
-123
-124
-120
-120
-122
-124
-120
-119
-119
-120
-117
-116
-117
-118
-113
-111
-113
-114
-111
-110
-112
-113
-112
-111
-112
-113
-113
-111
-114
-115
-114
-112
-115
-117
-118
-115
-115
-119
-120
-117
-117
-121
-123
-120
-119
-122
-123
-122
-120
-122
-125
-125
-120
-123
-125
-125
-121
-122
-124
-126
-123
-122
-125
-127
-125
-124
-126
-127
-126
-125
-126
-129
-126
-124
-122
-122
-115
-101
-89
-81
-77
-75
-80
-78
-70
-61
-63
-65
-65
-66
-75
-87
-86
-79
-84
-94
-113
-125
-131
-136
-142
-141
-139
-141
-145
-147
-143
-143
-144
-148
-143
-139
-126
-101
-64
-33
17
91
145
48
-103
-237
-305
-303
-288
-279
-252
-216
-201
-186
-164
-156
-155
-155
-155
-151
-152
-152
-152
-147
-147
-151
-151
-147
-143
-146
-146
-143
-140
-142
-142
-139
-134
-135
-138
-134
-130
-130
-130
-130
-124
-121
-122
-124
-116
-113
-113
-114
-109
-105
-103
-101
-99
-92
-89
-87
-83
-75
-70
-66
-60
-53
-47
-41
-35
-26
-19
-14
-9
-1
3
4
6
9
10
5
2
-1
-5
-16
-26
-35
-40
-52
-64
-74
-79
-88
-96
-101
-103
-108
-114
-122
-120
-122
-126
-131
-129
-130
-132
-136
-138
-134
-136
-140
-140
-136
-137
-138
-139
-136
-136
-136
-136
-133
-132
-132
-132
-129
-128
-128
-129
-126
-127
-128
-129
-127
-123
-124
-126
-128
-125
-128
-128
-129
-126
-126
-130
-131
-128
-128
-131
-133
-129
-128
-131
-134
-132
-131
-134
-138
-135
-132
-133
-136
-137
-133
-133
-136
-137
-135
-137
-138
-138
-137
-136
-138
-139
-138
-136
-138
-140
-137
-137
-137
-139
-140
-137
-138
-139
-137
-131
-131
-125
-111
-97
-91
-91
-92
-89
-83
-79
-72
-69
-69
-73
-80
-87
-92
-92
-96
-98
-102
-122
-139
-145
-142
-145
-150
-154
-150
-150
-154
-156
-152
-151
-154
-155
-151
-132
-107
-73
-41
11
84
127
23
-126
-252
-321
-317
-297
-281
-260
-227
-207
-195
-172
-165
-159
-158
-159
-160
-158
-154
-157
-157
-154
-151
-153
-155
-151
-148
-146
-150
-148
-142
-142
-144
-143
-137
-136
-138
-139
-132
-130
-130
-131
-126
-121
-123
-123
-121
-114
-114
-113
-110
-105
-103
-101
-97
-92
-89
-87
-81
-73
-68
-65
-59
-49
-43
-38
-32
-23
-16
-12
-8
-1
5
4
5
5
7
3
-4
-8
-12
-23
-37
-46
-51
-61
-72
-82
-86
-91
-98
-105
-107
-110
-116
-122
-124
-123
-127
-131
-131
-128
-129
-133
-135
-129
-130
-131
-133
-132
-131
-131
-131
-128
-128
-126
-125
-123
-122
-123
-123
-121
-120
-119
-119
-119
-114
-118
-120
-119
-114
-115
-118
-118
-115
-116
-119
-121
-119
-119
-122
-123
-122
-119
-121
-125
-124
-123
-124
-126
-124
-123
-122
-125
-129
-125
-128
-129
-130
-129
-126
-126
-128
-128
-126
-129
-132
-129
-126
-126
-127
-126
-126
-128
-132
-131
-128
-128
-127
-127
-122
-123
-123
-120
-106
-90
-85
-81
-78
-79
-79
-71
-60
-55
-62
-64
-65
-68
-78
-81
-76
-76
-83
-101
-120
-125
-129
-134
-138
-133
-135
-137
-137
-136
-135
-137
-140
-139
-135
-126
-108
-71
-38
5
70
151
108
-45
-190
-281
-287
-266
-252
-244
-214
-193
-187
-165
-144
-138
-141
-143
-140
-135
-141
-138
-135
-131
-135
-137
-134
-126
-128
-131
-130
-127
-124
-127
-129
-121
-120
-118
-118
-117
-114
-113
-114
-110
-104
-103
-103
-103
-97
-97
-97
-96
-94
-88
-87
-81
-77
-76
-72
-69
-62
-60
-56
-50
-37
-31
-29
-23
-15
-8
-6
0
10
16
17
14
18
24
19
13
9
4
-1
-6
-18
-28
-36
-48
-59
-57
-61
-72
-79
-84
-85
-88
-95
-103
-96
-98
-101
-105
-101
-106
-108
-105
-111
-107
-109
-107
-108
-104
-108
-112
-103
-99
-99
-100
-101
-98
-95
-101
-98
-93
-98
-95
-94
-94
-89
-98
-97
-90
-90
-94
-93
-93
-99
-96
-96
-94
-92
-98
-100
-99
-93
-91
-97
-99
-97
-94
-97
-97
-96
-97
-94
-100
-100
-97
-96
-96
-96
-93
-95
-98
-99
-100
-102
-97
-102
-95
-94
-99
-99
-93
-96
-100
-101
-96
-92
-98
-101
-91
-87
-88
-88
-85
-64
-53
-50
-46
-44
-41
-37
-27
-20
-25
-37
-28
-33
-47
-46
-40
-39
-48
-60
-81
-94
-96
-98
-101
-102
-98
-98
-102
-102
-101
-106
-104
-101
-95
-93
-73
-37
-3
45
118
197
159
18
-131
-219
-229
-215
-209
-208
-184
-159
-151
-126
-110
-105
-103
-109
-106
-101
-102
-103
-103
-97
-101
-102
-97
-96
-95
-94
-97
-90
-89
-95
-95
-86
-87
-84
-87
-89
-79
-82
-80
-77
-67
-73
-76
-74
-70
-66
-67
-67
-59
-54
-55
-56
-50
-44
-43
-38
-32
-29
-22
-13
-7
-1
0
5
15
25
26
30
37
44
45
44
46
51
49
42
37
36
28
20
7
0
-10
-19
-28
-35
-37
-44
-53
-59
-59
-65
-71
-77
-74
-77
-81
-85
-83
-86
-88
-87
-85
-85
-89
-90
-91
-89
-89
-88
-86
-85
-86
-86
-88
-84
-84
-83
-83
-80
-82
-80
-82
-77
-76
-79
-81
-77
-78
-84
-81
-76
-78
-82
-84
-82
-82
-82
-86
-87
-82
-82
-86
-89
-84
-86
-89
-90
-86
-86
-90
-93
-91
-90
-91
-93
-94
-89
-90
-93
-91
-90
-92
-97
-94
-92
-93
-95
-94
-91
-93
-94
-95
-93
-94
-94
-95
-92
-91
-97
-98
-88
-86
-86
-78
-60
-49
-44
-47
-47
-41
-35
-31
-31
-28
-26
-33
-44
-48
-49
-48
-54
-57
-71
-88
-99
-101
-100
-104
-109
-111
-106
-106
-111
-110
-106
-107
-109
-110
-97
-76
-46
-15
32
101
186
145
6
-138
-242
-266
-247
-237
-227
-196
-171
-157
-137
-127
-120
-114
-115
-119
-116
-114
-113
-116
-117
-111
-108
-108
-111
-107
-104
-104
-106
-103
-100
-99
-101
-101
-94
-92
-96
-95
-90
-89
-89
-86
-82
-81
-81
-79
-77
-75
-72
-71
-65
-63
-62
-61
-53
-48
-46
-44
-38
-28
-26
-22
-16
-5
0
3
12
23
28
29
33
37
41
40
41
43
43
36
27
24
18
9
-3
-13
-18
-26
-37
-47
-50
-58
-63
-69
-71
-73
-77
-83
-85
-83
-88
-93
-91
-92
-94
-97
-96
-95
-97
-99
-97
-97
-96
-97
-97
-92
-95
-95
-94
-90
-91
-92
-92
-87
-86
-90
-90
-87
-87
-90
-91
-86
-86
-88
-93
-91
-89
-91
-96
-96
-92
-93
-96
-99
-96
-97
-99
-103
-100
-99
-101
-105
-103
-101
-103
-106
-105
-105
-107
-108
-109
-107
-105
-108
-109
-108
-108
-110
-110
-108
-111
-112
-113
-110
-110
-114
-115
-112
-110
-115
-116
-113
-112
-113
-116
-112
-105
-105
-103
-88
-71
-65
-66
-67
-65
-61
-54
-51
-48
-48
-51
-60
-68
-73
-74
-73
-78
-84
-103
-118
-127
-127
-129
-133
-133
-133
-135
-137
-139
-137
-138
-140
-140
-132
-116
-90
-57
-24
31
108
155
55
-97
-234
-305
-302
-283
-272
-249
-215
-196
-179
-162
-154
-146
-145
-147
-149
-144
-142
-143
-145
-141
-138
-138
-140
-139
-135
-134
-135
-136
-130
-131
-132
-130
-126
-125
-126
-125
-121
-118
-118
-119
-114
-114
-112
-113
-107
-104
-102
-102
-98
-92
-92
-91
-86
-79
-76
-73
-67
-60
-56
-53
-46
-37
-31
-28
-24
-13
-5
-2
1
11
18
16
13
17
18
14
8
0
-1
-12
-24
-35
-40
-46
-57
-64
-71
-76
-84
-91
-94
-98
-102
-107
-110
-111
-115
-117
-118
-118
-120
-120
-126
-122
-124
-124
-126
-125
-124
-124
-125
-123
-122
-124
-123
-121
-117
-119
-120
-118
-113
-118
-117
-114
-111
-113
-115
-114
-111
-111
-113
-120
-113
-113
-113
-115
-113
-115
-116
-115
-115
-116
-117
-120
-119
-118
-118
-122
-118
-116
-118
-121
-122
-121
-119
-117
-121
-121
-124
-129
-124
-122
-121
-119
-122
-119
-118
-125
-124
-122
-121
-120
-120
-121
-123
-125
-124
-122
-120
-114
-117
-117
-104
-93
-78
-77
-64
-66
-74
-70
-52
-43
-47
-47
-48
-52
-59
-70
-67
-62
-67
-77
-96
-107
-116
-118
-120
-121
-123
-126
-124
-125
-129
-128
-124
-119
-127
-125
-116
-89
-52
-25
34
111
174
85
-74
-206
-269
-268
-245
-240
-225
-201
-186
-171
-144
-137
-133
-132
-126
-125
-127
-133
-129
-123
-120
-120
-122
-120
-124
-123
-116
-115
-115
-111
-115
-114
-110
-109
-107
-102
-108
-103
-107
-104
-95
-90
-96
-94
-89
-90
-87
-85
-81
-81
-73
-69
-65
-68
-61
-59
-51
-44
-42
-38
-28
-19
-11
-10
-3
7
10
12
25
33
32
31
32
42
39
38
30
26
21
13
7
1
-10
-24
-34
-36
-43
-55
-60
-64
-65
-69
-76
-80
-82
-86
-89
-88
-86
-87
-93
-95
-96
-97
-101
-96
-92
-94
-98
-97
-91
-88
-95
-96
-92
-89
-86
-91
-89
-83
-84
-87
-85
-78
-81
-83
-81
-77
-82
-84
-86
-82
-79
-82
-84
-83
-79
-81
-81
-83
-80
-82
-88
-89
-85
-83
-88
-90
-87
-87
-87
-88
-88
-87
-88
-89
-86
-91
-92
-90
-88
-88
-93
-92
-89
-85
-89
-91
-89
-88
-90
-93
-91
-90
-93
-94
-92
-89
-89
-95
-96
-88
-82
-80
-75
-59
-48
-45
-44
-48
-43
-35
-30
-25
-26
-29
-36
-42
-47
-48
-47
-49
-51
-68
-89
-102
-102
-101
-102
-105
-105
-108
-108
-109
-106
-106
-108
-108
-105
-90
-77
-44
-12
43
115
186
134
-11
-152
-240
-252
-234
-227
-222
-196
-171
-155
-134
-124
-117
-112
-114
-117
-116
-110
-111
-110
-110
-106
-109
-108
-108
-103
-104
-103
-103
-99
-96
-96
-95
-92
-94
-93
-93
-89
-87
-85
-85
-83
-79
-80
-79
-75
-70
-70
-69
-69
-65
-60
-58
-54
-46
-41
-43
-38
-28
-21
-18
-16
-7
2
6
11
17
27
34
34
38
46
47
47
44
46
43
38
32
26
21
11
-1
-11
-15
-26
-34
-41
-47
-52
-60
-65
-66
-70
-75
-78
-77
-80
-85
-87
-85
-84
-86
-90
-86
-86
-90
-90
-87
-86
-88
-89
-87
-85
-85
-86
-85
-80
-82
-84
-86
-81
-79
-79
-81
-77
-76
-77
-79
-77
-76
-79
-81
-80
-78
-79
-81
-80
-80
-81
-84
-85
-85
-83
-86
-88
-85
-86
-85
-88
-84
-86
-87
-88
-86
-87
-90
-89
-87
-88
-91
-91
-90
-89
-88
-90
-91
-88
-90
-91
-89
-85
-86
-91
-92
-88
-88
-90
-91
-85
-84
-87
-87
-81
-67
-53
-47
-41
-39
-42
-38
-30
-21
-22
-24
-21
-26
-34
-45
-46
-40
-45
-51
-66
-81
-94
-96
-100
-100
-99
-103
-105
-106
-103
-105
-108
-107
-101
-102
-96
-75
-39
-9
29
100
190
155
12
-142
-243
-263
-248
-241
-225
-190
-170
-160
-135
-118
-117
-115
-118
-111
-113
-114
-115
-111
-112
-111
-113
-109
-107
-106
-105
-106
-104
-102
-101
-100
-99
-100
-101
-97
-92
-92
-92
-90
-86
-86
-86
-84
-81
-77
-77
-77
-68
-67
-70
-67
-57
-54
-54
-52
-44
-43
-34
-32
-27
-17
-9
-4
-1
11
13
15
22
28
38
39
39
43
43
43
34
36
32
25
16
6
-5
-15
-26
-33
-35
-43
-53
-56
-67
-69
-73
-81
-76
-85
-92
-91
-92
-95
-89
-97
-97
-103
-104
-96
-98
-97
-96
-100
-98
-98
-95
-94
-89
-93
-92
-90
-96
-93
-86
-87
-87
-79
-75
-83
-84
-78
-76
-90
-81
-84
-80
-78
-85
-85
-79
-82
-85
-81
-82
-87
-85
-85
-87
-84
-81
-90
-88
-86
-86
-82
-86
-87
-92
-94
-92
-92
-89
-91
-99
-92
-96
-92
-86
-87
-91
-92
-97
-96
-96
-93
-99
-96
-87
-90
-98
-94
-98
-96
-100
-101
-87
-90
-97
-88
-71
-70
-59
-52
-43
-46
-39
-39
-40
-30
-27
-30
-28
-40
-59
-54
-47
-52
-58
-71
-88
-92
-104
-105
-109
-106
-110
-108
-109
-112
-112
-113
-112
-111
-112
-109
-94
-53
-17
18
79
167
151
19
-134
-242
-276
-262
-244
-227
-197
-177
-163
-145
-135
-124
-120
-120
-123
-121
-119
-125
-116
-114
-113
-124
-119
-107
-109
-113
-112
-110
-114
-112
-108
-102
-103
-105
-106
-97
-96
-101
-103
-95
-87
-94
-91
-89
-83
-84
-84
-82
-77
-78
-74
-66
-60
-61
-62
-54
-46
-43
-42
-34
-25
-22
-20
-13
-6
3
10
17
20
28
33
34
34
37
35
31
31
25
14
9
2
-7
-20
-26
-36
-44
-56
-59
-68
-68
-72
-78
-83
-86
-91
-97
-98
-101
-97
-102
-103
-99
-100
-104
-106
-104
-107
-105
-104
-104
-101
-102
-102
-103
-105
-99
-95
-95
-97
-94
-99
-100
-92
-86
-85
-90
-95
-90
-97
-89
-90
-91
-90
-91
-95
-95
-91
-94
-96
-96
-92
-94
-103
-95
-94
-100
-101
-97
-93
-100
-105
-101
-101
-98
-98
-101
-98
-101
-102
-100
-99
-103
-101
-105
-102
-103
-101
-102
-103
-98
-99
-102
-101
-100
-99
-103
-97
-96
-102
-102
-93
-86
-90
-90
-77
-59
-49
-47
-50
-49
-46
-38
-33
-30
-29
-31
-41
-48
-56
-49
-45
-54
-64
-83
-101
-109
-106
-101
-108
-106
-106
-108
-114
-116
-112
-108
-110
-111
-108
-94
-71
-32
5
61
139
170
62
-87
-220
-273
-255
-235
-225
-210
-182
-170
-152
-128
-121
-120
-119
-120
-118
-117
-117
-114
-112
-111
-112
-110
-111
-112
-109
-109
-106
-108
-105
-104
-103
-98
-95
-95
-97
-97
-93
-88
-88
-88
-84
-81
-84
-84
-80
-74
-71
-72
-73
-66
-62
-59
-56
-48
-48
-45
-44
-34
-24
-16
-15
-8
1
8
15
19
26
30
35
39
40
40
40
43
43
37
28
22
21
12
1
-10
-17
-23
-33
-44
-47
-50
-57
-64
-68
-69
-74
-80
-82
-82
-86
-89
-86
-81
-86
-90
-92
-90
-86
-88
-92
-88
-88
-89
-90
-86
-83
-85
-86
-83
-80
-78
-80
-81
-74
-74
-75
-75
-74
-77
-76
-74
-71
-69
-72
-79
-73
-74
-76
-78
-75
-71
-75
-78
-74
-71
-76
-80
-81
-77
-81
-82
-80
-79
-81
-81
-83
-81
-80
-84
-82
-79
-80
-84
-85
-81
-79
-82
-84
-84
-80
-81
-83
-85
-78
-81
-84
-86
-81
-79
-82
-83
-81
-78
-76
-72
-56
-44
-37
-35
-35
-35
-31
-23
-16
-12
-15
-19
-26
-33
-40
-34
-32
-35
-49
-67
-81
-85
-89
-92
-89
-88
-94
-98
-98
-93
-93
-95
-98
-95
-88
-77
-51
-16
24
85
167
211
113
-48
-179
-229
-220
-206
-204
-196
-168
-151
-134
-111
-100
-97
-97
-96
-95
-95
-93
-94
-92
-86
-91
-94
-90
-82
-85
-88
-86
-81
-80
-83
-81
-74
-74
-77
-74
-69
-65
-66
-67
-66
-63
-63
-61
-57
-52
-52
-53
-51
-44
-39
-38
-39
-34
-30
-29
-23
-12
-7
-8
-2
6
13
21
28
32
39
45
47
52
59
60
61
61
61
59
56
49
47
36
27
17
12
4
-8
-14
-19
-25
-35
-41
-44
-45
-48
-56
-60
-57
-59
-65
-65
-67
-66
-67
-69
-69
-69
-69
-74
-71
-67
-67
-67
-68
-65
-67
-67
-65
-60
-62
-65
-62
-57
-57
-59
-62
-58
-56
-59
-60
-60
-59
-59
-60
-56
-58
-58
-61
-60
-59
-62
-64
-61
-60
-65
-65
-66
-63
-65
-69
-65
-62
-64
-71
-71
-62
-62
-66
-70
-69
-67
-69
-70
-66
-67
-71
-73
-72
-66
-67
-68
-72
-70
-69
-69
-68
-69
-71
-67
-68
-67
-66
-65
-64
-59
-53
-41
-30
-22
-17
-22
-23
-12
1
1
-7
-6
-3
-11
-22
-29
-23
-22
-25
-37
-54
-69
-74
-77
-77
-75
-79
-81
-80
-80
-83
-86
-85
-82
-82
-79
-68
-38
-5
24
77
156
207
116
-30
-160
-221
-219
-210
-204
-186
-157
-141
-126
-103
-93
-90
-90
-88
-90
-91
-89
-85
-88
-87
-85
-80
-81
-83
-84
-82
-75
-77
-78
-76
-72
-74
-77
-71
-66
-67
-71
-66
-60
-60
-58
-59
-56
-55
-54
-56
-47
-41
-42
-43
-38
-33
-33
-30
-25
-17
-14
-7
-3
5
11
15
20
29
34
39
45
50
56
58
61
66
63
65
63
60
53
48
42
34
29
15
6
0
-5
-16
-28
-32
-35
-37
-45
-51
-52
-55
-61
-64
-59
-61
-66
-71
-68
-69
-70
-74
-71
-64
-67
-70
-74
-66
-65
-66
-68
-68
-66
-66
-64
-62
-62
-70
-68
-58
-57
-60
-63
-60
-58
-61
-65
-60
-58
-66
-68
-64
-63
-65
-64
-69
-63
-67
-70
-72
-61
-61
-71
-70
-70
-76
-76
-73
-69
-67
-74
-77
-70
-65
-70
-73
-71
-70
-76
-70
-69
-68
-72
-73
-76
-70
-69
-73
-73
-71
-73
-70
-76
-75
-73
-66
-71
-78
-74
-73
-71
-65
-59
-59
-50
-34
-22
-25
-30
-25
-12
-5
-9
-13
-5
-10
-17
-29
-26
-18
-22
-34
-43
-57
-75
-85
-87
-84
-86
-91
-93
-90
-84
-91
-96
-94
-88
-92
-93
-73
-45
-13
14
71
165
201
104
-51
-184
-245
-239
-230
-213
-191
-163
-145
-126
-115
-103
-96
-96
-104
-98
-96
-100
-93
-97
-95
-92
-94
-95
-89
-87
-89
-92
-91
-88
-86
-81
-80
-82
-76
-75
-80
-81
-70
-70
-74
-72
-64
-63
-66
-65
-62
-55
-53
-57
-54
-42
-42
-41
-37
-37
-33
-25
-13
-10
-6
-4
3
16
20
26
31
34
38
49
56
57
51
51
57
58
52
46
38
40
34
19
0
-4
-6
-19
-32
-37
-40
-48
-49
-58
-62
-67
-65
-70
-70
-79
-78
-74
-78
-81
-84
-88
-88
-77
-82
-84
-85
-87
-83
-84
-85
-76
-74
-80
-89
-82
-76
-76
-77
-71
-71
-78
-75
-65
-71
-76
-71
-70
-70
-70
-72
-74
-74
-74
-79
-83
-76
-72
-78
-79
-77
-76
-81
-82
-81
-79
-79
-78
-82
-76
-84
-89
-83
-80
-83
-91
-91
-80
-80
-83
-91
-92
-83
-81
-88
-93
-85
-82
-89
-90
-86
-86
-88
-85
-86
-91
-92
-84
-82
-80
-74
-61
-43
-39
-42
-43
-35
-34
-31
-22
-18
-20
-30
-37
-40
-42
-40
-44
-48
-55
-77
-96
-101
-103
-101
-103
-104
-104
-104
-106
-106
-104
-106
-109
-112
-103
-79
-56
-35
7
73
154
177
61
-89
-219
-277
-264
-245
-234
-208
-180
-158
-141
-126
-122
-113
-112
-113
-116
-113
-110
-116
-116
-112
-104
-105
-110
-107
-104
-107
-107
-104
-103
-102
-99
-96
-95
-96
-94
-93
-90
-90
-91
-91
-88
-78
-84
-84
-78
-75
-74
-74
-70
-66
-67
-63
-54
-52
-48
-44
-43
-35
-26
-25
-21
-12
-1
5
8
12
21
24
29
34
40
40
39
37
40
36
28
22
19
7
-9
-16
-22
-30
-42
-50
-51
-57
-67
-78
-80
-78
-84
-90
-96
-93
-93
-94
-97
-98
-99
-102
-103
-105
-105
-103
-102
-105
-101
-103
-103
-103
-106
-99
-97
-98
-101
-93
-93
-92
-90
-94
-97
-96
-91
-92
-93
-93
-91
-93
-96
-97
-96
-93
-94
-96
-94
-95
-98
-105
-99
-93
-98
-104
-102
-100
-98
-102
-107
-103
-105
-107
-106
-102
-105
-105
-108
-109
-106
-107
-107
-108
-105
-107
-109
-107
-106
-108
-110
-109
-110
-110
-108
-110
-108
-112
-113
-112
-106
-110
-106
-106
-102
-94
-84
-75
-66
-63
-69
-68
-57
-47
-48
-54
-47
-45
-54
-69
-72
-62
-64
-69
-87
-101
-114
-118
-123
-123
-125
-128
-129
-127
-125
-128
-131
-130
-125
-125
-123
-109
-83
-47
-13
51
140
166
46
-111
-232
-280
-263
-249
-241
-229
-201
-186
-166
-145
-139
-139
-135
-131
-133
-136
-133
-130
-130
-132
-134
-130
-130
-132
-130
-123
-121
-124
-127
-119
-115
-119
-120
-114
-112
-115
-113
-108
-105
-105
-106
-106
-101
-101
-98
-95
-90
-88
-88
-87
-81
-78
-76
-72
-64
-62
-59
-53
-44
-37
-33
-28
-21
-13
-10
-5
1
10
11
12
16
21
19
13
10
12
4
-4
-13
-17
-26
-38
-48
-52
-60
-70
-78
-83
-83
-88
-96
-102
-101
-102
-108
-110
-111
-113
-116
-118
-116
-116
-120
-119
-117
-118
-121
-121
-117
-118
-118
-120
-117
-115
-116
-116
-114
-111
-113
-114
-113
-110
-111
-114
-113
-111
-109
-111
-113
-110
-109
-111
-113
-112
-110
-113
-115
-115
-114
-113
-115
-117
-115
-119
-119
-121
-119
-120
-121
-123
-121
-120
-123
-125
-123
-123
-125
-125
-121
-122
-123
-126
-123
-124
-127
-128
-124
-123
-129
-129
-127
-124
-127
-128
-127
-123
-124
-128
-128
-126
-126
-126
-127
-121
-114
-106
-93
-82
-75
-79
-83
-74
-64
-60
-64
-66
-62
-70
-80
-89
-83
-80
-84
-93
-108
-121
-134
-136
-138
-137
-141
-142
-142
-144
-145
-146
-147
-145
-142
-143
-132
-110
-81
-51
-7
67
147
101
-42
-184
-277
-297
-282
-270
-257
-230
-208
-194
-170
-159
-157
-154
-150
-152
-154
-151
-147
-147
-149
-149
-145
-142
-144
-146
-142
-139
-141
-141
-138
-134
-134
-137
-137
-130
-129
-128
-126
-121
-123
-123
-120
-115
-114
-115
-114
-110
-108
-107
-105
-99
-96
-94
-91
-84
-79
-79
-75
-67
-59
-57
-50
-44
-34
-29
-26
-19
-10
-7
-6
-3
4
5
2
-1
0
-3
-12
-22
-26
-33
-44
-54
-64
-69
-77
-88
-93
-97
-103
-110
-114
-116
-119
-124
-127
-127
-126
-130
-134
-131
-132
-135
-136
-135
-135
-136
-137
-135
-133
-135
-136
-133
-128
-129
-130
-127
-123
-125
-128
-125
-120
-120
-125
-126
-121
-120
-123
-125
-121
-119
-122
-127
-124
-122
-125
-126
-125
-120
-123
-126
-128
-124
-127
-128
-128
-127
-125
-128
-128
-126
-126
-131
-132
-129
-129
-133
-135
-132
-130
-129
-131
-134
-131
-133
-133
-133
-130
-131
-134
-135
-130
-129
-134
-137
-132
-128
-132
-135
-134
-130
-127
-127
-122
-118
-104
-94
-85
-83
-89
-87
-80
-63
-62
-70
-74
-73
-75
-81
-92
-88
-86
-91
-100
-116
-134
-143
-145
-143
-146
-147
-149
-150
-148
-150
-151
-149
-146
-148
-146
-134
-108
-74
-42
14
99
158
65
-92
-230
-284
-281
-272
-266
-252
-223
-208
-190
-163
-153
-154
-154
-148
-148
-147
-148
-145
-142
-144
-144
-141
-139
-138
-140
-137
-131
-132
-135
-129
-124
-123
-125
-123
-121
-117
-118
-116
-111
-110
-110
-108
-105
-103
-103
-100
-95
-92
-91
-89
-82
-76
-76
-74
-67
-61
-56
-51
-43
-34
-29
-27
-21
-8
-1
5
9
18
25
27
25
31
36
31
25
23
23
14
6
-3
-8
-17
-29
-36
-42
-48
-57
-64
-65
-69
-76
-80
-82
-84
-89
-92
-90
-90
-91
-96
-95
-94
-98
-99
-98
-95
-99
-100
-96
-95
-95
-97
-97
-93
-91
-94
-93
-89
-85
-86
-90
-87
-83
-84
-87
-86
-80
-83
-87
-87
-82
-83
-86
-89
-85
-84
-88
-89
-88
-85
-88
-91
-89
-88
-92
-93
-92
-92
-93
-95
-93
-92
-93
-94
-95
-92
-94
-95
-96
-93
-96
-98
-100
-96
-96
-99
-98
-96
-94
-99
-98
-97
-96
-98
-102
-98
-96
-98
-100
-101
-94
-97
-96
-98
-91
-88
-83
-70
-53
-47
-48
-50
-50
-42
-36
-35
-35
-32
-37
-42
-50
-54
-51
-54
-59
-68
-85
-101
-108
-106
-109
-110
-114
-110
-113
-115
-115
-114
-112
-115
-117
-110
-93
-71
-39
-7
60
154
212
116
-44
-193
-266
-272
-259
-249
-218
-189
-168
-145
-131
-128
-121
-118
-120
-121
-121
-118
-119
-119
-118
-113
-114
-115
-114
-111
-110
-111
-110
-106
-104
-106
-108
-102
-102
-103
-102
-96
-94
-95
-94
-91
-86
-89
-88
-86
-78
-79
-80
-78
-71
-69
-71
-66
-58
-54
-54
-50
-42
-35
-32
-25
-17
-10
-7
-3
5
15
19
22
26
34
35
33
32
33
30
25
17
11
3
-8
-17
-24
-34
-43
-52
-57
-62
-69
-75
-78
-79
-85
-89
-92
-92
-96
-99
-99
-96
-101
-105
-103
-102
-102
-106
-106
-100
-101
-103
-105
-100
-98
-101
-105
-101
-97
-98
-99
-99
-94
-96
-97
-94
-91
-92
-94
-95
-92
-90
-92
-93
-93
-92
-94
-96
-94
-93
-94
-97
-98
-96
-97
-100
-99
-97
-100
-99
-101
-99
-101
-103
-104
-102
-100
-104
-106
-103
-102
-107
-107
-106
-103
-106
-110
-108
-106
-108
-111
-110
-105
-107
-108
-111
-107
-106
-111
-113
-108
-108
-110
-113
-111
-106
-104
-104
-101
-87
-73
-66
-60
-59
-62
-60
-53
-43
-45
-46
-45
-47
-55
-64
-66
-62
-63
-73
-90
-104
-111
-119
-121
-121
-119
-126
-128
-128
-125
-125
-130
-128
-125
-126
-118
-97
-60
-30
7
70
162
127
-23
-177
-273
-298
-286
-277
-256
-216
-195
-182
-160
-144
-142
-141
-141
-139
-138
-138
-138
-136
-133
-134
-135
-133
-132
-133
-132
-128
-126
-127
-128
-124
-121
-123
-123
-122
-116
-116
-116
-117
-111
-110
-111
-109
-105
-102
-103
-102
-97
-91
-91
-93
-88
-84
-82
-81
-75
-67
-63
-61
-55
-43
-39
-35
-31
-19
-13
-10
-6
2
9
10
10
11
14
12
7
5
1
-8
-16
-25
-34
-44
-54
-62
-66
-75
-81
-90
-90
-96
-103
-109
-108
-112
-118
-122
-118
-119
-124
-126
-124
-121
-123
-127
-128
-124
-126
-130
-128
-121
-123
-125
-126
-121
-119
-120
-121
-118
-116
-118
-118
-115
-113
-114
-115
-113
-114
-115
-118
-116
-112
-114
-117
-117
-114
-116
-119
-120
-114
-116
-122
-121
-119
-119
-121
-121
-119
-118
-123
-124
-120
-119
-124
-125
-123
-120
-122
-127
-125
-121
-123
-126
-127
-124
-125
-129
-129
-123
-123
-126
-130
-127
-123
-126
-127
-127
-125
-128
-130
-129
-124
-127
-130
-126
-122
-118
-111
-98
-88
-82
-82
-83
-77
-71
-66
-66
-64
-61
-68
-76
-84
-84
-83
-83
-87
-100
-120
-132
-136
-135
-137
-141
-141
-138
-141
-145
-145
-143
-140
-141
-146
-137
-121
-93
-60
-22
43
117
124
-8
-149
-256
-287
-270
-254
-246
-237
-210
-195
-176
-158
-153
-146
-146
-147
-147
-144
-142
-143
-147
-141
-140
-142
-142
-140
-136
-138
-139
-139
-134
-133
-134
-133
-128
-126
-130
-127
-122
-119
-124
-124
-117
-113
-114
-116
-113
-106
-106
-106
-104
-97
-93
-92
-90
-82
-79
-77
-76
-66
-60
-55
-49
-42
-35
-32
-28
-20
-13
-11
-8
-3
2
1
-3
-3
-1
-6
-13
-19
-25
-35
-44
-52
-55
-65
-76
-82
-84
-90
-101
-105
-105
-105
-112
-118
-117
-114
-118
-122
-124
-121
-123
-126
-126
-121
-121
-123
-126
-123
-122
-124
-124
-121
-119
-121
-122
-118
-114
-116
-118
-117
-115
-114
-116
-116
-113
-114
-116
-116
-112
-112
-116
-119
-115
-117
-118
-119
-116
-117
-122
-124
-122
-117
-122
-123
-121
-119
-123
-127
-125
-121
-122
-128
-127
-123
-123
-126
-129
-123
-123
-125
-127
-126
-123
-123
-124
-125
-125
-128
-130
-129
-125
-125
-128
-129
-125
-124
-126
-130
-127
-126
-128
-129
-126
-126
-125
-127
-125
-123
-120
-115
-100
-86
-84
-80
-79
-78
-75
-69
-62
-59
-61
-64
-70
-76
-84
-82
-81
-80
-87
-109
-130
-131
-128
-134
-143
-144
-142
-145
-147
-145
-140
-145
-147
-145
-139
-128
-112
-81
-46
1
64
132
84
-56
-191
-271
-277
-263
-259
-258
-230
-203
-191
-170
-153
-146
-147
-148
-150
-146
-146
-146
-146
-143
-140
-144
-144
-139
-137
-139
-138
-134
-131
-133
-135
-132
-128
-129
-128
-124
-119
-118
-119
-120
-114
-113
-112
-110
-105
-101
-102
-103
-97
-91
-91
-87
-84
-79
-74
-69
-67
-62
-54
-50
-44
-34
-31
-27
-19
-8
-4
-1
2
8
8
10
12
14
12
4
-1
-4
-8
-20
-31
-37
-41
-53
-64
-68
-70
-77
-85
-91
-93
-97
-102
-107
-106
-108
-111
-114
-111
-111
-116
-117
-115
-112
-116
-118
-115
-113
-113
-115
-114
-113
-111
-112
-112
-108
-108
-110
-109
-103
-104
-105
-108
-104
-104
-104
-104
-101
-100
-105
-107
-103
-101
-104
-106
-106
-102
-104
-111
-111
-107
-108
-111
-114
-108
-105
-109
-114
-110
-108
-113
-115
-114
-112
-113
-115
-115
-112
-114
-117
-114
-114
-115
-115
-115
-114
-112
-114
-117
-113
-114
-117
-118
-116
-115
-115
-115
-113
-112
-117
-118
-115
-114
-116
-116
-114
-107
-105
-100
-84
-70
-67
-71
-73
-64
-54
-50
-53
-50
-48
-56
-67
-74
-70
-68
-74
-78
-90
-109
-121
-125
-122
-123
-127
-130
-129
-129
-131
-131
-129
-128
-129
-131
-117
-97
-66
-38
3
68
142
107
-23
-154
-245
-263
-252
-243
-242
-217
-189
-174
-154
-143
-138
-131
-130
-134
-134
-129
-127
-129
-131
-128
-123
-124
-129
-126
-121
-122
-122
-121
-115
-115
-116
-116
-110
-108
-110
-111
-106
-100
-103
-103
-99
-94
-94
-93
-89
-86
-85
-83
-79
-74
-72
-70
-67
-58
-57
-55
-49
-40
-35
-31
-26
-17
-8
-7
-1
6
13
15
19
22
27
25
21
22
24
19
10
4
1
-9
-20
-32
-37
-44
-52
-62
-64
-70
-78
-83
-84
-86
-90
-95
-96
-94
-98
-102
-102
-101
-103
-104
-105
-102
-103
-105
-108
-101
-100
-102
-104
-99
-98
-100
-98
-93
-91
-94
-93
-91
-87
-90
-92
-90
-87
-88
-92
-92
-87
-87
-91
-91
-86
-87
-90
-94
-91
-91
-93
-96
-94
-91
-94
-96
-96
-95
-94
-97
-97
-94
-95
-97
-100
-98
-97
-100
-101
-98
-97
-100
-101
-98
-99
-101
-103
-101
-101
-103
-106
-104
-100
-105
-105
-106
-102
-103
-107
-107
-102
-104
-109
-109
-105
-105
-109
-107
-101
-98
-98
-91
-70
-58
-56
-58
-61
-54
-49
-46
-48
-44
-44
-52
-61
-66
-65
-63
-69
-74
-88
-102
-114
-115
-117
-120
-123
-121
-122
-123
-125
-125
-123
-126
-128
-125
-107
-88
-58
-30
22
99
190
144
-1
-158
-259
-283
-275
-270
-248
-214
-188
-166
-149
-146
-140
-135
-137
-139
-139
-134
-133
-135
-135
-130
-128
-130
-130
-127
-124
-125
-127
-124
-120
-123
-124
-120
-117
-118
-116
-115
-112
-109
-111
-110
-104
-103
-103
-101
-95
-94
-93
-91
-86
-83
-83
-80
-73
-66
-66
-64
-56
-47
-44
-40
-34
-24
-19
-15
-10
1
6
8
11
21
22
21
19
22
22
15
7
3
-2
-13
-23
-31
-37
-47
-55
-63
-68
-74
-81
-84
-87
-89
-96
-99
-99
-103
-104
-107
-106
-107
-109
-112
-109
-109
-111
-112
-110
-108
-111
-112
-111
-106
-107
-109
-107
-105
-102
-106
-106
-100
-99
-101
-102
-97
-96
-98
-102
-97
-96
-97
-99
-98
-95
-97
-100
-99
-96
-98
-102
-102
-100
-100
-103
-105
-102
-103
-104
-104
-102
-104
-105
-107
-105
-107
-107
-108
-106
-105
-109
-110
-108
-106
-109
-110
-110
-106
-106
-110
-110
-107
-108
-111
-112
-109
-109
-111
-115
-111
-108
-111
-114
-112
-108
-110
-109
-106
-100
-93
-82
-72
-62
-62
-66
-65
-54
-44
-44
-48
-48
-48
-58
-68
-70
-67
-68
-73
-84
-103
-117
-122
-124
-122
-126
-129
-129
-127
-130
-131
-131
-128
-129
-133
-129
-109
-78
-46
-15
42
124
146
23
-124
-241
-300
-296
-278
-258
-234
-204
-192
-169
-147
-144
-143
-138
-136
-137
-138
-136
-132
-135
-135
-133
-130
-131
-132
-130
-128
-127
-128
-126
-124
-124
-123
-121
-117
-118
-118
-116
-111
-111
-110
-109
-105
-102
-103
-101
-97
-93
-93
-92
-88
-83
-81
-80
-76
-69
-64
-62
-58
-48
-42
-40
-37
-26
-18
-15
-11
-3
5
8
10
13
18
16
14
13
13
8
0
-8
-14
-24
-34
-43
-49
-58
-70
-78
-79
-86
-93
-99
-100
-103
-109
-112
-112
-113
-118
-120
-119
-116
-118
-121
-122
-117
-119
-123
-123
-118
-116
-117
-118
-112
-111
-114
-116
-111
-110
-110
-112
-109
-106
-108
-111
-111
-105
-106
-110
-111
-107
-107
-110
-111
-112
-109
-111
-115
-112
-114
-116
-118
-115
-115
-117
-119
-119
-118
-120
-122
-120
-118
-120
-121
-122
-119
-118
-124
-124
-121
-122
-125
-127
-123
-122
-124
-126
-124
-121
-125
-129
-124
-121
-124
-128
-128
-125
-127
-129
-130
-124
-125
-126
-129
-125
-120
-121
-120
-111
-94
-83
-79
-78
-79
-77
-73
-64
-56
-59
-60
-62
-67
-77
-83
-79
-77
-81
-97
-117
-125
-130
-134
-136
-132
-133
-137
-140
-137
-133
-135
-138
-135
-132
-130
-120
-90
-49
-15
41
119
155
37
-120
-241
-286
-268
-252
-244
-233
-201
-187
-173
-148
-137
-135
-137
-136
-132
-133
-135
-135
-132
-131
-132
-133
-128
-126
-127
-126
-122
-121
-124
-124
-119
-116
-117
-115
-112
-109
-110
-110
-107
-102
-100
-103
-99
-95
-93
-97
-93
-85
-82
-82
-83
-75
-70
-66
-63
-56
-53
-49
-43
-37
-29
-23
-19
-14
-5
1
4
10
16
21
21
21
24
23
21
17
14
6
-2
-12
-18
-27
-36
-46
-52
-57
-66
-73
-77
-77
-84
-89
-90
-90
-94
-101
-102
-98
-100
-104
-104
-103
-102
-105
-110
-103
-102
-105
-107
-103
-98
-100
-102
-101
-96
-95
-97
-98
-95
-94
-96
-96
-93
-91
-94
-95
-93
-91
-94
-97
-94
-93
-95
-98
-97
-95
-95
-98
-98
-95
-98
-100
-101
-97
-99
-100
-101
-99
-98
-103
-102
-98
-98
-103
-103
-101
-99
-102
-104
-102
-99
-101
-104
-102
-100
-102
-103
-104
-99
-99
-102
-102
-99
-99
-101
-102
-101
-99
-101
-102
-101
-99
-101
-99
-96
-93
-91
-83
-66
-55
-52
-52
-54
-46
-40
-34
-33
-31
-32
-38
-46
-51
-51
-51
-55
-58
-73
-94
-105
-105
-104
-109
-113
-113
-111
-114
-117
-116
-114
-114
-115
-115
-103
-84
-53
-24
19
83
163
138
6
-132
-235
-264
-248
-236
-228
-203
-177
-163
-141
-126
-123
-118
-118
-119
-118
-114
-115
-115
-114
-110
-111
-111
-111
-108
-106
-108
-107
-104
-101
-100
-102
-98
-95
-95
-96
-94
-90
-88
-89
-88
-82
-81
-82
-82
-74
-69
-71
-70
-65
-60
-60
-57
-54
-46
-42
-39
-35
-27
-22
-17
-12
-3
3
7
12
20
25
28
31
38
40
40
39
40
40
33
27
21
17
6
-4
-12
-18
-27
-37
-45
-48
-54
-61
-68
-68
-71
-75
-79
-80
-84
-87
-90
-88
-88
-90
-91
-92
-90
-92
-94
-93
-87
-88
-91
-90
-88
-86
-89
-88
-85
-83
-84
-82
-77
-81
-81
-82
-80
-78
-79
-81
-79
-77
-76
-80
-82
-79
-80
-80
-83
-81
-81
-85
-86
-82
-81
-85
-86
-85
-84
-84
-87
-88
-84
-86
-90
-90
-86
-85
-90
-90
-88
-88
-92
-94
-90
-89
-92
-92
-89
-88
-90
-93
-97
-92
-92
-91
-91
-91
-90
-92
-92
-90
-90
-93
-93
-89
-87
-85
-81
-63
-52
-46
-41
-39
-40
-37
-32
-20
-21
-28
-27
-29
-34
-44
-46
-49
-43
-50
-75
-87
-92
-95
-100
-104
-101
-101
-106
-106
-103
-104
-104
-106
-104
-99
-91
-71
-36
-2
44
113
185
126
-19
-164
-255
-264
-245
-239
-219
-187
-169
-154
-129
-116
-113
-114
-114
-111
-109
-111
-112
-110
-106
-107
-107
-107
-104
-101
-103
-103
-101
-99
-99
-99
-93
-92
-94
-98
-88
-83
-88
-90
-87
-80
-81
-82
-79
-74
-73
-73
-73
-64
-63
-61
-57
-54
-49
-46
-43
-38
-31
-28
-22
-14
-10
-2
2
9
19
20
27
31
35
40
40
43
45
43
39
33
30
23
13
5
0
-10
-25
-34
-38
-43
-52
-62
-65
-67
-73
-80
-82
-81
-87
-88
-94
-88
-93
-97
-99
-95
-96
-97
-97
-95
-97
-96
-98
-97
-92
-93
-93
-93
-91
-93
-91
-89
-85
-86
-89
-87
-83
-88
-88
-87
-84
-87
-88
-88
-86
-86
-90
-92
-91
-89
-91
-92
-93
-91
-93
-96
-94
-92
-96
-99
-98
-94
-95
-99
-103
-99
-99
-100
-103
-100
-97
-101
-101
-103
-100
-103
-101
-102
-101
-103
-106
-104
-101
-103
-104
-103
-101
-102
-106
-107
-105
-104
-104
-105
-104
-105
-106
-104
-99
-96
-89
-74
-62
-55
-57
-62
-60
-47
-40
-41
-41
-38
-41
-52
-63
-63
-59
-63
-72
-77
-96
-111
-112
-116
-118
-119
-121
-123
-121
-124
-125
-125
-124
-123
-123
-119
-101
-73
-38
-6
53
135
162
42
-107
-234
-293
-285
-266
-251
-227
-198
-183
-162
-146
-139
-137
-134
-131
-136
-132
-128
-128
-130
-128
-126
-125
-127
-130
-123
-122
-123
-124
-120
-117
-118
-120
-118
-111
-112
-112
-110
-104
-104
-104
-103
-100
-98
-98
-97
-93
-88
-87
-85
-80
-77
-74
-71
-67
-61
-58
-54
-47
-40
-38
-31
-25
-16
-13
-7
0
8
14
16
20
26
27
25
24
24
25
18
9
3
-5
-15
-27
-36
-40
-49
-59
-69
-71
-76
-84
-90
-89
-95
-102
-105
-105
-105
-108
-111
-110
-111
-115
-117
-116
-115
-115
-115
-114
-114
-114
-114
-112
-106
-109
-109
-106
-105
-107
-107
-105
-102
-102
-106
-106
-102
-100
-104
-105
-102
-101
-102
-106
-104
-101
-104
-108
-107
-103
-104
-108
-110
-107
-107
-109
-111
-109
-108
-112
-113
-112
-108
-110
-113
-115
-112
-112
-115
-114
-114
-115
-115
-115
-115
-113
-112
-115
-112
-114
-116
-115
-112
-115
-119
-117
-113
-111
-116
-114
-113
-112
-115
-117
-118
-114
-112
-115
-114
-109
-107
-106
-98
-80
-70
-67
-68
-68
-64
-59
-51
-47
-47
-49
-53
-60
-67
-70
-65
-66
-70
-89
-109
-118
-120
-122
-127
-128
-128
-126
-130
-128
-126
-130
-130
-129
-127
-120
-107
-76
-38
2
63
147
154
25
-135
-250
-283
-260
-248
-245
-227
-193
-182
-166
-146
-135
-132
-135
-137
-134
-128
-129
-131
-131
-127
-126
-129
-128
-123
-124
-124
-123
-120
-118
-120
-117
-114
-113
-112
-109
-106
-103
-106
-104
-102
-101
-100
-98
-95
-90
-88
-86
-83
-79
-80
-78
-74
-66
-63
-61
-58
-47
-42
-40
-33
-25
-19
-15
-7
2
6
12
13
21
25
22
24
25
24
22
16
10
8
1
-11
-20
-27
-34
-42
-51
-57
-60
-67
-73
-79
-81
-86
-89
-91
-91
-90
-93
-95
-93
-98
-98
-96
-96
-99
-99
-98
-93
-93
-97
-96
-94
-91
-93
-93
-89
-87
-87
-90
-88
-82
-85
-85
-80
-81
-80
-80
-81
-79
-77
-78
-79
-75
-77
-79
-79
-78
-76
-80
-81
-81
-78
-80
-82
-82
-79
-79
-83
-83
-81
-82
-85
-86
-83
-86
-86
-88
-85
-87
-88
-88
-84
-83
-87
-90
-89
-85
-89
-88
-88
-84
-85
-87
-85
-81
-85
-88
-86
-85
-84
-84
-87
-84
-84
-86
-88
-81
-77
-75
-68
-53
-38
-34
-35
-37
-29
-25
-18
-16
-17
-18
-22
-30
-36
-38
-35
-39
-42
-58
-75
-85
-89
-91
-92
-95
-94
-92
-98
-98
-97
-96
-99
-96
-96
-84
-70
-44
-10
34
103
194
193
65
-89
-211
-255
-242
-231
-220
-191
-159
-144
-126
-111
-107
-101
-102
-106
-106
-100
-100
-101
-101
-97
-95
-94
-94
-95
-93
-94
-93
-88
-88
-87
-88
-83
-84
-85
-83
-80
-76
-77
-76
-73
-68
-70
-75
-68
-59
-60
-63
-60
-55
-52
-52
-49
-43
-37
-34
-33
-27
-19
-14
-11
-8
8
14
15
17
29
33
34
34
40
45
47
49
49
44
38
33
28
25
8
-10
-11
-10
-22
-31
-39
-40
-47
-58
-64
-60
-67
-76
-80
-79
-74
-81
-80
-79
-79
-85
-88
-82
-79
-78
-83
-86
-86
-88
-86
-87
-85
-81
-86
-84
-76
-81
-80
-76
-76
-76
-77
-79
-74
-73
-76
-74
-75
-70
-77
-81
-76
-70
-74
-71
-75
-76
-70
-73
-72
-73
-80
-82
-82
-83
-80
-81
-81
-81
-77
-81
-85