16376
16408
16432
16392
16400
16408
16344
16336
16432
16392
16352
16368
16464
16448
16408
16496
16368
16344
16352
16400
16424
16456
16496
16504
16384
16336
16440
16536
16544
16640
16720
16656
16632
16648
16840
16864
16832
17064
17072
17104
17032
16848
17016
17000
16952
16712
16696
16632
16512
16440
16400
16208
16256
16248
16240
16256
16256
16152
16152
16112
15984
16176
16216
16168
16112
16128
16208
16272
16232
16368
16800
17528
18632
19824
19952
18880
17624
16720
15856
15744
15856
16048
16200
16200
16232
16232
16248
16280
16272
16248
16312
16264
16240
16256
16248
16296
16424
16272
16264
16264
16200
16264
16232
16208
16392
16392
16320
16184
16272
16384
16432
16336
16344
16384
16344
16288
16400
16480
16536
16536
16592
16560
16536
16616
16640
16560
16640
16672
16760
16792
16672
16856
16840
16976
17024
17000
17064
16984
17152
17080
17208
17240
17456
17344
17520
17424
17400
17408
17448
17432
17424
17240
17192
17200
17288
17184
16904
16976
16944
16928
16800
16720
16632
16672
16688
16640
16872
16736
16400
16520
16648
16720
16744
16664
16552
16456
16560
16752
16792
16824
16736
16432
16376
16488
16520
16528
16632
16640
16592
16432
16448
16784
16872
16688
16568
16592
16536
16568
16616
16584
16696
16552
16600
16680
16664
16648
16512
16416
16656
16728
16608
16664
16784
16664
16512
16504
16576
16552
16720
16784
16728
16632
16480
16632
16648
16664
16696
16680
16632
16592
16512
16560
16544
16632
16552
16560
16560
16616
16696
16616
16552
16528
16632
16640
16640
16616
16656
16552
16512
16560
16592
16528
16568
16528
16664
16656
16552
16528
16512
16656
16696
16688
16592
16568
16512
16624
16672
16752
16744
16720
16728
16744
16744
16816
17024
16928
16960
16968
17080
17296
17360
17256
17136
17112
17088
16944
16928
16872
16656
16504
16512
16584
16456
16368
16376
16320
16200
16216
16232
16208
16296
16224
16320
16264
16224
16288
16280
16264
16320
16384
16600
17016
17744
18808
19936
20032
18776
17600
16784
16008
15712
15768
16040
16224
16216
16320
16312
16304
16192
16248
16232
16256
16288
16344
16296
16224
16264
16360
16392
16296
16104
16136
16240
16280
16168
16328
16248
16352
16384
16320
16264
16328
16288
16280
16288
16272
16352
16376
16376
16256
16336
16344
16488
16432
16408
16608
16520
16456
16528
16432
16480
16624
16680
16680
16696
16592
16752
16792
16920
16928
17024
17048
17016
17096
17032
16936
17040
17144
17104
17048
16952
16992
16992
16904
16888
16776
16712
16752
16624
16528
16496
16440
16328
16384
16344
16424
16280
16248
16288
16256
16176
16224
16256
16208
16232
16224
16216
16208
16176
16160
16120
16088
16176
16184
16112
16120
16160
16192
16160
16144
16072
16088
16104
16144
16160
16176
16160
16200
16168
16144
16240
16216
16120
16144
16248
16304
16256
16256
16224
16248
16240
16352
16272
16176
16296
16384
16520
16408
16288
16152
16224
16152
16080
16024
16136
16264
15920
15800
16216
16856
16808
16200
15832
15952
16320
16672
16656
16056
15544
15752
15960
16168
16168
16200
16376
16440
16096
15928
15968
16464
16792
16600
16376
16568
16208
15960
15992
16024
15936
15920
15888
15744
15992
16240
16464
16424
16552
16520
16576
16704
16728
17176
17008
16480
16424
16664
16904
16800
16328
16176
16512
16712
16504
16512
16376
16104
15760
15776
15728
15872
16424
16512
15928
15568
15848
15880
15728
15568
15576
15472
15592
15768
15888
16160
15984
16200
17008
17888
19312
20544
20264
18512
16784
15640
15112
15344
15320
15544
16008
16152
16072
15992
15656
15416
15560
15936
15968
15856
15872
15944
16152
16032
15432
15544
16136
16160
15832
15720
16032
16616
16176
15584
15504
15872
16056
15840
15496
15584
15856
16136
16128
16072
15904
15856
16104
16064
16384
16824
16464
15968
15936
16056
16064
15984
16296
16408
16408
16400
16384
16584
16632
16712
16992
16296
16136
16512
16584
16576
16544
16672
16840
16744
17056
17472
17304
16808
16408
16224
16368
16504
16568
16496
16272
16408
16384
16488
16320
16168
15976
15704
15680
15632
16176
16432
16224
15936
15824
15704
15736
15784
15880
15992
16080
15848
15872
16120
16288
15736
15752
15880
15984
16056
15872
15880
15872
15792
15776
15752
15768
15864
15864
15944
16024
16048
16176
16184
16072
16136
16064
16096
15840
15704
15792
16192
16056
16256
16256
15776
15664
15784
15696
15976
16008
16016
15952
15952
15968
16208
16272
16000
15848
16032
16120
15936
15848
15896
15960
15856
15968
16048
15952
15864
15864
15976
16360
16440
15928
15632
15648
15832
15896
15896
15912
15880
15952
16016
15960
15968
15960
15944
15976
16072
16080
16032
15896
15936
15944
15888
15896
16048
16032
16056
16280
16384
16080
15800
16016
16232
16128
16160
16320
16400
16504
16632
16648
16536
16560
16552
16544
16496
16376
16352
16176
16040
15896
15936
15872
15880
15832
15856
15864
15912
15832
15912
15984
15712
15520
15640
15712
15832
15656
15800
15824
16008
16232
16600
17384
18616
19760
19856
18536
17216
16168
15344
15376
15504
15696
15816
15888
15888
15928
15904
15984
15944
16000
16072
15928
16112
16208
16024
15920
15912
15944
16040
16016
16088
16048
15896
15960
16016
15968
16032
16016
16144
16152
16128
16024
16224
16184
16248
16232
16160
16144
16176
16224
16312
16288
16288
16368
16360
16336
16352
16368
16416
16560
16536
16568
16576
16664
16560
16720
16768
16864
16864
16976
16880
16800
16984
17048
17024
17008
17072
17064
17048
16912
16888
16912
16800
16728
16832
16624
16616
16624
16616
16568
16448
16264
16208
16088
16200
16216
16208
16152
16112
16184
16240
16128
16072
16104
16088
16136
16128
16160
16064
16120
16128
16080
15968
16192
16136
16080
16024
16104
16048
16088
16104
16096
16136
16008
16104
16120
16128
16224
16200
16128
16008
16064
16096
16072
16184
16080
16088
16160
16208
15976
16160
16120
16144
16128
16072
16040
16088
16144
16112
16032
16000
16096
16136
16088
16024
16072
16032
16032
15952
16072
15984
16088
16024
16088
16072
16168
15920
15976
15968
16024
16048
15952
16040
16008
16008
16008
15984
16016
16000
15832
16016
16048
16088
16080
16080
15944
15920
15824
15984
16064
15936
15880
15976
16064
16024
16032
16248
16200
16184
16176
16240
16320
16328
16448
16448
16664
16680
16648
16544
16664
16480
16440
16320
16288
16208
16064
15968
15848
15760
15848
15816
15640
15752
15768
15736
15656
15752
15744
15736
15672
15800
15776
15728
15728
15664
15928
16256
16792
17752
19080
20248
20184
18552
17112
16064
15528
15344
15472
15656
15744
15752
15808
15848
15896
15768
15944
15744
15848
15824
15912
15864
15896
15832
15992
15968
15936
15904
15928
15832
15864
15888
15888
15920
15904
15928
15816
16024
16000
16024
16024
16088
15960
15960
16128
16208
16016
16000
16072
16160
16168
16240
16184
16192
16240
16312
16248
16328
16408
16472
16456
16536
16688
16520
16608
16624
16760
16760
16904
16856
16816
16960
17024
16904
16848
16856
16800
16848
16696
16680
16712
16696
16536
16624
16472
16496
16336
16256
16296
16216
16136
16168
16136
16160
16072
16088
16056
16048
16120
16104
16032
16056
16032
16048
16080
15992
15960
16008
16048
16000
15992
15968
16016
16024
15976
16048
16144
16080
16120
16104
16016
16072
16040
16024
16040
16120
16120
16096
16064
16168
16160
16080
16000
16104
16128
16008
16064
16192
16104
16152
16136
16240
16112
16040
16016
16064
16048
16072
16016
16040
16120
16080
16056
15992
16120
16080
16120
16072
16184
16088
16104
16064
16080
16024
16040
16000
16096
16064
15960
15952
16096
16120
15968
15984
16000
15992
16032
16016
16024
16064
16064
16072
15984
16072
16056
16024
16040
16104
16064
16032
16032
16080
16136
16048
15960
15968
16112
16152
16128
16240
16296
16304
16352
16408
16440
16608
16616
16632
16760
16672
16656
16608
16664
16520
16504
16296
16200
16160
16088
16008
15984
15920
15872
15880
15872
15928
15848
15816
15728
15824
15776
15776
15760
15832
15824
15888
15856
16008
16248
16640
17328
18488
19744
19960
18712
17432
16424
15408
15248
15528
15736
15816
15856
15848
15888
15904
15920
15888
15872
15904
15992
15976
15968
15928
15936
15896
15832
15944
15976
15984
15984
16096
16048
15880
15912
15960
15936
15952
15984
16040
16056
16016
16008
16104
16120
16168
16136
16136
16184
16152
16128
16128
16240
16288
16320
16384
16376
16360
16264
16352
16448
16448
16496
16536
16624
16688
16688
16768
16848
16888
16864
16792
16816
16880
16840
16872
16888
16912
16840
16792
16800
16776
16664
16600
16576
16568
16640
16376
16248
16344
16320
16216
16064
16160
16136
16160
16104
16120
16144
16040
15992
16096
16096
16112
16032
16056
16168
16104
16040
15984
16024
16032
16032
16000
16016
16040
16080
16088
16072
16016
16064
16136
16144
16144
16112
16008
16040
16136
16144
16064
16064
16080
16160
16016
16056
16072
16088
16096
16128
16152
16200
16080
16008
16072
16064
16032
16080
16160
16200
16136
16016
16072
16144
16104
16096
16072
16024
15984
15984
16032
16064
16048
15984
15936
16040
16080
16048
15976
15968
16048
16024
15960
16008
16048
16096
15992
16000
16072
16024
15984
16040
16056
16000
16016
16000
16032
16088
16032
15976
15952
16064
16064
16024
15984
16048
16056
16008
15992
16016
16128
16192
16400
16416
16272
16208
16264
16360
16440
16584
16680
16712
16736
16688
16648
16600
16536
16384
16264
16240
16192
16040
15928
16000
15976
15968
15816
15872
15888
15872
15784
15792
15776
15768
15712
15720
15776
15760
15824
15912
15976
16072
16504
17056
18240
19600
19936
18888
17472
16336
15456
15216
15512
15680
15816
15784
15840
15888
15960
15872
15920
15936
16000
15928
15864
15920
15928
15928
15840
15920
15984
15976
15888
15848
15928
15984
15880
15992
16048
16008
15896
16000
15992
15976
15976
16048
16112
16128
16072
16024
16080
16080
16144
16160
16160
16208
16264
16312
16296
16328
16392
16344
16392
16472
16488
16480
16552
16664
16720
16672
16624
16696
16744
16832
16856
16856
16920
16928
16896
16872
16824
16824
16728
16720
16752
16712
16592
16512
16504
16464
16376
16384
16312
16280
16192
16224
16176
16080
16088
16040
16032
16088
16064
16056
16096
16056
16048
15912
15888
16000
16016
15976
16000
16032
15952
15872
15984
15960
15936
15992
15944
15928
15976
15944
15896
15984
15992
16040
15968
15976
15984
15976
15912
16016
16064
16024
15920
16024
16032
16024
15984
15976
16000
15928
15984
16016
16032
15992
15936
15888
15880
15984
15976
15904
15904
16000
15928
15944
15888
15920
15944
15944
15920
16016
15992
15880
15824
15800
15856
15872
15944
15856
15864
15936
15928
15912
15896
15896
15848
15896
15960
15976
15880
15888
15888
15960
15848
15816
15880
15888
15896
15944
15840
15720
15800
15848
15840
15888
15912
15840
15912
16008
16064
16040
16064
16088
16120
16112
16216
16400
16472
16544
16488
16496
16440
16384
16448
16440
16248
16200
16160
15984
15848
15792
15648
15672
15800
15720
15608
15520
15608
15592
15568
15576
15600
15552
15520
15552
15608
15664
15480
15704
16000
16504
17296
18624
19904
20248
18872
17376
16152
15408
15192
15256
15472
15672
15688
15672
15680
15712
15680
15648
15704
15760
15800
15712
15728
15768
15792
15704
15648
15688
15872
15664
15672
15720
15808
15760
15704
15784
15872
15904
15792
15824
15960
16024
15848
15856
15888
16032
15864
15904
15960
16168
16048
15944
15944
16160
16120
16088
16120
16248
16296
16280
16288
16392
16480
16392
16440
16504
16664
16600
16632
16672
16768
16664
16768
16792
16896
16704
16776
16720
16800
16704
16544
16480
16656
16608
16488
16352
16360
16376
16152
16096
16104
16176
16032
16008
16032
16128
15960
15968
15928
16080
15952
15952
15832
16032
15976
15832
15848
16024
15968
15864
15800
16064
16096
15800
15800
15952
15968
15872
15872
15944
16072
16008
15960
15912
16072
15936
15920
15912
16104
16184
16144
16048
16056
16048
15984
15824
15904
16120
15928
15992
16008
16136
16024
16040
16048
16064
15936
15920
15912
16104
16032
16032
15928
16032
15984
15888
15928
16144
15920
15920
15928
15976
16056
16040
15976
16000
16072
15952
16040
16032
16120
15928
16072
15960
16128
16056
15984
15896
16112
16072
15984
15920
16024
16080
15952
15920
16080
16064
15960
16064
16032
16048
15872
16008
15984
16112
16056
16040
15944
16168
16144
16080
16056
16280
16296
16192
16216
16440
16456
16448
16520
16672
16768
16680
16688
16600
16632
16440
16408
16280
16344
16192
16000
15992
15992
15936
15896
15824
15960
15912
15744
15784
15872
15872
15800
15672
15800
15808
15768
15848
15840
15992
16184
16544
17016
18104
19392
20008
19224
17728
16632
15552
15216
15512
15608
15696
15848
16032
15952
15896
15840
15848
15952
15896
15880
15936
15992
15984
15992
15864
15952
15872
15928
15984
16104
16008
15976
15944
16032
16024
16024
16064
16088
16104
16048
16112
16144
16048
16008
16152
16208
16200
16120
16232
16128
16240
16280
16272
16320
16440
16392
16384
16352
16472
16456
16488
16472
16632
16728
16648
16744
16776
16880
16792
16856
16912
16912
16824
16968
16952
16976
16912
16904
16896
16912
16832
16720
16720
16704
16568
16440
16424
16504
16416
16296
16296
16264
16288
16184
16160
16152
16152
16144
16176
16136
16160
16136
16160
16216
16144
16056
16096
16208
16248
16064
16000
16024
16104
16032
16072
16136
16128
16104
16064
16160
16072
16168
16096
16184
16152
16184
16112
16104
16192
16248
16176
16120
16128
16160
16136
16112
16192
16160
16136
16160
16248
16240
16192
16096
16072
16072
16160
16104
16064
16072
16184
16208
16160
16136
16192
16152
16056
16096
16136
16136
16104
16104
16104
16128
16080
16096
16128
16224
16088
16168
16120
16144
16080
16040
16024
16128
16160
16192
16056
16024
16064
15992
16032
16120
16120
16080
16056
16104
16080
16032
16064
16040
16136
16072
16072
16080
16176
16136
16112
16008
16072
16144
16288
16400
16424
16320
16336
16408
16512
16592
16592
16656
16736
16784
16728
16696
16672
16632
16512
16440
16312
16272
16160
16048
16000
16040
16024
15984
15896
15880
15912
15832
15752
15888
15952
15896
15904
15896
15920
15896
15912
16016
16184
16520
17184
18152
19488
20056
19136
17544
16640
15672
15248
15424
15664
15888
15968
15912
15976
15936
15936
15960
15968
16048
15920
15928
16016
16040
15968
15952
15960
15984
16032
16072
16024
16112
16040
15968
15984
16000
16040
16048
16064
16192
16120
16024
16072
16136
16240
16152
16144
16240
16224
16192
16280
16280
16352
16264
16344
16336
16432
16344
16360
16408
16568
16624
16584
16616
16696
16720
16680
16712
16880
16928
16872
16888
16976
16936
16856
16968
17016
17008
16928
16864
16848
16824
16744
16664
16576
16624
16528
16496
16456
16360
16320
16224
16216
16192
16208
16104
16192
16208
16208
16088
16080
16040
16104
15984
15968
16064
16072
16048
16024
16048
15992
15976
16000
16016
16096
16128
16032
16016
16000
16040
15928
15968
16000
16104
16032
16080
16048
16064
16016
16032
16056
16088
16072
16016
16016
16080
16040
16008
16000
16072
16088
15984
15992
15944
16032
15936
16008
16040
16104
16008
15992
15992
15904
15896
15896
15944
15984
15976
15944
15944
15944
16008
15872
15864
15944
15976
15936
15936
15872
15960
15936
15896
15928
16000
15904
15856
15880
15952
15912
15824
15904
15952
15856
15840
15872
15896
15904
15912
15888
15872
15896
15784
15840
15920
15912
15864
15848
15920
15936
15848
15848
15976
16056
16048
16008
16024
16176
16144
16168
16376
16496
16432
16472
16424
16520
16408
16280
16328
16392
16240
15952
15792
15800
15848
15776
15672
15592
15568
15696
15608
15632
15592
15608
15568
15576
15576
15608
15496
15448
15480
15504
15600
15872
16424
17280
18480
20016
20560
19440
17632
16416
15440
15184
15248
15304
15504
15672
15648
15568
15632
15704
15664
15624
15576
15632
15640
15584
15640
15712
15768
15632
15624
15736
15736
15664
15616
15616
15712
15744
15736
15696
15776
15760
15672
15680
15776
15824
15744
15720
15736
15824
15824
15840
15848
15984
15920
15896
15944
16040
16056
16024
16144
16168
16200
16104
16232
16256
16344
16400
16464
16560
16600
16568
16544
16568
16696
16640
16664
16744
16800
16728
16720
16736
16688
16624
16560
16552
16560
16352
16200
16160
16128
16032
15976
15952
15968
15920
15776
15768
15832
15896
15744
15648
15784
15816
15824
15760
15656
15736
15672
15664
15640
15664
15664
15600
15584
15688
15664
15632
15616
15624
15760
15672
15600
15656
15800
15776
15768
15704
15744
15656
15688
15728
15768
15760
15680
15744
15800
15784
15712
15712
15864
15760
15696
15712
15720
15720
15680
15744
15808
15864
15704
15632
15744
15800
15720
15712
15744
15784
15840
15800
15728
15656
15576
15600
15656
15696
15728
15720
15760
15648
15664
15624
15648
15688
15728
15632
15704
15680
15712
15680
15632
15696
15664
15688
15720
15784
15816
15704
15640
15600
15688
15680
15656
15632
15688
15816
15704
15600
15656
15720
15632
15648
15688
15760
15776
15792
15840
15856
15864
15848
15968
16040
16040
16104
16216
16344
16456
16272
16280
16320
16320
16248
16080
16032
16040
15872
15776
15704
15672
15600
15592
15600
15696
15648
15600
15536
15480
15376
15408
15448
15496
15496
15480
15576
15544
15568
15704
16120
16872
18032
19480
20448
20008
18296
16784
15656
15104
15128
15312
15416
15488
15664
15672
15608
15632
15656
15640
15560
15632
15720
15720
15728
15672
15664
15648
15544
15608
15672
15792
15808
15720
15712
15712
15736
15696
15752
15800
15776
15728
15792
15880
15888
15840
15816
15816
15904
15880
15968
16016
16120
16080
16032
15984
16072
16064
16104
16192
16312
16296
16304
16304
16416
16432
16408
16480
16576
16632
16568
16648
16672
16728
16720
16696
16824
16840
16736
16656
16720
16672
16656
16584
16520
16488
16424
16352
16288
16264
16224
16176
16064
16056
16024
15952
15968
16040
16008
15896
15856
15920
15968
15896
15920
15984
16024
15904
15920
15920
15936
15920
15872
15856
15872
15888
15912
15888
15864
15896
15912
15896
15920
15968
15896
15888
15912
16016
15912
15944
15936
15992
16032
15992
16016
16032
16032
15960
16048
16000
15928
15928
16000
16056
16048
15984
15936
15936
16048
16008
15944
15936
16000
15976
15936
15984
16072
15984
16000
16048
16080
16008
15952
15960
15968
15944
15984
16000
15952
15944
15952
16008
16072
16056
16000
15928
16000
16024
16000
15840
16000
16064
15936
15960
15944
15936
16016
15984
16008
16032
16016
16032
15960
15968
16016
15968
15984
16024
16104
16048
16000
16024
16088
15984
16000
16072
16240
16192
16144
16248
16384
16472
16440
16480
16528
16616
16696
16720
16648
16592
16512
16456
16384
16312
16128
15976
16040
16056
15896
15904
15856
15880
15888
15816
15840
15880
15848
15760
15768
15840
15824
15752
15800
15856
15896
16048
16264
16696
17568
18800
19952
19856
18544
17176
16128
15328
15360
15592
15744
15912
15920
15928
15888
15856
15920
15952
15952
15936
15976
15992
15976
15944
15864
15936
15960
15928
16080
16104
15952
15888
15920
16008
15952
15992
16048
16080
16080
16104
16072
16064
16032
16056
16136
16104
16160
16176
16184
16288
16320
16208
16232
16296
16432
16408
16392
16464
16552
16528
16448
16480
16608
16656
16680
16816
16824
16888
16808
16808
16864
16952
16960
16936
16952
17112
17064
16928
16960
16928
16864
16768
16752
16776
16728
16552
16536
16440
16376
16352
16352
16304
16288
16248
16256
16224
16264
16200
16104
16104
16200
16176
16192
16224
16216
16128
16008
16136
16184
16096
16120
16128
16152
16104
16096
16096
16096
16120
16168
16152
16024
16144
16152
16120
16152
16176
16192
16176
16216
16224
16160
16064
16136
16256
16200
16184
16216
16208
16208
16136
16160
16160
16200
16176
16192
16144
16120
16184
16152
16224
16248
16152
16144
16120
16208
16160
16080
16128
16128
16128
16128
16176
16248
16208
16088
16088
16120
16208
16184
16120
16120
16184
16112
16144
16152
16216
16136
16064
16168
16184
16200
16112
16144
16168
16152
16096
16176
16192
16104
16064
16128
16136
16184
16136
16080
16088
16232
16184
16096
16184
16184
16120
16088
16080
16200
16240
16216
16272
16456
16384
16296
16416
16480
16560
16592
16744
16776
16856
16768
16720
16664
16744
16648
16536
16536
16400
16256
16112
16112
16144
16096
15976
16008
15992
15976
15928
15920
15880
15880
15952
15904
15904
15968
15944
15936
16048
16104
16200
16576
17176
18200
19400
19976
19248
17728
16648
15576
15328
15592
15688
15872
15984
16032
15984
16008
16040
16032
16072
15992
15944
16000
16136
16128
15960
16008
16040
16096
16064
16120
16104
16040
16008
16104
16160
16072
16120
16136
16120
16168
16136
16184
16152
16232
16256
16224
16240
16256
16328
16208
16312
16368
16320
16376
16416
16504
16448
16416
16512
16552
16544
16544
16584
16752
16824
16744
16688
16832
16968
17008
16992
17000
16968
17064
17024
17088
17120
17072
16928
16952
17024
16920
16848
16888
16824
16728
16640
16640
16560
16576
16480
16416
16360
16368
16352
16248
16280
16368
16288
16224
16240
16296
16256
16208
16240
16216
16232
16192
16240
16208
16168
16200
16272
16280
16232
16208
16200
16200
16264
16240
16128
16208
16280
16288
16224
16248
16320
16304
16184
16224
16264
16344
16280
16320
16408
16328
16208
16256
16280
16272
16280
16336
16264
16296
16288
16224
16272
16256
16336
16208
16216
16296
16280
16184
16256
16280
16320
16216
16184
16264
16264
16200
16176
16200
16264
16288
16328
16296
16248
16216
16128
16168
16208
16184
16160
16224
16296
16224
16176
16168
16224
16232
16200
16216
16200
16280
16264
16232
16160
16248
16280
16232
16224
16192
16136
16136
16160
16240
16248
16208
16224
16192
16200
16192
16224
16272
16424
16480
16400
16320
16440
16456
16600
16680
16760
16736
16896
16872
16856
16816
16760
16696
16560
16464
16304
16296
16232
16208
16080
16024
15960
15984
15912
15952
15984
16000
15944
15872
15872
15960
15960
15928
15936
15976
16016
16112
16216
16560
17304
18416
19832
20392
19512
17792
16728
15872
15448
15488
15680
15904
16032
16032
15944
15944
15944
16000
16032
16016
15976
16048
16080
16024
16000
15992
15984
16008
16088
16056
15992
16080
16168
16072
16048
16040
16112
16096
16056
16096
16080
16056
16136
16184
16200
16152
16184
16256
16272
16328
16280
16256
16320
16352
16368
16424
16472
16472
16392
16488
16552
16672
16616
16712
16680
16752
16784
16816
16864
16904
16880
16960
17056
17080
17072
17000
16944
16960
16960
16976
16984
16976
16824
16680
16672
16656
16600
16512
16424
16464
16456
16360
16344
16256
16192
16120
16216
16176
16160
16160
16112
16088
16152
16168
16168
16048
16072
16120
16112
16112
16040
16032
16096
16088
16072
16152
16112
16048
16064
16096
16048
16056
16080
16064
16088
16104
16112
16144
16144
16112
16120
16056
16088
16112
16232
16128
16088
16152
16120
16088
16144
16120
16168
16144
16144
16040
16096
16136
16136
16160
16152
16064
16016
16040
16064
16088
16088
16056
16032
16048
16064
16080
16016
15976
16032
16096
16032
15952
16016
16048
16016
16096
16088
16064
16000
15960
15984
16056
16056
16024
16040
16008
15976
15920
15936
15984
16024
15976
15952
15984
16000
15928
16072
16040
16024
15976
16032
16064
16032
15944
15952
15984
16032
16120
16048
16088
16080
16216
16200
16168
16280
16280
16264
16520
16568
16552
16640
16584
16584
16600
16616
16552
16456
16352
16232
16032
15960
16000
15984
15928
15848
15864
15872
15816
15776
15768
15696
15800
15808
15792
15824
15792
15800
15736
15776
15872
16136
16664
17440
18696
20208
20656
19552
17736
16560
15584
15296
15488
15656
15856
15896
15848
15816
15816
15864
15856
15896
15960
15968
15960
15904
15936
16016
15952
15888
15976
16000
15976
15872
15840
15960
16016
15968
15936
15936
16000
16104
16096
16096
16016
16064
16112
16128
16176
16120
16136
16160
16184
16200
16216
16248
16272
16352
16440
16416
16408
16416
16496
16432
16464
16544
16600
16624
16744
16832
16880
16744
16824
16880
16944
16984
16968
17000
17096
17048
16912
16888
16880
16856
16864
16784
16752
16664
16608
16616
16544
16416
16328
16376
16344
16248
16224
16264
16216
16160
16080
16160
16160
16136
16144
16168
16136
16064
16040
16040
16104
16112
16104
16080
16080
16072
16152
16056
16016
16048
16112
16112
16128
16120
16128
16024
16032
16096
16120
16112
16168
16144
16224
16216
16168
16072
16160
16208
16136
16152
16128
16176
16168
16216
16160
16128
16136
16152
16232
16104
16120
16168
16152
16152
16112
16160
16120
16128
16176
16096
16096
16064
16120
16192
16096
16080
16096
16056
16192
16184
16144
16112
16080
16096
16192
16160
16168
16112
16128
16184
16192
16120
16176
16184
16128
16104
16104
16072
16112
16104
16120
16152
16160
16160
16168
16168
16096
16128
16128
16104
16192
16208
16160
16200
16120
16208
16096
16144
16120
16168
16240
16312
16376
16296
16328
16400
16536
16560
16576
16712
16720
16760
16768
16808
16744
16768
16760
16640
16480
16360
16224
16152
16056
16048
16032
16048
16024
15976
15968
15904
15912
15864
15904
15960
15968
15952
15928
15952
15928
16000
16040
16248
16600
17208
18296
19648
20168
19232
17728
16664
15632
15352
15632
15808
15936
15928
15952
15992
16040
16064
16080
16024
16080
16112
16136
16080
15968
15952
16008
16040
16080
16048
16064
16048
16040
16128
16128
16120
16080
16112
16152
16184
16120
16104
16144
16152
16184
16232
16232
16232
16256
16216
16200
16248
16288
16328
16304
16344
16432
16440
16504
16440
16456
16528
16592
16600
16696
16776
16808
16776
16848
16816
16920
17000
17008
16936
16984
16952
16984
16984
17000
16944
17024
17008
16872
16840
16696
16696
16688
16720
16672
16592
16504
16440
16352
16272
16256
16232
16208
16184
16192
16200
16160
16192
16264
16184
16176
16152
16248
16176
16192
16104
16104
16144
16200
16248
16240
16112
16096
16144
16224
16112
16144
16136
16128
16144
16184
16144
16136
16160
16176
16136
16184
16208
16240
16248
16192
16160
16168
16192
16248
16288
16240
16200
16168
16160
16168
16200
16176
16152
16120
16208
16232
16216
16104
16120
16160
16216
16176
16184
16168
16200
16264
16184
16240
16144
16144
16136
16240
16200
16136
16096
16128
16176
16144
16160
16184
16176
16184
16144
16120
16256
16248
16192
16248
16120
16112
16168
16168
16264
16224
16120
16152
16136
16168
16168
16112
16160
16160
16256
16176
16208
16168
16192
16088
16272
16144
16152
16200
15832
16304
16320
16336
16360
16448
16640
16672
16592
16688
16776
16872
16792
16768
16688
16736
16696
16616
16512
16360
16240
16168
16128
16040
16056
16016
16048
16008
15912
15888
15912
15928
15992
15896
15888
15928
15880
15832
15960
15968
16072
16168
16648
17200
18144
19488
19992
19120
17648
16624
15616
15288
15472
15776
15856
15872
16032
16048
15984
15984
15976
15936
15856
15944
16112
16096
16064
16056
16040
16024
16024
16000
16000
16024
16088
16088
16128
16048
16000
16048
16096
16088
16128
16136
16200
16232
16256
16160
16104
16208
16200
16200
16352
16312
16272
16336
16376
16376
16344
16384
16392
16416
16520
16512
16480
16584
16696
16736
16792
16880
16808
16848
16896
16936
16944
16984
17048
17056
17008
16984
16992
17008
16928
16928
16888
16808
16808
16752
16664
16608
16576
16488
16504
16408
16336
16304
16360
16336
16280
16216
16184
16128
16096
16080
16120
16184
16144
16072
16144
16168
16152
16136
16072
16128
16072
16104
16120
16144
16096
16152
16176
16128
16120
16096
16104
16056
16104
16168
16144
16048
16120
16168
16200
16192
16208
16176
16120
16080
16160
16152
16144
16152
16200
16152
16176
16168
16144
16072
16120
16136
16120
16152
16176
16160
16064
16112
16112
16168
16112
16120
16096
16120
16104
16184
16120
16120
16120
16160
16096
16120
16128
16216
16144
16080
16056
16024
16104
16104
16016
16024
16152
16112
16048
16016
16056
15984
16064
16064
16152
16120
16104
16024
16024
16024
16016
16056
16064
16064
16104
16080
16056
16152
16064
16056
16040
16056
16056
16088
16144
16280
16320
16232
16200
16280
16336
16424
16496
16600
16672
16776
16672
16744
16624
16568
16536
16520
16408
16304
16192
16120
16080
15952
15872
15856
15888
15856
15872
15888
15808
15728
15800
15816
15800
15808
15800
15888
15888
15832
15856
15960
16472
17168
18288
19792
20536
20016
18192
16864
15816
15368
15448
15704
15800
15888
15888
15840
15880
15896
15920
15944
15912
15976
15984
16032
16008
15928
15928
15952
16000
15928
15968
15984
16048
16016
15976
15840
15968
15976
16104
16008
16032
16048
16088
16104
16160
16080
16080
16056
16048
16168
16192
16216
16232
16232
16336
16352
16256
16344
16312
16400
16456
16528
16520
16616
16584
16680
16632
16768
16736
16808
16872
16912
16904
16936
16952
16960
17032
17056
16992
16904
16920
16896
16872
16792
16712
16728
16664
16568
16584
16448
16392
16360
16328
16248
16264
16248
16232
16112
16176
16160
16096
16144
16080
16080
16104
16104
16080
16112
16048
16112
16088
16056
16080
16088
15992
16032
16000
16136
16120
16064
16072
16112
16088
16088
16088
16032
16112
16112
16128
16032
16168
16032
16184
16176
16232
16128
16096
16072
16168
16128
16160
16096
16144
16192
16232
16112
16144
16120
16104
16144
16088
16120
16168
16152
16064
16120
16080
16112
16048
16168
16088
16072
16080
16152
16120
16104
16032
16096
16088
16104
16104
16176
16120
16136
16112
16080
16088
16152
16144
16104
16176
16224
16176
16064
16120
16064
16072
16080
16128
16096
16096
16136
16176
16112
16056
16072
16080
16104
16136
16096
16200
16184
16144
16176
16112
16176
16088
16128
16144
16128
16120
16192
16272
16368
16328
16448
16488
16584
16672
16744
16792
16792
16752
16720
16656
16656
16632
16568
16528
16344
16296
16208
16160
16000
15992
15960
15968
15952
16048
16000
15936
15904
15888
15864
15872
15952
15952
16008
15968
15976
15968
16240
16648
17384
18392
19688
20208
19328
17760
16608
15560
15352
15520
15768
15904
16008
16128
16056
15952
15960
16016
16056
16096
16048
16064
16016
16104
16032
16008
15984
16112
16096
16112
16000
16056
16056
16080
16008
16152
16144
16120
16096
16136
16112
16128
16136
16184
16240
16216
16240
16200
16224
16344
16336
16256
16352
16288
16384
16368
16448
16384
16472
16568
16552
16512
16608
16688
16736
16728
16832
16824
16816
16864
16928
17008
17008
17048
17056
17088
17056
17032
16952
16912
16904
16952
16824
16800
16752
16680
16632
16624
16528
16480
16464
16392
16400
16288
16280
16232
16288
16240
16272
16272
16208
16152
16200
16192
16168
16120
16192
16152
16208
16168
16168
16192
16216
16288
16160
16160
16128
16120
16104
16144
16144
16200
16152
16208
16176
16184
16136
16144
16136
16216
16168
16216
16176
16192
16304
16312
16248
16160
16208
16208
16224
16280
16240
16192
16296
16344
16384
16104
16096
16120
16152
16152
16168
16184
16160
16184
16248
16160
16152
16216
16240
16240
16200
16264
16200
16200
16208
16232
16256
16200
16160
16184
16136
16288
16248
16168
16096
16184
16192
16232
16192
16248
16208
16184
16128
16232
16208
16208
16280
16264
16224
16184
16264
16184
16200
16200
16160
16192
16240
16264
16224
16184
16256
16256
16192
16216
16240
16296
16264
16240
16352
16384
16424
16512
16536
16592
16664
16672
16704
16744
16824
16880
16824
16912
16904
16920
16784
16624
16456
16408
16360
16320
16192
16184
16200
16128
16112
16024
16056
16048
15984
15960
15992
15960
16032
16040
16040
16032
16120
16088
16216
16272
16776
17424
18592
19792
20120
19216
17736
16680
15776
15496
15688
15920
16080
16104
16096
16096
16048
16176
16168
16144
16064
16080
16152
16200
16168
16200
16192
16064
16096
16160
16136
16144
16192
16288
16176
16144
16232
16176
16216
16224
16256
16280
16232
16296
16344
16248
16248
16344
16392
16280
16360
16368
16400
16432
16440
16440
16472
16520
16576
16552
16648
16736
16656
16712
16672
16824
16760
16896
17016
16984
16904
17032
17048
17056
17072
17152
17168
17096
17104
17136
17072
16992
17000
16944
16808
16728
16760
16656
16616
16544
16560
16400
16440
16416
16408
16336
16304
16352
16392
16320
16288
16184
16184
16272
16256
16288
16216
16240
16248
16208
16208
16272
16200
16192
16216
16248
16224
16264
16240
16192
16104
16232
16248
16248
16200
16224
16264
16248
16288
16280
16256
16224
16248
16264
16232
16216
16264
16224
16272
16304
16320
16152
16176
16208
16232
16216
16328
16256
16256
16136
16152
16232
16296
16232
16248
16224
16176
16232
16264
16216
16152
16184
16256
16240
16168
16152
16168
16224
16248
16248
16200
16152
16168
16200
16168
16144
16192
16184
16192
16176
16160
16152
16160
16128
16176
16152
16192
16160
16152
16176
16232
16144
16168
16208
16160
16136
16192
16184
16192
16152
16088
16112
16176
16232
16200
16200
16216
16272
16160
16240
16232
16328
16304
16392
16384
16536
16504
16560
16664
16720
16832
16952
16800
16720
16768
16832
16720
16560
16480
16336
16280
16240
16208
16136
16080
16064
16056
15984
16024
16008
15976
15920
15992
15952
16008
16000
16008
16064
16096
16032
16176
16416
16800
17424
18640
19896
20192
19104
17632
16464
15440
15504
15784
15952
15960
16088
16048
16152
16144
16136
16160
16088
16168
16200
16216
16232
16240
16176
16192
16112
16152
16120
16200
16200
16200
16128
16160
16160
16184
16272
16240
16232
16272
16304
16304
16248
16256
16328
16368
16416
16392
16376
16336
16376
16408
16472
16528
16512
16480
16504
16544
16664
16656
16712
16680
16784
16744
16856
16920
16976
16968
17056
17080
17024
17024
17056
17176
17096
17128
17088
17152
17112
17088
17024
17032
16992
16928
16848
16744
16688
16720
16576
16584
16528
16520
16376
16440
16464
16440
16376
16328
16352
16288
16312
16320
16368
16328
16328
16304
16264
16224
16368
16312
16296
16272
16272
16216
16288
16304
16312
16280
16272
16320
16352
16328
16288
16272
16224
16344
16376
16392
16312
16320
16312
16264
16256
16336
16280
16320
16368
16360
16384
16352
16328
16360
16296
16304
16280
16240
16272
16352
16360
16256
16304
16280
16344
16280
16312
16256
16360
16320
16240
16192
16264
16296
16232
16224
16248
16224
16256
16256
16240
16336
16224
16232
16176
16256
16208
16296
16264
16272
16176
16240
16168
16208
16216
16264
16168
16216
16192
16192
16200
16256
16288
16128
16224
16256
16224
16176
16184
16208
16192
16184
16264
16240
16264
16152
16184
16200
16216
16208
16344
16344
16456
16432
16480
16480
16616
16760
16792
16704
16768
16744
16696
16680
16656
16760
16656
16632
16288
16176
15960
16144
16032
16048
15992
16032
15928
16056
16088
15960
15912
15880
15872
15824
16024
15936
15848
15880
15888
16024
16288
16848
17576
18552
19864
20248
19136
17672
16536
15488
15520
15776
15864
15920
15944
15960
15928
16040
16120
16016
15848
16032
16032
16040
16040
16120
16096
16040
16056
16112
16032
16144
16088
16088
16128
16144
16088
16120
16088
16048
16200
16192
16312
16288
16208
16120
16080
16144
16408
16488
16272
16080
16280
16352
16360
16232
16272
16504
16536
16400
16536
16576
16688
16680
16656
16648
16840
16928
16888
16792
16840
16968
16912
17160
17152
17008
16848
16968
16968
17160
17104
17160
17008
16944
16840
16760
16664
16864
16776
16600
16520
16528
16440
16352
16360
16480
16440
16144
16160
16296
16384
16240
16360
16440
16224
16024
16080
16048
16240
16192
16256
16384
16280
16192
16216
16224
16048
16096
16032
16160
16088
16248
16256
16208
16144
16304
16288
16368
16208
16232
16192
16248
16216
16224
16208
16328
16384
16272
16296
16264
16176
16240
16240
16208
16152
16136
16200
16328
16288
16248
16232
16272
16240
16200
16352
16312
16296
16064
16104
16160
16216
16224
16200
16176
16096
16232
16144
16216
16072
16192
16184
16088
16056
16152
16136
16256
16240
16224
16192
16112
16072
16176
16200
16128
16288
16312
16240
16200
16256
16240
16128
16080
16320
16240
16248
16208
16224
16024
16072
16056
16208
16296
16280
16312
16224
16152
16224
16240
16384
16272
16312
16472
16472
16536
16592
16616
16584
16784
16992
16928
16664
16808
16720
16680
16632
16648
16496
16456
16392
16416
16200
16064
15992
16032
16040
16200
15968
15920
15896
15752
15816
15832
16176
16144
15944
15872
16008
15952
16184
16312
16720
17176
18152
19400
19992
19352
17864
16552
15440
15480
15816
15832
15856
15848
16032
16120
16048
16120
16144
16160
15960
16032
16032
16104
16104
16176
16144
16080
16080
15976
15984
16080
16224
16224
16080
16048
16128
16192
16256
16216
16080
16080
16232
16248
16320
16224
16192
16224
16288
16192
16376
16336
16384
16328
16304
16472
16616
16584
16408
16344
16520
16616
16520
16712
16648
16624
16632
16800
16896
17032
16976
16968
16872
16920
16968
17024
16912
16984
17080
16968
16928
16960
17024
16848
16736
16672
16600
16600
16656
16664
16512
16376
16352
16328
16344
16192
16248
16272
16392
16368
16304
16200
16216
16208
16344
16256
16248
16184
16096
16200
16272
16216
16072
16048
16160
16224
16200
16208
16128
16232
16120
16088
16080
16264
16208
16256
16240
16248
16280
16304
16280
16336
16288
16168
16192
16320
16312
16216
16216
16328
16280
16192
16224
16248
16240
16240
16312
16256
16360
16280
16320
16400
16344
16056
16112
16192
16224
16312
16296
16192
16224
16336
16224
16168
16168
16152
16120
16288
16304
16248
16112
16320
16296
16280
16168
16208
16176
16272
16240
16248
16184
16264
16224
16208
16248
16296
16320
16272
16232
16224
16312
16144
16192
16320
16344
16264
16296
16208
16296
16320
16240
16168
16352
16216
16288
16448
16544
16528
16480
16464
16560
16600
16656
16792
16896
17008
17128
16856
16528
16832
16832
16704
16608
16536
16456
16368
16192
16248
16160
16240
16184
16200
16072
16040
16008
16040
16112
16040
16120
16104
16056
15912
16056
16032
16024
16208
16560
17056
17776
18944
19968
19616
18192
17072
16160
15496
15720
15936
16064
15992
15976
16040
16080
16128
16024
16032
16184
16224
16128
16176
16112
16168
16152
16232
16152
16240
16224
16232
16272
16240
16288
16184
16216
16328
16248
16184
16288
16264
16368
16312
16336
16120
16344
16328
16368
16384
16504
16464
16512
16504
16520
16488
16488
16544
16560
16584
16648
16728
16664
16664
16784
16904
16832
16896
16952
17008
16936
17056
17096
17136
17160
17192
16976
17072
17056
17144
17104
16928
16864
17000
16968
16888
16864
16736
16704
16688
16624
16496
16544
16440
16464
16368
16328
16336
16304
16312
16352
16296
16264
16280
16272
16264
16312
16240
16216
16208
16312
16328
16312
16168
16136
16240
16160
16224
16216
16304
16200
16216
16136
16232
16192
16272
16152
16224
16248
16160
16296
16328
16280
16256
16288
16240
16288
16184
16264
16280
16328
16168
16208
16248
16224
16208
16296
16240
16280
16248
16240
16168
16160
16080
16200
16152
16288
16280
16240
16152
16072
16208
16112
16152
16224
16232
15832
16168
16192
16264
16168
16208
16112
16144
16080
16160
16184
16160
16136
16104
16112
16160
16144
16072
16184
16224
16152
16072
16152
16184
16216
16040
16112
16080
16184
16152
16200
16168
16136
16072
16200
16168
16112
16224
16360
16376
16424
16440
16392
16376
16544
16712
16696
16824
16752
16808
16720
16800
16608
16504
16424
16440
16320
16224
16064
16064
16000
15984
15896
15976
15904
15904
15888
15880
15848
15864
15888
15864
15976
15872
16008
15936
15992
16120
16448
16768
17864
19248
20208
19752
18120
16952
16016
15448
15552
15632
15728
15856
16064
16056
16016
15888
15880
15928
15928
15976
15968
16008
16008
16112
15992
15936
15912
16000
16008
16040
16088
16120
16080
15984
15968
16088
16064
16056
16144
16176
16264
16088
16112
16152
16192
16104
16208
16216
16360
16216
16288
16304
16320
16288
16384
16424
16432
16400
16440
16496
16480
16512
16648
16672
16752
16768
16728
16744
16792
16888
16872
16968
16928
16976
16888
17024
16880
16912
16848
16856
16832
16768
16680
16584
16664
16592
16568
16440
16400
16320
16368
16176
16224
16304
16280
16144
16136
16152
16184
16144
16176
16168
16152
16072
16120
16112
16112
16064
16096
16104
16112
16200
16088
16096
16136
16216
16088
16080
16032
16088
16080
16168
16152
16160
16072
16136
16104
16056
16080
16184
16192
16224
16200
16096
16144
16144
16152
16152
16200
16208
16216
16048
16104
16040
16208
16136
16144
16040
16024
16064
16192
16112
16048
16048
16136
16008
16040
16072
16064
16088
16048
16112
16152
16144
16040
16120
16040
16120
16008
16104
16032
16112
16096
16024
16016
16040
16056
16120
16072
16048
16080
16064
16120
16048
16008
16048
16120
16080
16120
16104
16120
16104
16088
16104
15976
15960
16080
16104
16136
16144
16216
16176
16280
16216
16360
16432
16512
16432
16608
16640
16736
16688
16672
16624
16664
16680
16544
16496
16328
16224
16056
16056
15976
16000
15928
15968
15912
15912
15816
15872
15888
15816
15888
15824
15872
15848
15888
15832
15864
15920
16168
16496
17008
18000
19304
19968
19440
17816
16760
15696
15280
15544
15624
15760
15904
15880
15936
15960
15896
15880
15976
16048
15928
15920
15928
16032
15880
15920
16040
16000
15888
15968
16032
15968
15952
16056
16016
16032
16040
16016
15992
16096
16192
16128
16152
16136
16160
16032
16128
16248
16240
16144
16168
16224
16360
16248
16312
16296
16312
16312
16424
16416
16440
16552
16584
16608
16592
16648
16648
16760
16960
17032
16888
16760
16824
16904
16848
16904
16888
16952
16856
16872
16880
16864
16712
16728
16672
16696
16592
16544
16392
16320
16384
16392
16352
16336
16200
16120
16136
16264
16312
16152
16120
16136
16104
16128
16136
16080
16024
16056
16224
16128
16112
16032
16016
16064
16112
16144
16144
16192
16160
16152
16120
16072
16040
16176
16120
16192
16184
16176
16024
16160
16184
16264
16216
16216
16208
16192
16128
16176
16144
16160
16232
16264
16256
16216
16224
16120
16080
16176
16224
16096
16120
16200
16256
16072
16096
16040
16168
16168
16160
16152
16152
16176
16024
16008
16152
16192
16120
16112
16200
16120
16000
16224
16208
16232
16128
16072
16128
16144
16120
16128
16104
16208
16160
16032
16024
16072
16144
16168
16208
16168
16120
16152
16040
16224
16352
16424
16424
16384
16360
16392
16560
16640
16712
16712
16816
16784
16664
16672
16696
16616
16464
16320
16248
16192
16184
16280
16056
15976
15912
15888
15912
15896
15896
15936
15880
15864
15960
15920
15864
15856
15832
15888
15968
16144
16408
16944
17704
18952
20032
19848
18272
17048
15992
15296
15520
15632
15752
15952
15936
15936
15984
16024
16000
15944
16016
16040
16016
15936
15984
15952
15968
15952
16040
16056
16000
16032
16032
15968
15984
16056
16056
16032
16024
16088
16072
16136
16128
16104
16080
16216
16280
16176
16136
16200
16200
16256
16200
16256
16264
16240
16352
16400
16384
16424
16488
16456
16504
16544
16664
16720
16664
16672
16752
16768
16840
16872
16920
16912
16872
16864
16944
16944
16880
16904
16872
16808
16776
16808
16808
16720
16584
16552
16528
16360
16296
16360
16320
16288
16136
16216
16200
16176
16248
16120
16096
16064
16056
16096
16112
16072
16072
16032
16096
16152
16144
16120
16056
16080
15960
15920
16136
16136
16120
16024
16056
16112
16088
16032
16144
16144
16104
16112
16120
16136
16272
16168
16088
16136
16168
16128
16128
16112
16128
16152
16008
16016
16104
16112
16176
16128
16200
16112
16064
16080
16048
16072
16096
16104
16096
16216
16232
16056
16000
16088
16056
16056
16072
16232
16256
16136
16072
16080
16016
16032
16096
16144
16136
16032
16160
16088
16000
16056
16088
16096
16008
16048
16104
16080
16136
16152
16112
16072
16064
16120
16104
16088
16216
16184
16192
16312
16304
16264
16368
16472
16360
16472
16664
16712
16840
16816
16728
16640
16592
16616
16480
16424
16312
16272
16144
16072
16056
16024
15976
15936
15968
15936
15832
15848
15872
15880
15944
15888
15888
15832
15888
15968
15936
16000
16288
16616
17072
18048
19312
19808
18960
17408
16432
15544
15288
15480
15632
15824
15912
15896
15944
15976
16024
15944
16008
16008
15992
15936
15904
15944
15984
15984
15992
15952
15968
15936
16032
16096
15992
15968
15960
16024
16072
16048
16096
16096
16104
16080
16056
16032
16136
16144
16192
16168
16232
16288
16288
16224
16248
16288
16264
16360
16384
16400
16432
16480
16488
16528
16552
16696
16632
16664
16744
16760
16864
16888
16896
16864
16912
16920
16936
16872
16904
16888
17000
16976
16808
16720
16792
16656
16648
16624
16496
16464
16536
16416
16296
16312
16272
16152
16144
16176
16168
16168
16144
16088
16056
16128
16160
16176
16160
16120
16080
16184
16048
15960
16040
16128
16080
16080
16056
16128
16176
16176
16032
15984
16088
16128
16056
16112
16160
16184
16208
16176
16144
16152
16112
16160
16128
16136
16184
16032
16120
16184
16136
16104
16184
16264
16216
16200
16152
16120
16104
16088
16144
16080
16136
16184
16136
16056
16080
16064
16160
16240
16128
16064
16072
16072
16088
16168
16152
16080
16064
16040
16144
16104
16056
15992
16016
16112
16104
16048
16032
16104
16152
16104
16056
16064
16168
16136
16160
16176
16112
16080
16064
16128
16136
16144
16024
15976
16040
16056
16144
16192
16304
16344
16312
16296
16376
16424
16472
16608
16688
16760
16656
16672
16704
16720
16632
16496
16376
16328
16200
16048
15912
15936
15952
15904
15872
15880
15928
15832
15832
15904
15784
15840
15744
15760
15792
15784
15776
15808
15912
16144
16368
16888
17912
19272
20112
19576
17888
16800
15816
15280
15472
15600
15704
15752
15808
15904
15760
15824
15992
15904
15912
15904
15872
15920
15912
15952
15952
15848
15864
15928
15976
15944
15896
15920
15864
15896
15912
15960
15928
15896
16040
16024
16040
16040
16040
16040
16104
16072
16080
16152
16200
16200
16144
16160
16120
16152
16248
16376
16280
16248
16344
16440
16480
16448
16504
16560
16536
16696
16792
16728
16648
16896
16816
16808
16952
16888
16832
16752
16816
16872
16816
16848
16744
16688
16600
16480
16400
16392
16424
16320
16320
16208
16088
16056
16168
16136
16064
16000
16048
15920
15976
16016
16008
16032
16000
15976
16040
16000
15848
15896
15944
15944
15896
15896
15904
16040
15896
15792
15952
15968
15936
15968
15968
15976
15952
15992
15944
15952
15936
16024
16024
16032
16064
16032
15928
15896
15976
16008
15992
15992
16056
15984
15928
15944
16024
16120
16104
15976
15896
15944
15936
15928
15968
16040
16112
16000
15968
15928
15864
15872
15920
15944
15960
15984
15848
15848
15960
15952
15960
15920
15912
15968
15944
15912
15936
15936
15944
15888
15944
15976
15984
15864
15880
15968
15992
15976
15944
15848
15848
15920
15944
15912
15912
15944
16024
16040
16120
16152
16120
16128
16200
16248
16352
16560
16584
16520
16608
16520
16400
16408
16472
16448
16320
16248
16072
15952
15928
15848
15800
15840
15800
15816
15856
15784
15664
15648
15656
15680
15640
15696
15816
15776
15752
15696
15680
15840
16248
16752
17680
19056
20184
20024
18296
16928
15888
15224
15336
15424
15656
15776
15784
15768
15824
15816
15856
15776
15728
15816
15896
15936
15888
15792
15864
15840
15896
15872
15864
15856
15896
16000
15864
15792
15840
15856
15840
15928
15896
15952
15968
16048
16064
16000
15968
16064
16096
16096
16120
16144
16152
16120
16104
16120
16160
16208
16256
16368
16488
16464
16464
16432
16480
16512
16560
16616
16656
16688
16712
16744
16888
16904
16896
16912
16904
16848
16864
16808
16768
16768
16792
16648
16584
16592
16600
16544
16408
16368
16344
16224
16208
16144
16160
16112
16072
16064
16072
16144
16120
16128
16072
16048
16136
16024
15968
16072
16136
16024
15984
15992
16096
15992
15984
16024
16008
16000
16032
16040
16024
15968
16040
16104
16112
16064
16016
16104
16176
16208
16168
16064
16000
16120
16056
16048
16088
16144
16200
16192
16080
15968
16152
16136
16120
16120
16096
16128
16088
16096
16096
16088
16176
16120
16152
16048
16080
16112
16136
16088
16088
16032
16120
16024
16080
16096
16048
16024
16072
16112
16184
16136
16056
15936
16000
16136
16104
16072
16040
16056
16072
16096
16096
16112
16088
16112
16232
16216
16064
15984
15976
16088
16080
16032
16040
16088
16104
16072
16032
16120
16160
16256
16360
16264
16336
16376
16448
16488
16584
16704
16800
16856
16712
16592
16656
16648
16592
16504
16352
16272
16224
16160
16064
15960
16120
16032
15816
15880
15976
15960
15880
15880
15904
15944
15856
15824
15896
15904
15896
15984
16048
16288
16648
17224
18232
19504
20064
19152
17560
16584
15680
15416
15504
15648
15824
15888
15968
16000
16008
16056
16032
16024
16000
16016
16104
16088
16056
16088
16072
16024
16096
16048
16072
16088
16176
16184
16048
16056
16112
16096
16144
16136
16152
16200
16088
16128
16152
16256
16192
16248
16312
16368
16384
16360
16328
16328
16328
16416
16448
16392
16544
16536
16512
16528
16560
16680
16672
16744
16768
16856
16840
16896
16944
17016
17016
17000
17056
17072
16976
17040
17104
17016
16896
16880
16920
16872
16848
16704
16696
16624
16560
16456
16456
16472
16448
16336
16312
16272
16248
16296
16336
16488
16344
16168
16080
16184
16176
16168
16096
16176
16256
16240
16200
16216
16160
16128
16104
16184
16208
16216
16256
16264
16272
16136
16176
16248
16256
16240
16208
16144
16144
16272
16312
16280
16280
16320
16288
16224
16184
16248
16288
16232
16232
16320
16240
16184
16272
16360
16272
16200
16208
16192
16312
16272
16200
16184
16216
16272
16224
16256
16160
16128
16168
16256
16288
16224
16224
16168
16208
16248
16240
16168
16200
16304
16360
16232
16184
16184
16240
16176
16144
16176
16264
16192
16200
16200
16216
16208
16240
16264
16256
16280
16264
16168
16128
16128
16144
16160
16144
16272
16272
16280
16296
16288
16320
16440
16456
16488
16528
16688
16800
16824
16768
16704
16736
16760
16888
16744
16576
16456
16368
16216
16240
16128
16040
15976
16016
16016
16032
15928
15912
15952
15936
15880
16008
16048
15968
15856
15920
15936
15952
15984
16120
16488
16904
17720
18984
19928
19624
18056
16928
15888
15264
15496
15656
15896
15904
15976
15920
16056
16104
15992
15976
16056
15984
16008
15960
15960
16064
16056
15952
15936
16008
16032
16040
16056
16064
16104
16096
16072
16024
16032
16056
16104
16224
16232
16152
16096
16216
16216
16200
16208
16256
16248
16224
16296
16296
16360
16328
16328
16232
16392
16464
16584
16448
16576
16664
16680
16504
16600
16760
16816
16784
16840
16920
16880
16904
16952
16976
16968
16968
16928
16968
16976
16984
16864
16792
16744
16648
16528
16536
16456
16440
16320
16296
16336
16216
16160
16200
16216
16232
16152
16152
16184
16136
16032
16008
16088
16264
16208
16040
16024
16064
16064
15944
16008
16048
16080
16008
16112
16120
16072
15992
16032
16080
16048
15992
16032
16064
16128
16112
16080
16064
16064
16136
16072
16112
16080
16040
16024
16112
16120
16104
16104
16136
16224
16192
16000
15992
16120
16128
16056
16168
16176
16032
15992
16048
16096
16144
16104
15984
16000
16096
16104
15992
16040
16048
16072
15976
16040
16088
16168
16088
16088
16064
16032
15952
16048
16072
15992
16032
16032
16088
16008
15968
15872
15888
16000
16048
15928
16000
16008
16056
16024
16024
15944
15936
15872
15984
16104
16048
16064
15992
16008
15984
16104
16152
16200
16200
16272
16280
16416
16440
16544
16600
16704
16632
16552
16472
16528
16528
16464
16288
16184
16000
15888
15856
15840
15832
15824
15792
15720
15736
15728
15848
15736
15632
15744
15784
15632
15752
15760
15768
15632
15880
16232
16688
17400
18712
20032
20264
18896
17328
16224
15312
15264
15368
15576
15600
15808
15776
15816
15832
15912
15816
15824
15784
15800
15824
15872
15888
15912
15768
15840
15840
15880
15784
15800
15848
15928
16024
15912
15888
15832
15928
15808
15880
15960
16056
15984
16040
16064
16088
16032
16064
16080
16152
16136
16176
16168
16168
16168
16216
16304
16272
16312
16272
16392
16400
16576
16512
16496
16592
16728
16584
16736
16808
16872
16768
16808
16888
16904
16856
16856
16840
16888
16864
16752
16680
16616
16680
16520
16384
16344
16392
16224
16264
16192
16208
16120
16112
16088
16192
16096
16000
16032
16048
16000
16032
16016
15976
16000
16056
16056
16016
16032
15848
15880
16040
16016
15864
15896
15936
15968
15888
16040
15968
16016
15936
15920
15960
15928
15912
16008
16064
16104
16104
16000
16040
15976
16072
16008
15976
16032
16088
15968
16016
15976
16032
16008
16080
16048
16080
16064
16000
16008
16024
15992
15952
16120
16080
16040
15920
15864
15952
16080
16056
16064
16032
15936
15872
16064
15984
16000
15928
16048
16032
16120
16016
15968
16024
15992
15864
15944
16064
16080
16008
15904
15904
15952
16008
15920
15992
15976
16032
15880
15952
15968
16016
15944
15976
16056
16120
16064
15944
15856
15952
15984
16000
16144
16208
16176
16216
16320
16336
16376
16160
16536
16568
16744
16664
16648
16600
16656
16512
16464
16296
16320
16128
16072
16072
15952
15936
15816
15904
15824
15816
15720
15776
15792
15824
15640
15744
15840
15880
15760
15736
15760
15864
15952
16288
16736
17432
18528
19768
19944
18552
17136
16048
15280
15280
15544
15608
15856
15944
15992
15872
15832
15800
15872
15856
15920
15864
15912
15888
16024
15832
15920
15928
15896
15976
15968
15928
15960
15984
15944
15952
15936
16016
16000
16088
16008
16112
16064
16104
15992
16184
16144
16184
16104
16104
16160
16208
16176
16208
16256
16264
16352
16296
16384
16320
16384
16440
16544
16544
16648
16600
16632
16752
16800
16696
16776
16824
16952
16840
16896
16936
16976
16904
16856
16904
16896
16848
16824
16864
16744
16664
16504
16488
16448
16416
16240
16296
16288
16328
16240
16232
16152
16136
16080
16096
16096
16128
16112
16104
16208
16136
16088
15960
16072
16072
16128
16032
16120
16080
16208
16088
16080
16024
16056
16008
16080
16080
16144
16024
16088
16160
16080
16040
16104
16112
16176
16192
16144
16224
16104
16184
16088
16120
16072
16184
16136
16208
16208
16240
16136
16072
16024
16112
16048
16112
16200
16200
16192
16160
16208
16040
16056
16064
16128
16056
16144
16024
16200
16128
16152
16064
16096
16120
16168
16080
16032
16056
16240
16144
16080
16136
16120
16112
15984
16088
16048
16104
16056
16168
16160
16184
16080
16096
16040
16120
16048
16096
16128
16240
16112
15984
16032
16152
16080
16112
16112
16136
16024
16096
16160
16120
16160
16088
16160
16176
16376
16280
16296
16328
16440
16368
16512
16616
16736
16808
16840
16736
16800
16624
16544
16568
16592
16400
16192
16296
16216
16120
15968
16040
16104
16072
15832
15904
15808
15920
15840
15936
15912
15904
15848
15824
15888
16016
15976
15992
16288
16744
17232
18176
19464
19952
19016
17408
16496
15536
15328
15464
15768
15696
15960
15848
15944
16016
16112
15984
16072
16072
16072
15920
15952
16048
16032
16096
16032
16112
16056
16104
15912
15984
16032
16072
15952
16168
16112
16144
16048
16120
16192
16200
16112
16160
16216
16184
16152
16160
16264
16216
16280
16280
16296
16376
16400
16352
16440
16432
16464
16480
16520
16520
16632
16560
16688
16736
16904
16864
16848
16880
16904
16904
16952
17032
17056
17072
17008
17008
16928
16936
16888
16920
16776
16728
16728
16728
16696
16600
16368
16400
16376
16432
16296
16240
16264
16312
16224
16104
16160
16200
16216
16192
16256
16200
16192
16056
16192
16120
16144
16064
16224
16192
16224
16040
16032
16048
16096
16080
16056
16080
16152
16176
16144
16192
16128
16112
16024
16064
16088
16192
16136
16240
16120
16216
16112
16168
16168
16240
16120
16112
16112
16208
16208
16152
16200
16192
16160
16176
16232
16216
16200
16064
16120
16096
16128
16024
16128
16120
16224
16128
16112
16064
16136
16024
16080
16072
16184
16144
16144
16128
16224
16064
15944
16072
16152
16176
15912
16056
16144
16240
16104
16184
16056
16096
16040
16112
16072
16088
16040
16048
16120
16168
16136
16096
16128
16064
16040
15992
16088
16104
16040
16064
16160
16144
16144
16048
16176
16216
16328
16240
16280
16408
16456
16472
16712
16672
16736
16696
16664
16712
16688
16536
16440
16496
16400
16328
16016
16024
15992
16048
15832
15992
15880
16000
15816
15744
15800
15832
15800
15736
15832
15856
15832
15776
15848
15896
15952
16256
16832
17560
18768
19848
19952
18528
17224
16080
15432
15288
15552
15632
15768
15856
15920
15824
15872
15848
15904
15896
15880
15944
16000
15936
15912
15968
15840
15944
15904
15912
15968
16024
15872
15952
16016
16016
15872
15904
15952
16040
16008
15992
16024
16016
16008
16000
16136
16120
16104
16088
16216
16216
16216
16120
16224
16160
16280
16200
16320
16432
16464
16328
16352
16504
16616
16608
16576
16672
16736
16720
16736
16936
16944
16920
16896
16912
16880
16776
16728
16912
16784
16784
16768
16656
16672
16608
16496
16472
16392
16320
16240
16168
16184
16272
16224
16128
16096
16104
16016
15864
16024
16064
16056
15896
15968
15984
16040
15864
15952
15952
16016
15960
15984
15936
16080
16000
15920
15952
15976
16024
15872
15992
16032
15944
15888
15984
15920
15936
15936
16040
16024
16016
15920
16000
15968
16096
16040
16024
16008
16040
16016
15992
16032
16104
16104
15928
15936
16008
15952
15832
16056
15984
16040
16016
15960
15912
16016
15968
16032
16008
15984
15888
15912
15984
16120
15968
15848
15968
16080
16048
15928
16000
16032
15976
15920
15944
15944
15936
15832
15968
16000
16080
16016
15960
15944
16024
15960
15920
15952
15960
15976
16032
16048
16096
15976
15840
15936
15992
15984
15912
16032
16064
16072
15968
15960
16024
16120
16072
16192
16224
16264
16352
16256
16288
16512
16552
16496
16680
16696
16656
16496
16648
16672
16440
16144
16240
16136
16032
15936
15992
15912
15984
15816
15824
15792
15808
15784
15752
15824
15880
15832
15808
15808
15744
15784
15824
15904
16040
16384
16936
17968
19200
20072
19536
17984
16872
15832
15144
15368
15584
15832
15840
15784
15856
16000
15992
15864
15944
15952
16008
15912
15896
15912
15904
15816
15912
15960
15992
15952
15992
15984
16000
15960
15936
15944
16104
16032
15976
15960
16112
16136
16088
16000
16048
16176
16096
16208
16176
16128
16056
16200
16152
16264
16248
16272
16256
16352
16384
16424
16416
16552
16504
16536
16600
16632
16712
16640
16752
16768
16824
16768
16888
16920
17048
16912
16928
16896
16984
16904
16816
16816
16832
16672
16648
16656
16656
16576
16360
16384
16376
16304
16208
16192
16176
16176
16112
16144
16200
16152
15992
16160
16112
16096
15960
16016
16152
16160
16064
16040
16088
16128
16080
16096
16136
16096
16048
15968
16056
16024
16128
16032
16120
16160
16160
16016
16096
16128
16144
16120
16112
16064
16160
16160
16144
16112
16192
16192
16192
16104
16104
16168
16080
16104
16128
16088
16088
16144
16184
16192
15984
16056
16136
16160
16152
16208
16176
16120
16128
16144
16096
16080
16128
16104
16080
16104
16112
15992
16072
16120
16120
16040
16096
16152
16152
16048
16088
16096
16104
16136
16144
16120
16120
16064
16104
16104
16160
16064
15992
16128
16200
16112
16048
16120
16072
16136
16000
16104
16080
16128
16064
16224
16192
16168
16128
16104
16040
16136
16128
16168
16288
16368
16328
16232
16368
16400
16552
16600
16664
16736
16760
16640
16712
16696
16728
16488
16504
16456
16344
16184
16016
16056
16096
16040
15888
15912
15952
15936
15824
15840
15848
15872
15776
15776
15856
15872
15776
15888
15976
16080
16160
16528
17088
18224
19440
19824
18920
17552
16488
15392
15192
15464
15720
15672
15816
15912
15960
15872
15872
15968
15960
15856
15936
15992
16072
15976
16000
15992
15960
15904
15952
15960
15968
16000
15928
16000
15960
16104
16000
16008
16080
16168
16000
16000
16040
16152
16088
16112
16152
16232
16152
16184
16216
16240
16232
16160
16320
16384
16368
16240
16296
16520
16520
16400
16480
16552
16656
16560
16632
16744
16800
16752
16864
16888
16960
16776
16880
16856
16936
16944
16896
16864
16840
16888
16736
16672
16584
16568
16480
16424
16432
16384
16264
16320
16304
16224
16096
16184
16200
16256
16128
16080
16032
16088
16128
16120
16056
16080
16056
15976
16008
16080
16008
15920
16032
16072
16048
15944
15968
16112
16232
16008
16048
16032
16048
16032
16040
16104
16120
16080
16120
16120
16040
16016
16008
16080
16064
16128
16024
16064
16136
16128
15992
16096
16048
16152
16040
16080
16080
16080
16048
16088
16160
16112
16048
16056
16104
16168
16160
16048
16016
16000
16000
15912
16032
16160
16184
16024
16008
16000
15992
15856
15968
16088
16112
16056
16040
16096
16064
16032
16008
16000
16072
16048
15992
16048
16096
16152
15952
15928
16024
16032
15944
15992
16072
16040
15992
16016
16048
16048
16112
16120
16096
16112
16096
15992
15936
15976
16032
16000
16104
16192
16304
16176
16248
16360
16312
16328
16520
16632
16720
16728
16656
16608
16616
16592
16560
16512
16392
16240
16144
16128
16048
15936
15768
15792
15848
15856
15848
15904
15896
15960
15704
15616
15752
15840
15760
15824
15848
15832
15840
16088
16560
17200
18272
19584
20200
19440
17832
16632
15712
15296
15512
15560
15768
15872
15880
15816
15944
15968
15960
15840
15856
15848
15960
15880
15840
15920
16032
15952
15912
15984
15944
15968
15888
15896
15960
16080
15968
16032
16024
16016
15968
15984
16016
16096
16120
16088
16032
16056
16128
16096
16144
16208
16248
16240
16344
16304
16256
16216
16360
16456
16472
16336
16376
16488
16608
16536
16568
16624
16776
16776
16728
16880
16960
16880
16896
16928
16888
16904
16896
16960
16880
16832
16704
16744
16728
16640
16512
16464
16472
16480
16344
16304
16216
16240
16152
16080
16144
16104
16064
16104
16128
16168
16128
15936
16056
16096
16144
15968
16040
16128
16088
15960
16048
16088
16016
15944
15968
16072
16080
16064
15968
16040
16032
16104
16056
16072
16128
16104
16080
16152
16120
16112
16072
16112
16120
16160
16032
16072
16176
16240
16224
16136
16072
16024
16032
16064
16096
16168
16176
16112
16120
16104
16144
16032
16128
16144
16192
16080
16120
16096
16136
16040
16040
16128
16200
16056
16048
16168
16080
16056
16024
16064
16120
16040
16016
16096
16064
16096
16008
16184
16128
16120
16040
16072
16112
16128
16032
16008
16096
16216
16160
16088
16032
16080
16056
16048
16120
16168
16120
16032
16088
16056
16152
16008
16088
16112
16176
16112
16112
16088
16144
16152
16176
16256
16456
16416
16320
16424
16544
16488
16536
16600
16648
16720
16632
16696
16736
16744
16520
16504
16424
16352
16128
16120
16184
16192
15976
15936
15936
16008
15928
15824
15976
16024
16072
15840
15832
15880
15896
15848
15896
15976
16056
16168
16528
17120
18128
19304
20048
19528
18032
16848
15696
15296
15640
15696
15768
15920
16008
16048
15912
16008
16016
16040
15976
15984
16048
16144
16024
16064
16032
16104
15936
15960
16032
16152
16072
16048
16240
16160
16048
16000
16184
16192
16144
16088
16264
16232
16248
16152
16136
16184
16288
16280
16320
16296
16320
16376
16384
16424
16416
16368
16376
16528
16544
16584
16552
16688
16720
16768
16648
16728
16936
16904
16760
16960
16952
17016
16992
16992
17072
17080
16936
17016
17032
17040
16896
16808
16864
16888
16744
16664
16672
16600
16480
16424
16472
16392
16416
16352
16424
16296
16272
16176
16192
16264
16296
16120
16136
16248
16328
16176
16200
16192
16168
16176
16216
16240
16176
16216
16144
16232
16184
16208
16112
16240
16256
16312
16152
16152
16176