-93
-93
-93
-95
-91
-91
-95
-93
-93
-95
-98
-93
-99
-99
-98
-100
-98
-106
-103
-103
-105
-104
-99
-106
-110
-106
-102
-102
-103
-104
-106
-105
-108
-107
-109
-107
-110
-112
-105
-109
-111
-109
-107
-114
-113
-112
-111
-106
-110
-110
-111
-112
-112
-112
-116
-110
-110
-117
-113
-116
-115
-109
-107
-108
-114
-118
-115
-114
-112
-107
-111
-117
-113
-111
-119
-127
-122
-119
-117
-121
-123
-119
-117
-110
-101
-95
-100
-102
-96
-86
-66
-49
-55
-65
-65
-67
-87
-98
-97
-97
-110
-124
-135
-134
-132
-133
-130
-133
-131
-132
-136
-141
-140
-142
-148
-143
-140
-143
-151
-150
-138
-140
-146
-154
-197
-256
-259
-199
-111
27
208
375
539
605
439
258
86
-56
-115
-103
-82
-87
-93
-101
-115
-124
-134
-137
-124
-123
-120
-123
-125
-121
-122
-125
-123
-113
-116
-117
-112
-118
-113
-103
-101
-104
-108
-100
-96
-98
-93
-87
-84
-83
-86
-90
-83
-68
-67
-68
-66
-71
-61
-51
-50
-50
-44
-40
-32
-23
-15
-7
-2
0
8
27
46
53
62
68
75
82
94
97
102
110
107
99
90
81
63
44
27
7
-9
-25
-38
-54
-64
-79
-85
-88
-97
-101
-105
-106
-108
-108
-118
-115
-101
-100
-101
-101
-101
-101
-100
-98
-99
-99
-98
-99
-99
-95
-91
-91
-92
-90
-92
-101
-88
-85
-88
-91
-95
-94
-94
-95
-99
-100
-106
-104
-106
-105
-104
-108
-107
-106
-105
-108
-104
-108
-110
-108
-110
-112
-111
-109
-112
-113
-108
-108
-113
-113
-115
-112
-113
-115
-117
-116
-115
-117
-118
-116
-116
-116
-118
-117
-118
-116
-115
-116
-118
-119
-119
-119
-117
-119
-118
-120
-118
-119
-115
-115
-114
-116
-117
-124
-121
-118
-116
-116
-113
-115
-115
-115
-116
-107
-102
-93
-89
-93
-96
-80
-58
-44
-49
-55
-55
-62
-76
-90
-96
-100
-113
-126
-134
-133
-133
-134
-133
-135
-138
-139
-138
-140
-140
-142
-143
-148
-147
-146
-145
-147
-151
-154
-154
-165
-206
-255
-258
-201
-118
14
182
356
521
534
373
220
85
-72
-153
-147
-118
-97
-105
-111
-123
-137
-141
-143
-146
-145
-146
-147
-144
-146
-146
-148
-149
-146
-143
-143
-143
-143
-141
-143
-142
-140
-135
-135
-134
-136
-133
-133
-131
-127
-128
-125
-125
-125
-123
-121
-120
-117
-113
-110
-103
-98
-93
-91
-88
-80
-72
-62
-57
-47
-37
-28
-19
-12
-3
8
15
19
30
43
49
48
44
37
31
18
1
-15
-32
-51
-72
-83
-93
-106
-116
-126
-134
-141
-148
-152
-153
-157
-152
-153
-158
-156
-154
-152
-153
-150
-147
-143
-142
-144
-140
-138
-136
-137
-134
-128
-126
-126
-126
-123
-125
-120
-122
-118
-119
-118
-118
-120
-118
-118
-120
-122
-120
-120
-121
-122
-122
-120
-118
-120
-124
-122
-121
-121
-122
-122
-121
-123
-124
-126
-124
-123
-123
-126
-128
-126
-126
-127
-129
-123
-125
-128
-130
-131
-130
-130
-132
-134
-134
-134
-130
-129
-123
-109
-104
-103
-109
-114
-103
-81
-61
-65
-67
-69
-74
-91
-103
-111
-111
-121
-135
-147
-151
-150
-153
-155
-157
-159
-159
-164
-164
-162
-165
-167
-166
-167
-167
-164
-165
-166
-164
-164
-167
-171
-196
-252
-279
-233
-156
-47
119
291
448
564
458
261
102
-51
-149
-152
-130
-106
-108
-118
-132
-141
-141
-144
-145
-146
-149
-149
-147
-144
-143
-143
-141
-141
-138
-138
-133
-132
-134
-134
-130
-128
-124
-122
-122
-118
-115
-115
-116
-113
-108
-107
-107
-104
-102
-96
-93
-93
-87
-82
-75
-72
-68
-62
-55
-49
-42
-32
-23
-16
-6
5
16
26
36
42
51
61
72
80
83
83
80
73
59
45
29
10
-10
-27
-44
-58
-74
-87
-96
-106
-113
-117
-127
-126
-128
-131
-133
-136
-135
-136
-134
-133
-132
-132
-132
-132
-130
-126
-128
-131
-127
-126
-125
-125
-123
-122
-124
-128
-125
-127
-125
-126
-125
-128
-128
-130
-131
-131
-134
-132
-133
-134
-137
-137
-139
-139
-138
-139
-138
-139
-138
-141
-140
-139
-139
-137
-139
-140
-141
-138
-137
-137
-138
-137
-138
-140
-138
-138
-137
-141
-142
-140
-137
-139
-141
-138
-137
-136
-134
-127
-116
-108
-105
-108
-112
-109
-91
-70
-58
-62
-66
-70
-83
-92
-99
-101
-108
-119
-133
-141
-140
-143
-145
-146
-147
-148
-148
-148
-150
-152
-153
-152
-151
-151
-154
-152
-152
-152
-152
-154
-156
-174
-227
-269
-243
-171
-72
75
247
411
555
507
321
170
24
-110
-137
-125
-97
-95
-106
-116
-128
-133
-135
-135
-138
-135
-137
-137
-139
-136
-137
-134
-131
-132
-128
-125
-125
-124
-123
-122
-119
-113
-114
-113
-112
-110
-109
-106
-103
-102
-100
-99
-97
-91
-88
-88
-84
-78
-71
-69
-70
-61
-52
-48
-47
-41
-27
-15
-9
1
12
22
27
37
50
60
65
72
80
86
86
80
73
60
46
27
10
-8
-24
-45
-59
-72
-86
-101
-110
-114
-124
-128
-132
-132
-137
-140
-142
-142
-142
-147
-144
-142
-143
-147
-147
-146
-142
-139
-142
-139
-141
-141
-145
-143
-143
-142
-145
-148
-143
-140
-145
-148
-148
-148
-152
-152
-155
-153
-152
-154
-155
-152
-156
-159
-159
-161
-159
-163
-162
-159
-163
-163
-162
-161
-162
-161
-163
-164
-164
-167
-167
-167
-166
-167
-164
-163
-166
-167
-171
-171
-168
-165
-167
-166
-167
-164
-163
-154
-141
-135
-138
-146
-145
-134
-112
-96
-97
-99
-100
-108
-121
-128
-131
-138
-150
-165
-172
-177
-176
-176
-176
-181
-182
-182
-184
-187
-186
-186
-186
-186
-188
-186
-190
-192
-194
-192
-189
-192
-196
-220
-274
-301
-265
-190
-81
74
231
389
497
392
197
52
-84
-197
-207
-190
-154
-145
-151
-160
-174
-180
-180
-184
-186
-184
-184
-187
-185
-184
-178
-180
-181
-183
-180
-181
-179
-173
-170
-169
-167
-168
-169
-167
-165
-163
-157
-157
-156
-155
-153
-152
-153
-148
-138
-138
-138
-132
-124
-114
-115
-113
-108
-105
-103
-91
-77
-69
-59
-53
-37
-27
-16
-16
-7
17
23
27
40
52
52
34
10
-19
-38
-52
-55
-60
-80
-112
-139
-156
-173
-175
-185
-188
-177
-168
-180
-184
-184
-174
-151
-154
-190
-192
-210
-208
-203
-203
-216
-218
-196
-186
-189
-206
-209
-208
-191
-196
-188
-164
-150
-164
-183
-189
-169
-164
-191
-221
-232
-237
-221
-205
-193
-184
-197
-200
-196
-177
-166
-175
-176
-184
-191
-207
-199
-203
-217
-220
-214
-210
-208
-187
-181
-188
-196
-210
-218
-212
-208
-206
-199
-193
-183
-184
-191
-203
-207
-196
-201
-193
-187
-200
-206
-183
-164
-141
-153
-171
-166
-141
-109
-102
-114
-133
-135
-135
-141
-134
-156
-157
-155
-163
-178
-198
-198
-195
-197
-186
-188
-180
-189
-173
-158
-158
-183
-181
-185
-172
-169
-165
-166
-178
-176
-179
-182
-222
-257
-235
-175
-102
19
186
342
476
470
263
93
-20
-136
-188
-181
-135
-109
-126
-142
-155
-152
-151
-133
-116
-132
-189
-214
-214
-197
-185
-176
-190
-182
-169
-169
-162
-182
-179
-160
-150
-148
-157
-160
-152
-146
-148
-157
-156
-148
-129
-115
-126
-150
-162
-157
-162
-159
-139
-137
-134
-128
-115
-115
-111
-95
-96
-95
-86
-85
-77
-63
-47
-50
-49
-39
-25
-12
-9
5
-1
-31
-47
-49
-53
-67
-81
-90
-105
-116
-128
-146
-140
-170
-180
-168
-154
-172
-215
-229
-217
-213
-228
-207
-220
-242
-263
-276
-261
-259
-256
-247
-240
-243
-249
-246
-240
-210
-221
-236
-221
-249
-271
-247
-243
-289
-267
-264
-283
-284
-291
-285
-283
-282
-279
-257
-244
-265
-305
-325
-328
-303
-295
-275
-284
-301
-277
-291
-319
-290
-273
-263
-306
-313
-342
-350
-342
-336
-326
-317
-344
-365
-342
-332
-319
-347
-353
-342
-317
-295
-280
-313
-323
-319
-366
-381
-360
-370
-351
-328
-311
-291
-310
-336
-312
-291
-284
-275
-321
-350
-407
-483
-496
-483
-475
-466
-469
-455
-430
-438
-407
-438
-432
-437
-443
-447
-420
-438
-510
-507
-465
-456
-503
-520
-572
-637
-630
-552
-462
-342
-149
74
234
311
58
-212
-335
-443
-517
-484
-504
-492
-511
-497
-505
-520
-525
-518
-521
-527
-523
-551
-563
-563
-559
-531
-536
-583
-565
-517
-494
-528
-541
-515
-506
-527
-529
-512
-503
-527
-546
-523
-512
-484
-492
-510
-525
-582
-596
-573
-545
-508
-499
-497
-488
-486
-493
-505
-488
-481
-486
-435
-433
-438
-420
-440
-456
-425
-373
-360
-341
-327
-330
-310
-285
-259
-278
-347
-381
-392
-379
-382
-399
-406
-441
-435
-425
-444
-482
-499
-488
-456
-439
-466
-501
-506
-497
-497
-496
-471
-478
-474
-474
-505
-493
-505
-492
-466
-434
-466
-467
-460
-469
-467
-445
-422
-454
-467
-456
-451
-448
-467
-459
-439
-432
-415
-402
-401
-410
-423
-418
-418
-418
-422
-431
-416
-405
-409
-412
-402
-398
-396
-398
-403
-401
-402
-395
-383
-383
-380
-373
-379
-371
-361
-367
-374
-374
-377
-384
-367
-344
-362
-373
-357
-351
-356
-361
-364
-354
-336
-330
-328
-325
-320
-317
-323
-316
-300
-285
-262
-254
-262
-266
-264
-274
-281
-290
-289
-293
-307
-318
-330
-329
-330
-319
-317
-327
-318
-321
-326
-331
-335
-333
-336
-337
-333
-331
-336
-347
-343
-331
-334
-347
-357
-397
-435
-405
-342
-244
-82
85
239
381
314
111
-52
-203
-320
-331
-305
-278
-278
-285
-308
-311
-305
-309
-316
-318
-318
-318
-315
-313
-306
-291
-292
-294
-296
-294
-298
-296
-285
-279
-277
-286
-289
-286
-280
-282
-281
-284
-283
-278
-277
-276
-270
-267
-269
-262
-261
-259
-247
-242
-234
-231
-232
-223
-211
-201
-196
-202
-202
-195
-171
-164
-166
-160
-153
-129
-108
-121
-126
-122
-110
-100
-93
-85
-94
-125
-153
-165
-175
-206
-245
-270
-282
-289
-293
-297
-298
-300
-301
-301
-303
-299
-293
-287
-277
-275
-281
-295
-301
-301
-288
-284
-290
-293
-289
-283
-274
-266
-247
-258
-291
-324
-324
-301
-275
-260
-282
-321
-322
-282
-265
-279
-295
-293
-300
-332
-351
-324
-296
-294
-311
-308
-307
-312
-305
-293
-283
-280
-273
-269
-291
-291
-277
-264
-288
-306
-306
-277
-276
-266
-259
-278
-306
-309
-276
-258
-287
-326
-329
-309
-289
-277
-256
-254
-265
-279
-296
-326
-326
-275
-223
-224
-257
-286
-316
-315
-288
-259
-263
-235
-205
-224
-294
-333
-320
-307
-289
-246
-234
-256
-279
-292
-293
-291
-256
-188
-178
-232
-285
-297
-300
-292
-267
-226
-210
-250
-297
-294
-258
-210
-139
-98
-116
-196
-255
-273
-258
-215
-168
-140
-153
-213
-262
-285
-283
-280
-259
-196
-90
-63
-192
-346
-398
-394
-352
-295
-223
-181
-231
-313
-340
-308
-256
-206
-181
-204
-269
-375
-453
-447
-373
-266
-111
70
242
404
420
252
83
-61
-215
-278
-263
-231
-207
-212
-218
-229
-231
-233
-236
-236
-238
-232
-232
-230
-241
-241
-238
-236
-230
-228
-227
-225
-224
-221
-224
-224
-218
-215
-214
-214
-214
-211
-210
-206
-203
-203
-190
-178
-176
-178
-175
-173
-163
-152
-147
-142
-136
-126
-114
-106
-103
-90
-74
-61
-50
-40
-28
-17
-10
-1
11
25
37
46
52
57
56
51
51
53
37
18
9
-5
-25
-51
-77
-84
-84
-106
-125
-123
-127
-149
-147
-145
-153
-156
-155
-155
-158
-162
-167
-158
-148
-150
-154
-156
-152
-151
-151
-147
-148
-156
-152
-148
-146
-148
-144
-147
-146
-138
-142
-141
-145
-145
-147
-143
-145
-143
-142
-144
-141
-139
-140
-143
-144
-145
-149
-143
-137
-140
-145
-143
-145
-138
-140
-135
-133
-144
-146
-145
-129
-130
-140
-145
-134
-126
-127
-131
-129
-131
-133
-130
-130
-131
-134
-132
-133
-125
-130
-137
-126
-123
-127
-131
-131
-126
-118
-115
-118
-118
-106
-94
-96
-95
-89
-100
-87
-65
-46
-49
-64
-62
-65
-67
-83
-83
-83
-97
-110
-124
-128
-128
-127
-124
-124
-121
-115
-121
-129
-133
-137
-140
-143
-143
-147
-142
-136
-132
-132
-145
-149
-146
-187
-236
-244
-188
-118
26
207
370
524
592
432
251
94
-66
-136
-125
-94
-80
-93
-104
-99
-110
-119
-121
-115
-113
-119
-122
-113
-114
-123
-125
-114
-111
-111
-111
-105
-111
-108
-106
-96
-89
-89
-89
-88
-83
-88
-83
-79
-73
-72
-75
-70
-70
-63
-58
-65
-60
-46
-38
-36
-31
-27
-25
-21
-9
3
9
21
32
45
54
61
70
88
100
104
115
123
130
133
136
134
128
109
91
87
71
50
31
17
-6
-19
-32
-43
-49
-54
-60
-68
-70
-76
-80
-83
-81
-79
-81
-80
-78
-80
-94
-86
-73
-72
-72
-74
-70
-69
-71
-74
-73
-71
-71
-75
-79
-72
-65
-73
-76
-69
-74
-71
-70
-74
-83
-83
-74
-66
-67
-74
-77
-76
-74
-74
-76
-77
-74
-71
-72
-73
-74
-76
-76
-82
-77
-76
-77
-79
-77
-75
-86
-88
-86
-72
-66
-73
-74
-74
-77
-80
-78
-73
-75
-82
-78
-77
-71
-71
-75
-75
-71
-72
-77
-74
-74
-72
-73
-73
-63
-48
-42
-45
-45
-47
-44
-26
2
10
3
-4
-9
-17
-24
-35
-38
-47
-55
-69
-77
-80
-77
-79
-79
-77
-84
-87
-83
-83
-90
-84
-82
-82
-77
-79
-84
-84
-86
-89
-86
-89
-135
-190
-193
-129
-45
82
254
427
592
649
486
308
149
8
-51
-54
-29
-8
-18
-30
-45
-51
-57
-59
-57
-64
-66
-57
-53
-57
-55
-55
-55
-50
-51
-50
-44
-40
-44
-39
-36
-37
-34
-29
-27
-25
-26
-25
-24
-17
-16
-16
-16
-10
-5
-1
0
2
4
9
17
21
27
35
40
44
55
62
70
78
89
102
109
117
127
137
147
154
163
169
176
174
171
163
152
134
116
100
79
63
46
35
15
4
-9
-17
-21
-30
-35
-37
-37
-39
-44
-45
-41
-41
-48
-47
-44
-41
-44
-43
-40
-42
-43
-45
-40
-40
-42
-46
-44
-42
-44
-45
-46
-42
-44
-45
-47
-45
-47
-51
-52
-50
-49
-52
-54
-54
-52
-53
-55
-51
-54
-53
-59
-59
-58
-60
-60
-59
-57
-58
-58
-55
-55
-60
-63
-62
-56
-57
-62
-63
-61
-60
-63
-64
-61
-58
-60
-64
-58
-56
-55
-61
-57
-57
-56
-59
-60
-59
-57
-58
-60
-58
-52
-50
-43
-33
-27
-27
-33
-32
-13
8
20
14
11
9
0
-11
-17
-19
-30
-44
-56
-64
-62
-60
-61
-66
-72
-72
-68
-65
-69
-73
-71
-72
-76
-74
-71
-69
-69
-73
-70
-70
-77
-114
-167
-188
-141
-67
51
209
376
537
626
498
320
181
34
-75
-76
-54
-28
-25
-30
-37
-50
-56
-59
-60
-61
-60
-58
-58
-59
-60
-55
-56
-55
-52
-51
-50
-47
-45
-40
-39
-39
-41
-38
-32
-32
-31
-27
-25
-25
-27
-22
-17
-14
-16
-13
-5
0
2
4
11
17
21
23
30
37
46
53
61
73
80
88
99
108
118
125
131
140
151
157
160
162
160
155
143
133
115
104
86
72
55
41
25
12
4
-6
-16
-19
-20
-23
-29
-30
-29
-29
-34
-33
-30
-32
-28
-27
-24
-25
-22
-24
-22
-19
-20
-21
-19
-14
-13
-14
-14
-12
-13
-13
-14
-11
-9
-9
-13
-13
-12
-11
-10
-9
-8
-8
-10
-8
-8
-7
-9
-8
-7
-8
-8
-6
-4
-5
-4
-6
-3
-1
-3
-3
-1
-2
-4
-2
-2
0
-2
-3
-2
-4
-3
-4
0
1
0
2
6
16
26
31
32
27
23
36
54
73
71
68
66
60
47
36
33
30
17
5
-8
-9
-10
-11
-10
-10
-14
-15
-16
-18
-17
-20
-18
-20
-21
-22
-23
-21
-22
-23
-24
-24
-36
-75
-127
-134
-70
16
142
303
465
620
685
524
334
179
32
-36
-23
5
26
20
11
-3
-13
-16
-18
-19
-19
-18
-18
-18
-19
-18
-15
-15
-13
-9
-7
-6
-4
-6
-3
2
2
2
7
9
11
11
12
14
14
14
16
20
23
24
27
29
35
37
40
45
51
57
63
70
75
84
92
102
111
121
130
141
150
157
167
179
187
192
198
202
202
196
185
176
162
144
126
107
91
74
58
45
36
26
20
9
4
0
-2
-5
-9
-9
-9
-12
-14
-13
-10
-10
-10
-10
-10
-8
-8
-7
-6
-5
-5
-5
-7
-6
-7
-7
-8
-7
-7
-8
-9
-12
-11
-14
-12
-15
-15
-15
-15
-15
-21
-18
-19
-19
-20
-21
-20
-19
-18
-22
-19
-20
-21
-24
-22
-22
-22
-22
-25
-23
-23
-23
-25
-23
-21
-23
-24
-23
-23
-22
-22
-22
-19
-10
1
8
8
6
-1
9
30
53
53
48
47
42
31
18
14
9
2
-10
-20
-28
-28
-28
-27
-28
-32
-33
-33
-32
-31
-35
-32
-33
-34
-35
-36
-34
-36
-36
-39
-35
-42
-74
-130
-149
-99
-22
94
257
426
588
685
560
376
227
74
-22
-22
4
25
19
8
-5
-17
-19
-17
-20
-20
-20
-18
-19
-20
-20
-16
-15
-17
-14
-10
-6
-7
-5
-2
0
0
-1
2
5
7
9
10
14
16
16
20
25
26
28
30
35
37
39
43
48
55
60
66
72
81
88
97
104
114
126
136
145
155
162
173
182
190
194
202
204
205
200
188
174
159
143
121
103
87
72
53
40
27
19
11
2
-2
-2
-9
-13
-15
-14
-15
-16
-19
-17
-17
-17
-18
-17
-15
-15
-15
-12
-10
-12
-11
-13
-15
-13
-13
-14
-14
-14
-15
-16
-16
-20
-20
-17
-18
-20
-24
-25
-25
-25
-28
-28
-27
-27
-31
-30
-29
-28
-29
-33
-31
-31
-35
-34
-34
-31
-33
-35
-37
-35
-36
-37
-40
-39
-37
-39
-41
-42
-38
-37
-37
-39
-35
-33
-22
-11
-7
-9
-13
-11
3
26
34
30
29
26
17
3
-3
-9
-14
-27
-38
-45
-47
-44
-47
-49
-52
-51
-52
-52
-53
-56
-57
-58
-54
-56
-55
-57
-59
-59
-63
-61
-62
-77
-126
-172
-163
-99
-9
131
302
466
624
622
446
283
132
-14
-62
-47
-17
-5
-15
-24
-38
-46
-49
-54
-53
-51
-49
-51
-52
-51
-48
-46
-49
-48
-46
-45
-46
-46
-40
-36
-35
-35
-30
-30
-29
-30
-26
-24
-22
-21
-22
-20
-15
-15
-15
-11
-7
-4
-1
4
11
17
20
22
31
40
47
54
62
75
84
92
102
113
121
127
136
142
150
156
158
152
141
128
114
100
82
63
48
33
15
0
-11
-23
-33
-42
-45
-50
-53
-59
-60
-60
-63
-66
-67
-69
-67
-67
-69
-66
-65
-63
-64
-65
-62
-61
-62
-63
-63
-62
-62
-63
-64
-62
-64
-64
-63
-63
-66
-66
-68
-71
-71
-68
-68
-70
-72
-71
-69
-68
-69
-70
-71
-73
-74
-76
-75
-75
-75
-79
-77
-75
-75
-79
-80
-81
-78
-82
-85
-80
-78
-78
-81
-82
-81
-83
-84
-83
-82
-80
-83
-85
-82
-82
-84
-85
-89
-87
-86
-83
-81
-73
-62
-57
-54
-56
-63
-54
-34
-14
-12
-15
-15
-18
-34
-47
-52
-56
-64
-81
-93
-94
-93
-96
-96
-98
-95
-98
-103
-101
-102
-103
-105
-103
-102
-103
-103
-106
-102
-101
-102
-104
-109
-143
-198
-211
-159
-77
40
197
359
518
595
452
263
123
-17
-112
-106
-84
-53
-51
-58
-65
-77
-81
-83
-83
-86
-86
-86
-83
-82
-85
-83
-80
-77
-78
-74
-72
-68
-67
-66
-63
-59
-58
-60
-55
-52
-50
-49
-49
-44
-39
-40
-40
-34
-32
-30
-27
-22
-14
-10
-7
-5
4
11
17
22
29
38
47
60
66
77
85
95
104
112
123
131
138
142
145
145
143
136
123
107
95
81
61
47
33
18
4
-10
-16
-22
-28
-36
-41
-42
-43
-49
-53
-51
-51
-51
-53
-51
-50
-48
-48
-51
-49
-49
-47
-48
-44
-46
-47
-46
-46
-46
-47
-46
-48
-49
-52
-48
-50
-52
-55
-54
-55
-58
-58
-60
-58
-57
-63
-63
-61
-60
-63
-64
-62
-62
-64
-66
-65
-63
-65
-69
-69
-66
-67
-69
-71
-68
-67
-68
-71
-70
-69
-69
-73
-74
-69
-70
-72
-72
-69
-69
-70
-71
-71
-71
-71
-70
-68
-66
-69
-70
-69
-68
-66
-68
-64
-59
-51
-42
-36
-32
-37
-41
-29
-4
11
9
5
6
0
-20
-32
-32
-30
-42
-54
-62
-65
-64
-70
-68
-67
-70
-75
-74
-72
-69
-71
-74
-71
-71
-73
-75
-69
-69
-73
-73
-76
-93
-146
-188
-162
-89
6
158
334
497
642
595
403
242
85
-35
-55
-32
-7
-10
-21
-32
-42
-49
-54
-52
-50
-53
-52
-51
-47
-50
-51
-48
-43
-42
-44
-41
-36
-34
-36
-36
-29
-28
-24
-28
-22
-19
-20
-19
-16
-12
-10
-8
-8
-3
-1
0
5
13
18
17
22
28
36
42
49
57
67
74
82
94
105
114
122
134
145
151
160
169
181
181
181
177
172
159
141
126
110
94
70
53
37
27
12
-3
-10
-14
-22
-31
-34
-33
-35
-43
-44
-40
-37
-41
-46
-42
-37
-41
-44
-41
-35
-37
-40
-39
-34
-33
-38
-37
-33
-31
-34
-35
-34
-31
-34
-37
-37
-37
-39
-42
-41
-42
-42
-45
-45
-42
-45
-48
-47
-45
-49
-49
-49
-49
-51
-52
-51
-50
-52
-53
-53
-52
-51
-52
-54
-54
-54
-57
-58
-56
-56
-57
-58
-59
-56
-54
-57
-60
-58
-59
-57
-57
-57
-57
-57
-59
-60
-58
-59
-58
-60
-62
-61
-58
-58
-58
-59
-59
-59
-59
-62
-58
-57
-57
-59
-54
-47
-37
-31
-31
-29
-33
-26
-11
9
17
10
6
1
-12
-24
-30
-33
-42
-50
-61
-64
-68
-66
-69
-71
-73
-71
-70
-70
-72
-75
-75
-75
-77
-81
-81
-80
-79
-79
-80
-83
-92
-135
-188
-182
-123
-42
98
267
436
597
611
438
276
132
-12
-67
-62
-35
-20
-27
-38
-49
-54
-59
-64
-65
-62
-60
-60
-62
-61
-60
-62
-60
-60
-55
-52
-51
-52
-49
-46
-47
-46
-43
-40
-42
-40
-38
-34
-33
-31
-28
-27
-27
-26
-25
-22
-18
-12
-8
-2
1
3
8
13
19
24
33
44
58
64
75
85
94
98
109
119
131
138
141
148
153
151
141
134
122
108
88
72
54
36
17
1
-11
-21
-32
-41
-51
-51
-58
-64
-69
-69
-71
-71
-74
-72
-70
-72
-76
-76
-77
-77
-74
-72
-74
-71
-74
-73
-74
-75
-73
-70
-69
-72
-72
-71
-69
-69
-70
-69
-64
-69
-73
-74
-71
-73
-77
-75
-73
-73
-78
-79
-77
-76
-80
-81
-80
-79
-79
-82
-84
-80
-81
-81
-83
-81
-81
-82
-82
-81
-81
-82
-84
-84
-86
-89
-89
-87
-87
-89
-90
-88
-85
-86
-85
-86
-85
-86
-87
-87
-86
-85
-86
-89
-87
-86
-87
-86
-86
-86
-87
-89
-84
-72
-63
-64
-60
-59
-68
-58
-38
-19
-13
-19
-24
-31
-43
-52
-58
-65
-76
-89
-93
-94
-92
-97
-100
-100
-102
-103
-103
-102
-105
-105
-105
-104
-106
-106
-107
-106
-104
-106
-107
-110
-123
-175
-220
-198
-121
-26
111
261
418
558
504
304
164
41
-92
-127
-104
-73
-62
-68
-75
-79
-89
-91
-94
-92
-93
-95
-94
-93
-92
-93
-92
-91
-87
-86
-85
-81
-82
-78
-78
-74
-72
-72
-65
-65
-61
-63
-58
-55
-54
-55
-53
-50
-44
-42
-41
-36
-30
-26
-23
-15
-8
1
4
8
16
27
35
42
54
64
72
82
90
104
114
120
127
133
139
142
139
132
126
110
95
80
66
48
33
18
5
-7
-17
-24
-33
-40
-46
-45
-49
-54
-55
-56
-54
-58
-57
-58
-56
-54
-56
-52
-50
-49
-50
-46
-47
-44
-46
-48
-46
-44
-45
-47
-48
-47
-42
-44
-47
-48
-49
-49
-54
-51
-52
-54
-55
-59
-59
-58
-57
-61
-58
-59
-62
-63
-63
-59
-60
-63
-64
-64
-63
-65
-65
-67
-66
-68
-69
-69
-66
-70
-69
-70
-71
-71
-71
-70
-74
-72
-74
-73
-71
-72
-73
-72
-72
-73
-72
-71
-71
-71
-74
-72
-71
-72
-76
-76
-70
-70
-71
-74
-72
-68
-68
-70
-71
-69
-65
-60
-49
-40
-36
-40
-50
-38
-18
-1
4
-1
-1
-10
-26
-35
-38
-40
-53
-63
-74
-74
-76
-73
-73
-74
-79
-79
-77
-78
-80
-80
-78
-79
-83
-83
-80
-79
-82
-84
-82
-84
-116
-173
-191
-137
-60
55
230
403
561
656
514
313
148
-1
-74
-61
-29
-16
-26
-35
-48
-59
-64
-63
-59
-62
-64
-60
-57
-61
-63
-58
-56
-54
-56
-53
-49
-45
-45
-44
-42
-41
-39
-37
-33
-30
-31
-26
-25
-21
-22
-20
-16
-11
-12
-11
-5
1
3
2
9
17
23
26
32
44
55
60
65
79
92
99
106
120
132
140
148
157
172
174
175
177
173
166
151
138
119
99
77
57
41
24
8
-4
-15
-30
-36
-42
-45
-48
-55
-57
-53
-53
-61
-61
-60
-57
-58
-62
-59
-55
-54
-60
-59
-52
-51
-55
-58
-56
-53
-55
-59
-54
-50
-51
-54
-53
-54
-55
-59
-58
-56
-59
-63
-63
-61
-64
-70
-71
-67
-63
-71
-70
-69
-72
-75
-77
-73
-74
-74
-75
-75
-74
-78
-79
-76
-73
-78
-79
-75
-76
-79
-81
-81
-78
-76
-83
-82
-80
-78
-76
-71
-56
-45
-46
-51
-53
-51
-38
-18
-10
-10
-15
-19
-28
-41
-49
-53
-57
-66
-75
-88
-88
-87
-86
-90
-95
-91
-91
-95
-96
-95
-93
-98
-98
-95
-93
-98
-100
-98
-95
-100
-110
-147
-195
-203
-146
-64
67
240
396
553
612
444
259
103
-31
-86
-77
-50
-38
-43
-53
-69
-76
-77
-79
-82
-82
-77
-75
-79
-78
-78
-75
-76
-77
-75
-68
-66
-66
-64
-61
-61
-59
-56
-54
-54
-54
-49
-44
-47
-45
-42
-37
-36
-38
-35
-28
-24
-26
-21
-13
-7
-6
0
10
17
23
28
42
57
64
71
86
99
107
116
124
138
146
151
153
155
150
140
125
107
91
71
49
31
17
-2
-19
-30
-40
-51
-60
-65
-69
-72
-77
-81
-81
-82
-86
-86
-80
-81
-84
-87
-82
-79
-83
-85
-81
-77
-81
-85
-84
-80
-79
-84
-83
-79
-80
-85
-87
-83
-84
-87
-90
-86
-85
-91
-94
-93
-90
-93
-96
-98
-95
-97
-101
-101
-98
-100
-102
-102
-101
-101
-103
-104
-103
-102
-104
-106
-102
-98
-90
-80
-71
-69
-73
-81
-70
-48
-30
-31
-33
-31
-36
-56
-68
-70
-72
-84
-98
-107
-110
-113
-115
-113
-113
-117
-120
-117
-117
-120
-123
-122
-120
-121
-123
-124
-119
-122
-125
-125
-121
-123
-139
-186
-234
-221
-156
-69
77
250
407
561
546
358
196
44
-84
-112
-96
-69
-64
-69
-83
-98
-103
-102
-104
-107
-108
-102
-101
-105
-104
-101
-99
-100
-101
-97
-94
-92
-94
-88
-82
-82
-84
-83
-77
-75
-77
-76
-69
-67
-67
-66
-64
-57
-55
-56
-50
-45
-43
-42
-34
-28
-23
-19
-10
-2
7
16
25
36
45
54
67
80
88
97
104
114
122
126
125
126
119
102
84
71
53
32
9
-3
-17
-32
-52
-63
-69
-77
-86
-94
-94
-97
-101
-103
-101
-99
-101
-104
-103
-100
-102
-106
-104
-101
-101
-102
-101
-99
-100
-104
-102
-99
-98
-102
-101
-101
-101
-102
-103
-101
-102
-104
-106
-105
-105
-110
-112
-112
-110
-110
-113
-110
-110
-112
-118
-116
-115
-114
-119
-119
-117
-116
-116
-121
-118
-117
-118
-121
-120
-118
-120
-123
-122
-120
-120
-122
-121
-119
-119
-122
-121
-121
-119
-122
-123
-122
-119
-121
-123
-122
-123
-124
-125
-118
-121
-122
-124
-122
-122
-126
-126
-124
-120
-121
-125
-125
-120
-122
-129
-126
-125
-124
-129
-127
-123
-123
-128
-129
-125
-122
-124
-130
-123
-116
-103
-98
-94
-92
-97
-96
-80
-56
-46
-54
-58
-58
-68
-86
-92
-92
-96
-110
-122
-129
-129
-129
-131
-130
-131
-133
-137
-136
-136
-139
-142
-140
-136
-138
-142
-142
-139
-139
-143
-149
-177
-231
-258
-214
-137
-19
144
310
477
574
448
261
114
-33
-126
-129
-109
-82
-86
-98
-113
-122
-124
-127
-132
-128
-125
-129
-129
-125
-124
-126
-128
-126
-123
-122
-122
-120
-117
-114
-115
-114
-113
-114
-114
-112
-108
-107
-105
-108
-103
-97
-99
-99
-92
-89
-88
-86
-81
-75
-74
-76
-67
-56
-51
-49
-45
-33
-23
-18
-9
5
15
22
29
39
49
58
60
69
78
79
75
71
63
50
31
14
-3
-19
-39
-60
-72
-84
-99
-110
-116
-125
-131
-140
-142
-139
-143
-145
-145
-145
-148
-149
-150
-149
-149
-150
-146
-143
-144
-153
-152
-146
-145
-151
-155
-151
-149
-149
-150
-147
-146
-151
-152
-152
-149
-154
-157
-159
-156
-155
-158
-158
-154
-153
-160
-166
-164
-160
-164
-165
-162
-162
-163
-167
-165
-164
-164
-170
-170
-168
-171
-173
-172
-169
-170
-170
-168
-167
-169
-173
-174
-173
-175
-176
-175
-171
-171
-175
-181
-178
-177
-179
-182
-178
-175
-175
-178
-181
-175
-175
-178
-183
-180
-180
-183
-183
-180
-177
-179
-177
-179
-177
-179
-181
-181
-184
-181
-181
-180
-177
-178
-185
-186
-179
-177
-180
-181
-179
-178
-177
-177
-176
-179
-183
-181
-179
-177
-177
-170
-159
-147
-150
-162
-148
-121
-112
-112
-111
-109
-119
-130
-139
-140
-149
-167
-183
-179
-178
-177
-181
-184
-183
-186
-189
-189
-185
-185
-190
-190
-190
-193
-197
-195
-196
-195
-199
-208
-247
-299
-304
-245
-151
-28
112
261
412
461
292
122
4
-131
-214
-207
-185
-158
-154
-167
-177
-182
-186
-193
-195
-191
-189
-195
-197
-192
-191
-193
-199
-195
-190
-192
-194
-191
-186
-185
-188
-189
-187
-181
-179
-179
-178
-180
-178
-177
-176
-173
-171
-176
-171
-170
-167
-161
-156
-154
-150
-150
-145
-140
-135
-128
-119
-113
-106
-98
-91
-80
-75
-67
-60
-48
-38
-30
-25
-19
-11
-8
-16
-13
-19
-32
-48
-63
-75
-91
-109
-127
-136
-144
-158
-169
-174
-181
-189
-196
-200
-201
-201
-203
-201
-200
-200
-201
-199
-196
-195
-197
-196
-195
-194
-193
-192
-189
-189
-188
-188
-187
-187
-188
-188
-184
-181
-184
-184
-182
-181
-181
-184
-184
-181
-180
-186
-186
-181
-182
-186
-186
-184
-181
-182
-183
-179
-178
-180
-180
-180
-176
-176
-179
-181
-177
-178
-179
-178
-176
-176
-178
-175
-173
-173
-175
-174
-173
-173
-173
-173
-172
-171
-171
-173
-168
-166
-168
-167
-164
-162
-166
-165
-162
-161
-161
-164
-159
-158
-157
-162
-161
-158
-157
-159
-160
-155
-153
-154
-156
-152
-151
-150
-157
-152
-148
-142
-137
-130
-118
-115
-126
-117
-93
-79
-75
-78
-77
-86
-101
-109
-110
-116
-127
-143
-150
-145
-144
-148
-147
-148
-149
-152
-153
-151
-151
-155
-153
-152
-151
-154
-154
-150
-152
-157
-159
-181
-234
-271
-237
-152
-44
112
275
428
569
498
279
107
-43
-151
-155
-130
-98
-98
-109
-119
-129
-133
-138
-140
-142
-138
-138
-140
-138
-136
-136
-135
-134
-132
-129
-131
-127
-123
-122
-121
-119
-114
-112
-111
-111
-105
-103
-104
-102
-98
-92
-95
-92
-88
-83
-83
-85
-76
-66
-64
-62
-57
-49
-42
-37
-32
-21
-10
-2
6
18
27
37
44
57
71
82
87
95
105
107
105
102
96
85
67
51
32
13
-6
-21
-34
-50
-63
-76
-81
-87
-94
-101
-101
-102
-106
-108
-108
-107
-110
-110
-108
-106
-103
-109
-105
-102
-100
-105
-104
-101
-99
-101
-102
-98
-98
-100
-103
-103
-101
-101
-104
-106
-104
-106
-108
-109
-109
-110
-114
-115
-113
-112
-115
-116
-115
-115
-116
-119
-118
-119
-119
-120
-118
-120
-120
-124
-123
-119
-124
-127
-126
-122
-124
-130
-127
-123
-123
-130
-129
-126
-125
-127
-130
-124
-121
-124
-130
-125
-123
-124
-132
-128
-124
-123
-127
-129
-125
-123
-126
-129
-123
-123
-126
-128
-127
-122
-124
-128
-127
-123
-124
-128
-127
-125
-120
-124
-125
-123
-121
-125
-127
-122
-108
-101
-98
-91
-89
-101
-92
-67
-47
-50
-58
-56
-65
-84
-91
-91
-92
-100
-119
-128
-124
-122
-128
-128
-126
-126
-131
-133
-129
-128
-130
-133
-130
-129
-131
-136
-136
-133
-134
-138
-159
-207
-245
-221
-147
-49
105
278
436
585
535
337
169
13
-101
-116
-94
-66
-70
-82
-95
-106
-109
-115
-119
-117
-114
-114
-118
-116
-111
-110
-115
-114
-110
-107
-106
-105
-102
-100
-100
-102
-101
-97
-95
-97
-92
-88
-87
-88
-87
-82
-79
-78
-77
-74
-70
-65
-62
-59
-54
-50
-45
-37
-31
-25
-20
-11
-7
4
17
26
35
43
52
63
73
81
85
94
102
107
101
102
99
88
68
51
33
14
-6
-24
-37
-53
-70
-84
-93
-99
-106
-113
-117
-118
-120
-123
-125
-125
-126
-127
-126
-127
-128
-132
-130
-128
-128
-129
-131
-129
-129
-127
-129
-128
-129
-127
-128
-130
-130
-132
-134
-133
-132
-138
-143
-142
-142
-145
-150
-150
-147
-149
-152
-155
-155
-152
-150
-154
-151
-154
-156
-162
-165
-164
-163
-165
-162
-164
-167
-169
-173
-171
-167
-171
-171
-173
-172
-172
-173
-177
-176
-179
-193
-186
-181
-179
-180
-171
-170
-173
-180
-171
-158
-159
-164
-174
-167
-172
-185
-175
-157
-162
-175
-172
-160
-152
-155
-159
-159
-152
-149
-152
-148
-155
-174
-175
-143
-148
-167
-167
-138
-130
-131
-115
-107
-106
-103
-112
-103
-85
-65
-61
-72
-62
-66
-81
-88
-98
-104
-105
-123
-128
-130
-129
-123
-123
-123
-128
-128
-133
-133
-130
-126
-127
-126
-127
-128
-135
-132
-123
-125
-130
-159
-218
-247
-208
-121
-5
148
306
466
595
504
295
129
-13
-124
-120
-96
-68
-66
-77
-87
-100
-104
-107
-114
-115
-110
-106
-106
-107
-107
-110
-108
-107
-107
-105
-101
-100
-97
-95
-94
-95
-90
-87
-88
-91
-87
-85
-88
-90
-83
-77
-78
-76
-72
-73
-70
-72
-68
-62
-57
-55
-52
-47
-40
-36
-34
-22
-14
-6
-2
6
17
30
38
43
54
64
68
75
84
87
87
81
72
59
45
27
12
-2
-22
-42
-55
-66
-78
-90
-100
-107
-113
-118
-122
-123
-124
-128
-129
-126
-128
-131
-127
-127
-124
-125
-126
-123
-118
-121
-122
-120
-121
-121
-123
-123
-119
-119
-122
-128
-126
-123
-120
-125
-127
-126
-124
-128
-129
-129
-130
-130
-132
-128
-128
-132
-131
-130
-131
-133
-133
-133
-132
-133
-134
-134
-135
-136
-133
-132
-136
-136
-135
-133
-132
-132
-133
-132
-132
-133
-131
-131
-129
-131
-131
-130
-127
-128
-131
-131
-130
-128
-129
-131
-127
-124
-126
-129
-123
-121
-122
-124
-123
-121
-119
-122
-124
-122
-120
-120
-122
-121
-118
-119
-119
-120
-117
-118
-118
-116
-114
-103
-91
-84
-83
-83
-89
-79
-59
-42
-42
-45
-42
-54
-69
-81
-81
-80
-91
-103
-112
-112
-116
-116
-114
-115
-118
-122
-120
-118
-119
-123
-123
-121
-120
-124
-125
-122
-120
-123
-131
-149
-203
-238
-206
-134
-29
131
300
458
595
528
333
175
21
-87
-100
-78
-55
-59
-69
-80
-91
-97
-99
-100
-100
-103
-103
-102
-99
-99
-100
-98
-93
-91
-92
-92
-88
-86
-84
-82
-79
-79
-74
-76
-71
-68
-67
-67
-66
-62
-59
-57
-56
-54
-49
-45
-44
-40
-34
-31
-26
-21
-15
-5
-1
7
14
26
34
43
52
65
74
84
95
103
113
120
129
135
140
138
135
130
114
99
81
63
45
28
12
-4
-19
-35
-44
-50
-57
-67
-71
-72
-73
-76
-79
-82
-82
-81
-81
-79
-77
-78
-78
-79
-75
-73
-74
-76
-73
-71
-74
-73
-74
-73
-71
-73
-73
-68
-70
-73
-72
-75
-76
-74
-75
-78
-78
-81
-81
-81
-85
-87
-86
-87
-86
-90
-91
-88
-88
-91
-88
-87
-87
-90
-91
-91
-89
-89
-93
-90
-89
-91
-93
-91
-89
-89
-91
-94
-91
-91
-92
-93
-92
-90
-91
-92
-94
-90
-92
-95
-93
-92
-93
-93
-92
-93
-91
-89
-90
-92
-90
-90
-90
-89
-88
-89
-88
-87
-85
-78
-68
-57
-55
-55
-57
-59
-40
-20
-10
-12
-15
-14
-30
-45
-49
-51
-59
-71
-80
-88
-88
-91
-90
-92
-93
-94
-93
-92
-93
-98
-99
-97
-97
-98
-97
-98
-98
-98
-96
-102
-116
-164
-210
-200
-133
-45
96
266
430
586
583
409
251
102
-36
-74
-62
-39
-36
-46
-57
-70
-79
-80
-81
-82
-86
-86
-84
-79
-80
-84
-81
-77
-77
-79
-74
-70
-68
-69
-68
-63
-61
-62
-59
-55
-52
-52
-51
-49
-47
-47
-44
-42
-38
-36
-34
-30
-27
-22
-16
-11
-8
-2
4
11
18
27
37
44
55
65
75
87
98
107
116
125
134
143
146
151
151
148
139
124
108
93
74
52
35
23
5
-12
-25
-33
-43
-52
-57
-61
-64
-67
-69
-70
-71
-71
-75
-73
-72
-72
-74
-75
-73
-71
-69
-70
-70
-68
-68
-70
-71
-70
-69
-68
-68
-69
-69
-70
-70
-70
-75
-76
-77
-76
-77
-79
-80
-80
-81
-86
-87
-86
-86
-88
-88
-88
-87
-88
-90
-88
-87
-90
-91
-90
-88
-88
-90
-93
-91
-92
-95
-98
-95
-93
-94
-94
-95
-96
-96
-94
-96
-96
-97
-97
-96
-97
-98
-97
-98
-99
-98
-100
-98
-97
-99
-98
-100
-99
-101
-103
-102
-101
-101
-106
-105
-103
-102
-105
-106
-105
-104
-104
-109
-103
-97
-89
-81
-77
-73
-74
-81
-74
-53
-34
-33
-41
-40
-44
-60
-72
-78
-78
-90
-102
-112
-112
-110
-109
-111
-116
-117
-118
-117
-121
-122
-125
-125
-123
-124
-125
-125
-125
-126
-124
-127
-136
-170
-227
-237
-184
-106
15
184
356
525
582
435
268
124
-28
-112
-109
-84
-61
-71
-82
-92
-102
-109
-111
-109
-107
-110
-111
-111
-107
-105
-106
-105
-101
-101
-101
-96
-95
-92
-92
-93
-93
-87
-86
-85
-84
-81
-79
-78
-77
-77
-75
-70
-66
-64
-63
-63
-58
-55
-53
-49
-43
-38
-32
-29
-19
-9
0
6
13
25
34
43
49
61
72
83
89
95
104
107
108
104
98
89
73
56
41
24
4
-14
-29
-43
-58
-69
-78
-85
-89
-93
-100
-107
-111
-113
-115
-114
-113
-114
-114
-113
-115
-114
-113
-110
-112
-114
-111
-110
-108
-111
-111
-110
-109
-113
-113
-109
-106
-106
-108
-108
-107
-110
-110
-111
-111
-112
-112
-117
-116
-116
-118
-121
-119
-116
-121
-119
-121
-119
-122
-120
-119
-121
-122
-123
-123
-125
-125
-126
-126
-124
-125
-125
-124
-124
-130
-133
-132
-130
-129
-131
-130
-129
-131
-133
-129
-128
-129
-132
-131
-130
-130
-132
-134
-132
-133
-132
-132
-132
-134
-133
-132
-133
-132
-131
-131
-132
-133
-131
-132
-130
-130
-132
-133
-130
-118
-109
-103
-99
-102
-108
-96
-78
-61
-59
-67
-64
-76
-87
-94
-95
-99
-114
-130
-137
-135
-134
-134
-137
-138
-137
-139
-142
-144
-143
-143
-142
-147
-142
-145
-141
-142
-145
-144
-145
-151
-186
-241
-259
-210
-128
-13
145
307
464
544
408
222
87
-53
-151
-146
-123
-95
-94
-100
-109
-122
-127
-130
-129
-128
-129
-129
-125
-125
-124
-125
-127
-122
-122
-117
-115
-112
-110
-110
-109
-111
-106
-106
-105
-103
-100
-97
-94
-95
-93
-89
-85
-83
-83
-80
-78
-75
-71
-70
-65
-59
-51
-51
-43
-34
-26
-20
-15
-4
9
19
27
35
45
53
58
67
75
84
88
84
84
80
71
58
42
27
10
-6
-22
-37
-52
-63
-74
-85
-92
-101
-106
-113
-117
-119
-119
-121
-123
-121
-120
-121
-123
-124
-122
-118
-116
-120
-119
-118
-118
-119
-118
-116
-116
-116
-115
-114
-114
-113
-113
-114
-113
-113
-113
-115
-116
-113
-112
-115
-116
-113
-115
-115
-116
-115
-114
-114
-114
-117
-116
-116
-113
-116
-115
-113
-114
-115
-113
-115
-115
-113
-114
-114
-115
-115
-114
-114
-114
-113
-115
-115
-114
-114
-114
-115
-117
-115
-114
-115
-119
-116
-115
-114
-114
-114
-113
-113
-115
-116
-114
-112
-113
-115
-115
-114
-112
-116
-116
-115
-115
-114
-112
-116
-116
-112
-101
-94
-88
-81
-89
-96
-77
-56
-45
-43
-49
-46
-55
-68
-77
-79
-87
-98
-111
-118
-116
-115
-114
-114
-118
-115
-116
-118
-121
-120
-120
-120
-122
-121
-119
-121
-124
-124
-124
-125
-128
-169
-223
-228
-168
-82
44
207
369
520
576
407
216
74
-64
-130
-111
-84
-62
-68
-77
-87
-95
-99
-103
-103
-102
-105
-103
-102
-103
-102
-99
-99
-98
-96
-93
-92
-90
-89
-86
-87
-85
-82
-81
-79
-77
-75
-74
-71
-69
-68
-65
-63
-62
-59
-58
-54
-50
-47
-45
-38
-32
-25
-19
-16
-7
2
11
18
28
37
47
59
67
78
86
94
102
112
119
124
124
122
114
104
90
72
54
35
19
2
-15
-29
-42
-54
-66
-73
-78
-83
-88
-94
-93
-98
-98
-99
-98
-96
-98
-98
-94
-94
-94
-92
-92
-90
-89
-88
-90
-88
-83
-83
-83
-83
-83
-81
-82
-81
-83
-80
-81
-82
-84
-83
-84
-85
-86
-87
-88
-89
-91
-90
-87
-86
-87
-90
-92
-90
-90
-89
-93
-91
-90
-89
-90
-94
-92
-92
-92
-95
-93
-93
-92
-93
-94
-91
-90
-91
-92
-92
-90
-89
-87
-89
-92
-91
-88
-90
-89
-87
-87
-86
-86
-84
-86
-85
-86
-85
-84
-85
-84
-85
-82
-84
-84
-87
-83
-84
-83
-84
-84
-82
-82
-79
-81
-82
-80
-80
-80
-82
-82
-79
-78
-80
-80
-80
-78
-72
-62
-54
-47
-44
-54
-45
-27
-8
-3
-11
-10
-15
-32
-44
-44
-45
-55
-66
-80
-79
-78
-81
-83
-83
-83
-84
-84
-87
-84
-84
-86
-89
-87
-88
-86
-85
-86
-84
-88
-103
-150
-199
-183
-114
-26
120
297
459
617
612
420
247
89
-36
-68
-47
-22
-23
-36
-45
-58
-61
-63
-66
-66
-67
-65
-67
-67
-62
-61
-61
-61
-58
-56
-53
-51
-49
-47
-45
-44
-44
-40
-38
-36
-36
-32
-29
-27
-25
-24
-20
-17
-14
-12
-8
-6
-1
3
5
11
16
21
25
34
43
50
60
69
81
92
104
113
123
134
146
156
163
171
180
185
186
183
177
165
149
131
112
94
74
56
38
23
9
-1
-12
-19
-27
-35
-37
-38
-41
-40
-41
-43
-42
-42
-44
-45
-45
-44
-42
-40
-42
-41
-38
-38
-36
-39
-37
-35
-34
-37
-35
-34
-32
-36
-37
-34
-35
-38
-40
-40
-41
-44
-45
-46
-45
-48
-47
-50
-49
-50
-52
-53
-51
-53
-51
-49
-52
-51
-52
-52
-54
-54
-55
-56
-55
-57
-58
-58
-56
-58
-60
-57
-57
-59
-61
-60
-58
-57
-59
-61
-61
-59
-59
-63
-59
-60
-60
-59
-61
-57
-58
-58
-60
-58
-56
-57
-58
-59
-58
-59
-60
-61
-60
-59
-61
-62
-62
-62
-64
-63
-63
-61
-60
-60
-60
-60
-61
-60
-57
-61
-59
-59
-56
-57
-57
-58
-58
-57
-58
-59
-56
-55
-54
-59
-57
-53
-47
-42
-35
-26
-25
-31
-19
3
14
14
10
13
-1
-11
-20
-21
-25
-38
-52
-60
-57
-58
-62
-63
-63
-62
-68
-68
-66
-65
-68
-70
-71
-72
-71
-71
-70
-73
-75
-90
-135
-183
-174
-108
-23
124
296
456
611
621
442
274
123
-11
-51
-41
-16
-13
-23
-34
-49
-55
-57
-58
-64
-62
-60
-61
-60
-59
-59
-58
-58
-57
-55
-52
-49
-48
-48
-43
-41
-41
-40
-37
-34
-34
-32
-31
-29
-29
-24
-22
-19
-20
-16
-12
-9
-7
-4
3
5
9
15
24
29
32
42
54
62
70
79
92
103
109
115
128
140
151
155
164
169
173
169
162
155
141
125
104
87
69
48
27
11
-1
-11
-21
-29
-39
-45
-50
-53
-56
-57
-58
-60
-62
-63
-64
-62
-60
-62
-61
-60
-58
-59
-61
-60
-58
-57
-58
-59
-60
-58
-59
-61
-58
-57
-56
-58
-59
-58
-61
-65
-66
-66
-67
-69
-71
-71
-72
-73
-77
-76
-74
-73
-76
-77
-80
-82
-82
-81
-80
-80
-80
-80
-82
-81
-85
-85
-85
-87
-85
-86
-86
-89
-89
-90
-87
-86
-86
-88
-89
-90
-90
-90
-89
-92
-91
-96
-92
-90
-90
-93
-92
-92
-93
-95
-95
-93
-93
-94
-98
-93
-92
-95
-97
-92
-93
-92
-94
-95
-93
-93
-93
-92
-94
-91
-94
-93
-94
-93
-95
-96
-94
-96
-96
-97
-97
-96
-93
-95
-96
-97
-98
-97
-96
-92
-95
-94
-86
-79
-77
-72
-76
-73
-55
-38
-28
-28
-29
-35
-49
-57
-62
-66
-80
-92
-102
-104
-105
-103
-104
-105
-107
-112
-109
-112
-114
-117
-115
-113
-114
-114
-115
-114
-114
-115
-119
-138
-188
-230
-209
-143
-49
97
266
432
577
541
357
206
64
-79
-115
-103
-74
-60
-68
-74
-88
-99
-102
-102
-102
-103
-106
-104
-102
-102
-103
-102
-100
-98
-102
-102
-97
-95
-93
-96
-92
-89
-89
-89
-87
-86
-85
-84
-81
-82
-79
-77
-73
-72
-71
-69
-68
-65
-59
-55
-48
-40
-41
-38
-33
-23
-16
-3
5
12
17
23
33
44
56
66
74
82
90
97
99
104
105
96
86
76
61
43
24
1
-14
-31
-48
-64
-73
-82
-91
-98
-107
-112
-116
-121
-122
-122
-121
-127
-130
-131
-129
-127
-126
-125
-127
-128
-127
-124
-124
-124
-124
-122
-122
-122
-125
-122
-119
-121
-124
-122
-123
-125
-126
-124
-122
-122
-126
-127
-122
-122
-125
-129
-128
-127
-126
-132
-132
-129
-133
-132
-129
-128
-127
-131
-133
-133
-135
-134
-132
-132
-132
-134
-137
-138
-137
-137
-139
-139
-137
-136
-137
-136
-137
-136
-140
-137
-135
-134
-137
-138
-136
-139
-139
-138
-135
-137
-138
-138
-133
-135
-140
-139
-138
-137
-138
-140
-136
-134
-136
-139
-139
-135
-133
-141
-138
-130
-129
-122
-120
-114
-108
-112
-115
-96
-76
-66
-66
-70
-68
-81
-92
-96
-98
-107
-126
-137
-137
-134
-134
-135
-136
-139
-141
-143
-140
-139
-145
-145
-141
-142
-144
-147
-147
-143
-143
-146
-148
-176
-231
-265
-228
-146
-39
102
254
408
541
460
259
122
-7
-137
-159
-137
-108
-94
-105
-111
-121
-123
-131
-131
-129
-128
-132
-136
-134
-131
-132
-132
-131
-130
-128
-125
-123
-119
-118
-116
-111
-113
-112
-111
-108
-106
-106
-107
-102
-99
-99
-97
-95
-88
-86
-87
-86
-79
-74
-74
-69
-61
-54
-53
-49
-41
-32
-24
-18
-7
4
13
19
29
43
52
58
66
75
80
82
82
83
79
65
49
33
20
2
-18
-30
-45
-61
-73
-82
-91
-96
-105
-108
-113
-118
-119
-122
-120
-122
-122
-121
-117
-117
-121
-122
-117
-112
-116
-118
-111
-112
-113
-115
-112
-108
-108
-111
-108
-106
-106
-110
-113
-109
-107
-109
-111
-109
-109
-112
-116
-115
-112
-113
-114
-116
-113
-113
-115
-115
-114
-110
-112
-111
-111
-111
-114
-116
-113
-113
-113
-115
-113
-113
-114
-116
-114
-111
-116
-114
-112
-111
-113
-116
-115
-112
-114
-118
-115
-111
-113
-120
-118
-113
-112
-115
-118
-114
-114
-118
-121
-116
-113
-113
-118
-118
-114
-117
-117
-117
-107
-96
-89
-86
-83
-92
-91
-75
-55
-42
-48
-50
-52
-67
-78
-87
-87
-95
-107
-122
-120
-117
-123
-124
-125
-125
-125
-130
-130
-129
-128
-131
-132
-126
-127
-132
-132
-130
-127
-129
-135
-155
-207
-247
-218
-136
-34
124
297
453
603
550
338
162
6
-109
-117
-97
-67
-64
-76
-88
-101
-105
-108
-110
-108
-107
-110
-111
-107
-106
-106
-106
-101
-98
-95
-97
-95
-90
-89
-89
-89
-83
-80
-81
-80
-77
-73
-73
-73
-69
-62
-59
-63
-59
-54
-49
-53
-49
-42
-37
-35
-34
-25
-18
-12
-6
7
17
25
32
43
56
66
74
85
98
109
115
123
129
134
132
129
121
110
92
74
58
39
21
1
-15
-28
-43
-55
-62
-67
-76
-84
-84
-85
-88
-91
-91
-89
-92
-97
-95
-91
-89
-93
-91
-86
-84
-87
-89
-84
-81
-82
-84
-80
-79
-79
-80
-80
-79
-79
-81
-81
-83
-82
-88
-89
-90
-87
-92
-93
-93
-92
-94
-97
-99
-98
-98
-99
-98
-98
-98
-97
-96
-93
-97
-99
-99
-97
-98
-101
-100
-98
-94
-101
-101
-99
-100
-100
-102
-99
-97
-96
-102
-101
-98
-98
-101
-101
-97
-98
-103
-103
-99
-98
-99
-100
-101
-97
-100
-102
-101
-97
-98
-100
-99
-99
-99
-100
-98
-99
-97
-99
-99
-98
-98
-99
-98
-97
-98
-98
-98
-96
-95
-97
-91
-77
-68
-67
-65
-69
-66
-53
-36
-22
-24
-27
-34
-44
-56
-60
-63
-70
-79
-91
-99
-101
-99
-98
-100
-104
-106
-99
-102
-104
-105
-103
-104
-105
-104
-107
-106
-108
-107
-108
-114
-151
-206
-217
-163
-86
39
214
384
546
633
487
302
141
-8
-78
-70
-50
-41
-51
-61
-75
-86
-87
-86
-88
-90
-90
-89
-87
-88
-91
-87
-84
-83
-85
-80
-77
-78
-79
-77
-72
-71
-71
-67
-62
-63
-63
-59
-57
-53
-54
-50
-47
-44
-44
-40
-35
-33
-30
-25
-20
-16
-11
-5
3
12
17
24
36
45
51
63
75
86
96
103
114
125
135
138
144
148
150
143
130
122
105
85
60
46
31
14
-6
-23
-35
-42
-55
-63
-67
-70
-76
-78
-80
-80
-81
-83
-82
-77
-78
-79
-77
-76
-77
-79
-77
-76
-73
-73
-70
-69
-71
-71
-69
-68
-69
-69
-68
-66
-65
-69
-70
-67
-68
-72
-73
-70
-71
-72
-77
-77
-76
-77
-79
-81
-79
-79
-81
-84
-81
-80
-83
-87
-84
-83
-87
-86
-88
-86
-85
-88
-87
-88
-87
-88
-88
-88
-86
-87
-88
-87
-87
-91
-91
-86
-89
-88
-89
-88
-87
-88
-89
-88
-84
-88
-90
-87
-84
-87
-90
-88
-86
-86
-89
-86
-82
-83
-85
-86
-84
-83
-83
-88
-84
-81
-85
-88
-86
-82
-81
-83
-83
-77
-68
-60
-56
-50
-52
-59
-47
-26
-6
-9
-15
-14
-21
-39
-49
-48
-53
-65
-80
-86
-83
-84
-89
-87
-83
-86
-89
-90
-88
-91
-94
-94
-91
-88
-96
-96
-94
-92
-95
-98
-111
-156
-207
-201
-133
-40
105
275
440
604
608
425
261
114
-23
-66
-59
-34
-27
-43
-56
-66
-70
-77
-80
-80
-78
-80
-81
-78
-73
-71
-76
-73
-67
-65
-68
-68
-60
-59
-60
-59
-53
-48
-51
-51
-47
-43
-48
-48
-42
-33
-34
-39
-33
-26
-21
-26
-21
-14
-7
-6
-3
6
14
16
21
33
46
52
60
72
87
93
100
108
123
132
139
148
157
164
160
156
149
141
122
103
88
72
52
31
15
3
-14
-29
-36
-39
-50
-58
-63
-64
-68
-73
-72
-66
-65
-73
-72
-66
-65
-72
-72
-70
-64
-66
-70
-65
-58
-65
-71
-70
-62
-62
-65
-67
-61
-63
-68
-71
-65
-62
-68
-72
-73
-70
-75
-77
-77
-71
-74
-82
-82
-79
-79
-84
-83
-80
-81
-86
-87
-84
-84
-88
-91
-84
-82
-87
-88
-88
-84
-90
-93
-89
-86
-93
-96
-92
-85
-89
-94
-90
-87
-89
-94
-93
-90
-90
-96
-99
-92
-89
-93
-97
-93
-91
-93
-95
-96
-90
-92
-95
-96
-91
-93
-96
-95
-90
-89
-94
-93
-92
-95
-97
-98
-91
-90
-91
-91
-89
-89
-95
-96
-93
-91
-97
-97
-92
-84
-91
-96
-97
-92
-91
-97
-96
-89
-80
-80
-73
-61
-64
-69
-54
-32
-24
-27
-30
-32
-39
-49
-57
-63
-70
-85
-94
-94
-89
-93
-97
-99
-100
-97
-99
-100
-100
-102
-111
-111
-105
-105
-108
-110
-108
-109
-111
-131
-183
-221
-202
-134
-39
113
279
439
583
544
358
202
63
-76
-105
-96
-69
-54
-60
-73
-89
-92
-91
-94
-99
-99
-94
-97
-99
-96
-93
-91
-94
-92
-89
-88
-88
-89
-87
-81
-83
-83
-81
-80
-79
-77
-73
-71
-70
-71
-69
-65
-67
-64
-59
-56
-53
-49
-47
-42
-41
-37
-30
-22
-13
-9
-1
11
23
26
31
43
56
65
70
82
95
102
104
112
123
125
120
113
104
90
71
55
40
24
3
-15
-27
-38
-51
-60
-70
-77
-87
-93
-95
-96
-97
-99
-99
-102
-101
-105
-105
-104
-104
-104
-103
-99
-93
-97
-98
-96
-90
-95
-95
-92
-92
-91
-95
-91
-88
-88
-92
-93
-89
-89
-92
-91
-88
-90
-94
-98
-94
-92
-100
-100
-100
-96
-98
-99
-98
-95
-98
-101
-99
-97
-95
-100
-101
-101
-99
-100
-98
-99
-103
-104
-102
-100
-100
-103
-101
-101
-99
-103
-103
-102
-99
-104
-105
-103
-100
-101
-106
-104
-101
-101
-106
-105
-101
-96
-96
-104
-102
-99
-101
-104
-101
-98
-103
-107
-104
-99
-101
-105
-105
-96
-98
-104
-103
-99
-90
-80
-75
-73
-76
-82
-66
-43
-27
-26
-32
-29
-39
-50
-61
-67
-75
-93
-103
-100
-93
-95
-100
-103
-105
-102
-105
-103
-104
-104
-108
-109
-106
-106
-108
-112
-110
-109
-111
-120
-127
-162
-209
-212
-148
-56
75
221
368
512
551
371
199
69
-62
-135
-124
-99
-65
-67
-74
-83
-92
-98
-100
-102
-102
-102
-107
-105
-99
-101
-105
-102
-99
-98
-98
-98
-96
-92
-96
-97
-93
-87
-88
-89
-88
-83
-83
-84
-82
-75
-72
-77
-75
-70
-68
-68
-67
-60
-54
-53
-51
-44
-36
-30
-27
-17
-8
-3
3
13
26
34
39
48
58
68
74
84
94
98
98
96
91
77
63
50
36
21
3
-14
-29
-42
-60
-71
-78
-85
-92
-102
-106
-106
-108
-114
-114
-111
-112
-118
-122
-120
-115
-111
-112
-110
-106
-110
-113
-111
-106
-105
-108
-109
-103
-104
-108
-107
-106
-106
-106
-102
-101
-99
-103
-105
-106
-107
-108
-106
-103
-103
-107
-109
-110
-106
-108
-108
-105
-101
-104
-108
-107
-103
-105
-109
-110
-105
-103
-107
-104
-103
-107
-111
-109
-104
-102
-104
-107
-107
-104
-109
-110
-110
-107
-108
-110
-113
-111
-112
-113
-115
-111
-107
-109
-112
-111
-109
-111
-112
-107
-106
-108
-115
-112
-102
-91
-84
-78
-73
-84
-87
-66
-45
-37
-44
-47
-42
-57
-72
-78
-79
-84
-101
-113
-113
-110
-114
-118
-117
-115
-118
-123
-122
-119
-119
-123
-127
-122
-121
-124
-127
-124
-122
-124
-127
-134
-165
-224
-235
-173
-85
31
188
344
490
568
406
210
68
-68
-147
-133
-105
-80
-82
-90
-98
-112
-118
-118
-117
-113
-118
-117
-115
-114
-118
-120
-117
-109
-110
-113
-109
-106
-106
-109
-106
-102
-101
-102
-103
-96
-94
-96
-97
-90
-86
-86
-88
-86
-80
-78
-77
-75
-68
-64
-62
-58
-52
-44
-40
-35
-25
-17
-10
1
12
20
27
38
50
61
70
78
88
94
98
96
92
90
78
64
48
33
12
-11
-28
-40
-54
-71
-84
-89
-95
-105
-117
-118
-117
-120
-127
-126
-124
-124
-128
-130
-128
-126
-128
-128
-124
-123
-127
-128
-127
-123
-125
-126
-126
-122
-122
-123
-121
-121
-123
-123
-124
-123
-124
-125
-127
-125
-126
-131
-133
-129
-131
-132
-135
-133
-131
-136
-138
-136
-134
-138
-140
-139
-136
-138
-141
-138
-136
-139
-145
-145