16440
16504
16304
16432
16512
16472
16304
16344
16488
16504
16344
16312
16512
16440
16360
16296
16456
16480
16456
16280
16408
16512
16448
16280
16384
16512
16456
16264
16376
16464
16472
16320
16320
16496
16520
16336
16344
16504
16584
16376
16232
16376
16432
16384
16256
16400
16536
16496
16312
16432
16560
16472
16248
16392
16520
16448
16296
16328
16488
16504
16352
16296
16416
16536
16400
16352
16504
16496
16408
16328
16408
16480
16472
16304
16392
16520
16464
16352
16376
16528
16504
16296
16352
16544
16552
16392
16280
16464
16544
16408
16280
16456
16584
16464
16304
16392
16536
16496
16336
16400
16520
16488
16376
16400
16640
16536
16368
16344
16456
16520
16392
16352
16464
16544
16384
16288
16432
16504
16408
16304
16512
16560
16496
16328
16472
16624
16480
16312
16352
16496
16520
16296
16376
16520
16528
16424
16384
16496
16512
16376
16376
16504
16536
16464
16400
16504
16632
16616
16440
16640
16816
16712
16568
16664
16768
16824
16728
16872
17072
17080
16960
17008
17144
17112
16936
16832
17048
17032
16816
16528
16520
16552
16472
16320
16432
16528
16504
16304
16328
16512
16376
16248
16088
15960
16120
16280
16952
18536
20208
21712
22720
21200
19136
17656
16552
16384
16408
16552
16280
16216
16336
16336
16112
16248
16368
16320
16088
16088
16216
16216
16072
16104
16312
16320
16216
16104
16272
16320
16184
15984
16176
16304
16248
16096
16152
16272
16224
16120
16128
16296
16200
16064
16240
16304
16272
16152
16152
16344
16416
16176
16144
16232
16296
16224
16112
16248
16376
16320
16192
16360
16488
16472
16312
16416
16592
16568
16368
16448
16648
16752
16632
16616
16792
16952
16944
16928
17096
17272
17264
17176
17432
17624
17584
17424
17616
17848
17880
17696
17776
17880
17928
17744
17696
17776
17696
17472
17360
17344
17360
17088
16848
16960
17000
16832
16648
16712
16800
16656
16488
16600
16664
16576
16384
16440
16568
16544
16312
16352
16544
16520
16384
16296
16416
16528
16352
16232
16352
16456
16384
16232
16368
16464
16416
16304
16416
16520
16520
16344
16560
16624
16480
16360
16296
16520
16504
16440
16448
16584
16624
16544
16440
16424
16520
16512
16432
16480
16608
16512
16408
16416
16576
16512
16368
16392
16536
16512
16376
16336
16464
16616
16384
16360
16488
16528
16352
16224
16496
16520
16352
16264
16384
16536
16408
16312
16400
16528
16456
16272
16248
16376
16424
16264
16360
16544
16496
16320
16328
16464
16512
16360
16248
16408
16448
16320
16232
16320
16448
16320
16240
16352
16464
16408
16288
16328
16464
16416
16224
16288
16416
16504
16344
16288
16408
16504
16336
16264
16384
16488
16328
16216
16376
16472
16384
16280
16376
16544
16464
16240
16256
16416
16440
16288
16296
16400
16456
16272
16304
16384
16480
16304
16248
16472
16496
16344
16248
16392
16456
16360
16264
16336
16512
16472
16320
16384
16456
16408
16256
16336
16448
16456
16288
16312
16448
16552
16336
16296
16512
16544
16408
16304
16424
16496
16424
16312
16424
16584
16488
16256
16360
16472
16432
16280
16360
16520
16552
16304
16280
16400
16472
16376
16264
16376
16520
16360
16328
16456
16528
16408
16208
16320
16464
16408
16280
16400
16520
16504
16336
16376
16512
16496
16320
16376
16440
16544
16408
16408
16576
16656
16552
16456
16600
16792
16760
16600
16752
16944
16952
16840
16960
17104
17120
16928
16880
17016
17000
16688
16584
16688
16608
16424
16280
16416
16464
16344
16208
16352
16416
16320
16224
16336
16280
15880
15744
16224
16920
18240
19696
21336
22696
21672
19144
17688
16704
16312
16144
16352
16360
16344
16112
16072
16256
16360
16200
16040
16160
16344
16208
15984
16048
16240
16312
16088
16096
16216
16288
16072
16120
16240
16224
16040
16008
16176
16280
16120
16056
16184
16264
16168
16032
16128
16256
16224
16168
16160
16312
16288
16120
16104
16264
16296
16192
16192
16328
16424
16280
16200
16304
16424
16304
16192
16400
16496
16424
16344
16576
16720
16592
16520
16608
16800
16872
16744
16840
17072
17200
17048
17104
17352
17440
17416
17424
17632
17776
17712
17704
17864
18000
17920
17728
17800
17888
17816
17576
17456
17528
17456
17152
17104
17168
17080
16792
16808
16808
16840
16640
16528
16704
16736
16544
16416
16536
16552
16544
16256
16376
16488
16464
16336
16384
16504
16528
16256
16320
16496
16480
16304
16288
16384
16424
16384
16280
16440
16520
16424
16336
16496
16544
16416
16296
16456
16560
16496
16368
16488
16528
16600
16408
16472
16608
16624
16456
16496
16592
16616
16464
16376
16480
16576
16464
16328
16520
16568
16520
16384
16480
16592
16496
16296
16400
16512
16496
16360
16320
16496
16480
16376
16328
16456
16472
16360
16344
16504
16592
16448
16312
16432
16544
16408
16312
16432
16544
16456
16256
16384
16480
16424
16288
16328
16504
16504
16304
16272
16408
16480
16352
16344
16472
16536
16448
16312
16376
16472
16336
16240
16400
16488
16488
16296
16408
16560
16408
16208
16272
16448
16448
16296
16344
16512
16496
16360
16320
16408
16480
16384
16248
16416
16520
16440
16296
16424
16536
16512
16232
16376
16464
16496
16336
16312
16432
16464
16352
16352
16488
16544
16384
16312
16440
16520
16376
16288
16320
16512
16424
16288
16392
16496
16424
16272
16328
16536
16496
16296
16344
16496
16528
16288
16256
16440
16472
16384
16344
16432
16464
16336
16240
16424
16464
16408
16256
16392
16552
16464
16280
16328
16520
16488
16296
16312
16512
16504
16336
16320
16496
16536
16384
16328
16376
16504
16400
16280
16464
16552
16528
16344
16456
16552
16432
16288
16408
16520
16464
16360
16424
16552
16568
16456
16568
16664
16648
16552
16496
16680
16856
16728
16744
16936
17104
17144
16952
17000
17048
16928
16824
16920
16944
16808
16488
16456
16560
16496
16224
16288
16376
16488
16320
16192
16376
16400
16264
15992
15904
16016
16224
16624
18088
19880
21432
22464
21544
19392
17880
16704
16232
16280
16512
16248
16160
16240
16272
16240
16192
16184
16232
16192
16088
16192
16208
16128
15992
16168
16288
16248
16048
16136
16272
16272
16064
16088
16224
16248
16072
16072
16208
16304
16112
16000
16064
16264
16136
15992
16184
16264
16232
16072
16192
16312
16200
16104
16128
16288
16312
16088
16216
16416
16384
16264
16256
16448
16480
16328
16296
16376
16552
16528
16472
16680
16792
16688
16584
16768
16904
16904
16800
16984
17240
17272
17112
17336
17592
17608
17560
17568
17728
17824
17768
17736
17944
17944
17768
17600
17712
17776
17552
17272
17320
17336
17232
16936
16952
17008
16816
16616
16680
16752
16712
16504
16440
16632
16632
16400
16360
16536
16592
16440
16256
16384
16496
16472
16312
16400
16560
16400
16304
16352
16424
16376
16288
16360
16464
16472
16312
16288
16480
16536
16432
16352
16576
16648
16568
16408
16496
16608
16544
16408
16496
16584
16520
16400
16520
16672
16664
16424
16456
16560
16592
16440
16424
16536
16592
16496
16400
16600
16584
16456
16336
16536
16576
16512
16336
16416
16656
16576
16328
16440
16560
16584
16368
16392
16480
16512
16392
16376
16544
16576
16400
16336
16464
16584
16440
16296
16480
16568
16472
16328
16496
16624
16560
16376
16448
16560
16472
16400
16408
16528
16568
16360
16384
16552
16512
16408
16376
16528
16624
16504
16296
16504
16648
16560
16440
16584
16616
16488
16336
16376
16576
16520
16384
16384
16536
16576
16392
16408
16552
16552
16440
16392
16584
16608
16504
16376
16496
16632
16496
16376
16504
16576
16536
16352
16440
16624
16536
16392
16408
16568
16552
16376
16376
16536
16544
16432
16400
16536
16632
16472
16392
16488
16560
16496
16336
16464
16552
16536
16400
16464
16656
16592
16368
16384
16576
16544
16344
16408
16600
16600
16448
16368
16544
16648
16528
16376
16520
16616
16544
16416
16504
16536
16432
16392
16456
16648
16544
16400
16424
16608
16608
16440
16384
16576
16592
16464
16456
16536
16600
16504
16424
16560
16608
16576
16472
16568
16672
16560
16416
16512
16632
16608
16552
16584
16744
16848
16680
16664
16800
16832
16768
16784
17056
17176
17096
17032
17152
17208
17056
16904
17040
17088
16848
16656
16672
16712
16568
16384
16360
16536
16560
16376
16360
16456
16536
16432
16216
16120
16040
16200
16600
17952
19688
21232
22480
22264
19912
18256
16920
16352
16416
16568
16376
16296
16376
16344
16272
16256
16416
16392
16192
16144
16272
16336
16184
16152
16312
16432
16288
16160
16264
16432
16288
16152
16304
16448
16352
16184
16232
16360
16304
16216
16152
16312
16352
16224
16168
16296
16432
16304
16192
16272
16392
16384
16240
16336
16464
16408
16280
16368
16488
16480
16368
16392
16576
16528
16416
16368
16584
16648
16560
16576
16760
16840
16832
16784
16944
17016
16904
16968
17176
17320
17320
17312
17480
17680
17672
17632
17712
17944
18000
17912
17872
18032
18064
17888
17848
17896
17872
17640
17472
17512
17512
17312
17152
17080
17112
16968
16824
16800
16848
16808
16656
16704
16792
16768
16544
16544
16664
16624
16504
16448
16552
16656
16544
16368
16472
16520
16440
16376
16504
16560
16536
16408
16528
16632
16504
16336
16408
16608
16576
16488
16432
16616
16664
16568
16520
16624
16688
16568
16528
16704
16752
16600
16456
16560
16760
16656
16448
16640
16744
16624
16488
16440
16600
16584
16464
16464
16640
16632
16488
16456
16656
16680
16520
16384
16560
16616
16496
16376
16488
16632
16568
16440
16464
16664
16536
16408
16432
16568
16600
16456
16472
16560
16520
16392
16392
16536
16664
16496
16368
16512
16584
16504
16376
16480
16560
16504
16360
16432
16560
16520
16416
16408
16544
16576
16400
16400
16568
16640
16496
16408
16496
16576
16440
16344
16472
16544
16448
16400
16456
16592
16496
16344
16456
16560
16528
16376
16504
16576
16568
16480
16392
16536
16592
16472
16384
16528
16624
16456
16400
16520
16560
16400
16312
16488
16616
16568
16384
16392
16640
16584
16456
16432
16608
16568
16416
16376
16552
16576
16512
16488
16544
16616
16480
16408
16464
16624
16480
16336
16472
16544
16488
16376
16520
16680
16592
16456
16464
16624
16544
16384
16384
16600
16616
16528
16440
16600
16584
16416
16304
16520
16616
16432
16352
16480
16648
16592
16464
16504
16624
16576
16448
16408
16552
16600
16488
16520
16560
16584
16496
16440
16576
16584
16472
16368
16568
16688
16576
16472
16616
16792
16712
16608
16664
16768
16744
16792
16904
17128
17136
17032
17064
17216
17136
16920
16888
17080
17088
16720
16488
16544
16584
16432
16384
16464
16536
16448
16384
16408
16504
16432
16224
16144
16064
16056
16256
16712
18120
19808
21224
22392
21760
19480
17920
16760
16392
16392
16424
16280
16352
16392
16312
16176
16272
16352
16248
16128
16176
16352
16256
16128
16152
16280
16264
16192
16136
16296
16344
16176
16120
16272
16352
16216
16128
16240
16296
16192
16008
16152
16360
16280
16232
16216
16288
16280
16176
16216
16392
16416
16104
16064
16288
16392
16248
16160
16328
16408
16320
16256
16368
16504
16408
16320
16464
16528
16488
16488
16552
16664
16752
16600
16584
16840
16912
16912
16912
17096
17208
17216
17256
17424
17600
17488
17512
17704
17872
17824
17792
17848
17944
17888
17784
17688
17776
17688
17448
17424
17464
17408
17192
17064
17104
17024
16800
16696
16768
16856
16568
16512
16584
16728
16552
16480
16560
16560
16488
16368
16376
16464
16448
16312
16360
16496
16520
16304
16240
16384
16464
16280
16296
16424
16536
16416
16352
16440
16552
16488
16368
16408
16560
16512
16416
16496
16544
16520
16464
16472
16608
16656
16456
16456
16560
16544
16400
16376
16576
16624
16464
16384
16408
16576
16504
16400
16440
16632
16512
16440
16480
16512
16480
16360
16344
16488
16504
16352
16368
16440
16480
16376
16312
16472
16528
16480
16336
16424
16464
16440
16272
16288
16488
16432
16336
16392
16504
16464
16264
16312
16488
16440
16328
16296
16456
16528
16376
16344
16384
16488
16392
16352
16408
16496
16432
16312
16400
16504
16472
16328
16352
16456
16448
16360
16328
16456
16472
16312
16304
16392
16448
16424
16408
16488
16448
16384
16320
16368
16568
16488
16384
16440
16520
16408
16320
16416
16536
16512
16344
16328
16464
16480
16296
16312
16512
16504
16384
16336
16504
16568
16408
16320
16432
16520
16456
16376
16456
16608
16504
16256
16392
16488
16496
16328
16352
16536
16552
16344
16376
16520
16560
16392
16384
16496
16520
16472
16408
16416
16544
16456
16368
16456
16664
16504
16320
16360
16536
16504
16376
16456
16592
16528
16376
16400
16496
16576
16456
16464
16552
16568
16368
16368
16488
16568
16512
16360
16480
16608
16528
16352
16416
16584
16640
16464
16424
16536
16568
16512
16560
16632
16696
16520
16536
16672
16824
16752
16728
16960
17128
17064
17008
17056
17200
17064
16856
16936
17104
16976
16680
16624
16720
16584
16408
16304
16480
16512
16304
16328
16376
16424
16296
16240
16208
16080
15952
16216
16792
18240
19888
21360
22648
21792
19464
17856
16816
16392
16392
16456
16368
16320
16368
16168
16176
16328
16320
16216
16120
16248
16320
16200
16144
16208
16296
16232
16088
16248
16384
16304
16176
16120
16296
16240
16152
16152
16312
16352
16184
16144
16256
16368
16160
16088
16184
16352
16216
16112
16216
16392
16288
16160
16280
16416
16424
16280
16328
16416
16432
16264
16256
16400
16512
16360
16336
16432
16568
16448
16552
16624
16784
16704
16624
16720
16896
16904
16928
17056
17176
17184
17128
17288
17544
17624
17528
17552
17728
17864
17760
17736
17904
17960
17840
17792
17896
17896
17760
17520
17536
17576
17400
17168
17120
17136
16984
16816
16792
16840
16856
16656
16608
16616
16712
16528
16560
16632
16704
16520
16440
16464
16600
16464
16392
16440
16592
16528
16352
16456
16512
16456
16320
16336
16488
16528
16392
16424
16496
16576
16496
16424
16504
16608
16504
16456
16528
16656
16592
16480
16608
16672
16568
16464
16608
16688
16656
16480
16528
16624
16624
16568
16568
16656
16608
16440
16440
16536
16576
16488
16376
16576
16696
16480
16384
16472
16664
16568
16376
16456
16560
16456
16400
16416
16520
16536
16376
16448
16568
16584
16360
16400
16528
16576
16400
16384
16488
16552
16416
16384
16432
16600
16480
16360
16408
16488
16480
16352
16424
16584
16528
16344
16400
16560
16592
16416
16344
16464
16520
16424
16392
16464
16576
16448
16392
16568
16624
16520
16312
16328
16536
16520
16384
16400
16488
16544
16392
16408
16528
16480
16456
16472
16544
16608
16464
16392
16440
16560
16536
16384
16480
16576
16496
16344
16432
16520
16504
16376
16376
16488
16472
16320
16424
16544
16584
16392
16344
16488
16640
16432
16352
16456
16608
16496
16448
16536
16584
16512
16328
16472
16600
16472
16344
16416
16480
16440
16336
16376
16552
16584
16408
16416
16528
16568
16520
16392
16480
16576
16520
16384
16528
16664
16520
16336
16464
16552
16480
16320
16432
16608
16616
16440
16448
16584
16560
16384
16432
16544
16616
16536
16488
16576
16704
16608
16560
16680
16824
16696
16552
16640
16856
16896
16968
17072
17184
17128
17008
17064
17096
17032
16832
16928
16880
16856
16624
16456
16480
16632
16520
16344
16384
16480
16440
16216
16408
16536
16400
15960
15872
16144
16520
17248
18880
20472
22088
22704
20496
18688
17512
16464
16304
16328
16632
16368
16144
16232
16400
16320
16120
16208
16304
16304
16056
16320
16376
16368
16176
16272
16240
16256
16088
16232
16256
16336
16232
16200
16192
16376
16264
16088
16256
16424
16368
16160
16160
16280
16256
16144
16288
16256
16288
16160
16360
16288
16368
16256
16280
16312
16400
16304
16240
16368
16480
16392
16320
16480
16576
16440
16336
16528
16696
16680
16552
16720
16816
16832
16728
16936
17000
17144
17048
17120
17224
17464
17392
17392
17536
17776
17688
17608
17840
17952
17864
17768
17976
17960
17936
17680
17800
17760
17696
17416
17360
17264
17304
17000
16984
16904
17000
16824
16728
16752
16864
16712
16560
16592
16696
16560
16432
16632
16600
16584
16344
16504
16528
16576
16384
16552
16528
16568
16424
16384
16424
16552
16424
16384
16464
16624
16488
16344
16472
16616
16528
16392
16608
16656
16592
16440
16680
16672
16696
16512
16632
16624
16664
16568
16536
16624
16792
16576
16464
16520
16640
16504
16400
16512
16624
16568
16424
16616
16656
16624
16424
16616
16560
16528
16376
16568
16512
16592
16424
16432
16472
16568
16488
16376
16496
16608
16464
16384
16496
16584
16560
16368
16528
16528
16536
16376
16544
16496
16520
16344
16496
16512
16624
16424
16376
16440
16520
16344
16376
16424
16512
16408
16248
16472
16560
16440
16368
16544
16528
16552
16368
16552
16552
16576
16392
16480
16472
16544
16408
16360
16456
16456
16392
16368
16456
16536
16440
16248
16464
16520
16424
16304
16504
16584
16512
16296
16472
16480
16528
16416
16432
16408
16528
16400
16376
16440
16552
16392
16376
16504
16592
16472
16312
16456
16552
16488
16296
16488
16504
16512
16416
16504
16520
16440
16360
16424
16352
16536
16424
16440
16568
16576
16408
16360
16456
16528
16504
16320
16504
16576
16464
16416
16568
16504
16504
16360
16584
16584
16584
16336
16520
16592
16608
16400
16368
16432
16504
16384
16328
16552
16552
16424
16336
16496
16536
16488
16288
16544
16600
16520
16336
16560
16576
16616
16448
16480
16480
16616
16512
16424
16592
16704
16640
16512
16616
16728
16688
16560
16816
17000
17032
16896
17144
17096
17112
17008
17088
16992
17024
16792
16744
16712
16624
16360
16352
16472
16512
16360
16224
16448
16528
16464
16232
16344
16280
15968
15808
16360
16832
18128
19632
21400
22640
21704
19320
17872
16856
16392
16200
16432
16392
16352
16224
16080
16232
16296
16200
16056
16320
16288
16248
16112
16224
16296
16272
16096
16272
16296
16320
16176
16176
16200
16248
16120
16176
16248
16336
16128
16064
16272
16400
16224
16080
16296
16344
16296
16072
16312
16288
16280
16160
16344
16280
16320
16184
16280
16296
16376
16240
16216
16424
16528
16328
16304
16480
16536
16480
16352
16624
16656
16648
16624
16864
16824
16816
16808
16976
17112
17240
17080
17112
17304
17488
17368
17392
17640
17776
17688
17640
17888
17880
17848
17792
17968
17880
17776
17504
17656
17520
17392
17152
17288
17192
17152
16872
16824
16848
16816
16656
16536
16688
16688
16488
16360
16616
16544
16472
16312
16552
16560
16544
16352
16536
16504
16488
16360
16448
16464
16504
16344
16360
16520
16576
16408
16336
16552
16592
16416
16352
16504
16560
16448
16336
16640
16640
16648
16464
16640
16608
16624
16512
16552
16600
16632
16496
16472
16640
16712
16480
16456
16656
16680
16488
16448
16616
16608
16472
16392
16632
16568
16552
16392
16616
16568
16504
16360
16480
16504
16576
16400
16384
16512
16520
16328
16336
16544
16512
16376
16328
16584
16536
16456
16336
16576
16544
16528
16376
16472
16472
16536
16432
16480
16504
16544
16352
16376
16512
16520
16344
16264
16496
16552
16456
16336
16576
16520
16432
16320
16520
16488
16440
16312
16488
16504
16504
16352
16424
16504
16496
16400
16360
16464
16496
16320
16280
16528
16528
16408
16352
16616
16472
16504
16448
16584
16512
16472
16416
16608
16488
16424
16336
16384
16464
16504
16392
16400
16544
16536
16384
16344
16576
16528
16400
16336
16608
16544
16432
16328
16592
16560
16480
16336
16544
16568
16632
16448
16440
16504
16520
16400
16464
16600
16576
16400
16304
16576
16592
16472
16344
16616
16552
16472
16352
16552
16520
16520
16408
16576
16544
16536
16376
16480
16536
16504
16336
16368
16560
16576
16368
16312
16520
16576
16472
16392
16592
16528
16472
16360
16592
16528
16520
16344
16536
16536
16568
16504
16592
16664
16704
16576
16576
16816
16776
16688
16744
17136
17136
16968
16944
17152
17136
16992
16840
17064
16976
16808
16520
16584
16592
16544
16368
16360
16416
16400
16248
16272
16464
16464
16264
16216
16208
15976
16008
16376
17448
18976
20632
22080
22920
20424
18672
17296
16480
16288
16472
16448
16352
16368
16304
16144
16152
16344
16248
16128
16112
16376
16288
16192
16136
16376
16272
16224
16104
16264
16200
16152
16048
16224
16264
16280
16152
16120
16240
16240
16128
16072
16280
16224
16104
16112
16352
16272
16160
16112
16376
16256
16200
16136
16368
16360
16336
16160
16264
16272
16320
16144
16272
16408
16360
16296
16320
16528
16520
16448
16488
16728
16696
16624
16544
16912
16824
16864
16816
17096
17176
17208
17144
17328
17424
17536
17424
17592
17752
17752
17680
17768
18008
17896
17768
17696
17928
17768
17592
17448
17528
17368
17184
17024
17176
16992
16888
16712
16744
16776
16736
16512
16528
16696
16640
16472
16416
16592
16536
16400
16376
16608
16504
16440
16416
16520
16432
16416
16192
16464
16488
16432
16272
16376
16440
16336
16328
16352
16576
16496
16384
16344
16568
16464
16376
16376
16680
16520
16408
16384
16600
16640
16544
16440
16584
16576
16488
16400
16504
16568
16504
16368
16456
16608
16512
16320
16256
16552
16520
16376
16336
16568
16504
16384
16328
16480
16464
16368
16360
16392
16456
16376
16256
16376
16544
16424
16296
16352
16528
16424
16320
16360
16456
16424
16256
16336
16520
16488
16304
16256
16376
16536
16376
16240
16384
16512
16416
16272
16376
16504
16480
16376
16368
16464
16392
16264
16360
16512
16440
16312
16256
16496
16464
16360
16296
16440
16528
16392
16328
16456
16528
16344
16272
16368
16464
16408
16264
16376
16512
16440
16296
16328
16464
16496
16352
16288
16448
16512
16368
16304
16384
16480
16392
16312
16408
16536
16408
16232
16432
16576
16440
16304
16360
16496
16496
16360
16376
16560
16488
16312
16328
16464
16448
16368
16328
16504
16496
16400
16304
16400
16488
16432
16304
16408
16552
16464
16352
16392
16520
16440
16304
16376
16592
16488
16344
16368
16552
16600
16384
16320
16456
16544
16384
16376
16536
16640
16416
16336
16464
16560
16472
16312
16416
16592
16480
16320
16376
16536
16528
16400
16480
16616
16584
16424
16392
16528
16600
16472
16392
16568
16752
16600
16536
16648
16744
16704
16600
16776
16864
17000
16976
16976
17192
17136
17040
16960
17136
17048
16952
16840
16888
16840
16632
16480
16568
16640
16512
16360
16432
16528
16416
16296
16384
16504
16392
15968
15920
16336
16704
17664
19296
21064
22496
22552
19976
18536
17344
16376
16200
16536
16720
16520
16304
16368
16480
16312
16240
16288
16424
16312
16240
16248
16400
16392
16248
16304
16344
16336
16224
16216
16304
16392
16280
16080
16304
16400
16320
16160
16280
16376
16240
16104
16208
16424
16384
16264
16312
16384
16280
16224
16232
16384
16384
16336
16320
16416
16448
16312
16272
16464
16512
16456
16344
16472
16568
16512
16464
16536
16736
16656
16520
16648
16920
16888
16776
16880
17080
17128
17056
17136
17304
17432
17416
17344
17576
17768
17752
17792
17888
18016
17928
17824
17912
18016
17864
17736
17736
17832
17656
17440
17344
17408
17232
17096
16952
17040
16928
16824
16648
16784
16768
16688
16520
16656
16688
16584
16464
16552
16696
16552
16440
16472
16664
16512
16400
16432
16632
16512
16432
16376
16512
16544
16440
16408
16568
16632
16488
16360
16504
16616
16568
16456
16576
16712
16544
16440
16512
16712
16576
16496
16448
16760
16640
16552
16488
16632
16640
16520
16456
16592
16680
16632
16488
16528
16632
16544
16424
16520
16728
16504
16336
16488
16688
16568
16488
16456
16608
16488
16496
16376
16512
16504
16472
16368
16496
16568
16472
16416
16448
16648
16464
16400
16448
16648
16512
16440
16424
16592
16480
16392
16456
16648
16472
16400
16344
16560
16504
16400
16368
16496
16608
16472
16384
16432
16624
16504
16368
16488
16616
16448
16392
16424
16600
16448
16384
16360
16520
16456
16432
16424
16536
16504
16440
16352
16464
16520
16456
16408
16536
16552
16448
16328
16448
16712
16456
16416
16408
16576
16464
16368
16376
16592
16472
16464
16392
16552
16560
16488
16416
16520
16528
16448
16296
16464
16656
16456
16408
16432
16704
16464
16400
16440
16672
16496
16360
16384
16536
16480
16488
16376
16600
16592
16488
16392
16416
16600
16488
16376
16520
16632
16480
16384
16480
16648
16464
16392
16408
16640
16528
16472
16432
16608
16528
16440
16368
16560
16552
16520
16480
16568
16568
16432
16400
16432
16688
16472
16424
16480
16696
16416
16376
16448
16648
16504
16464
16480
16648
16616
16592
16592
16736
16752
16688
16688
16824
16896
16832
16904
17032
17248
17072
16984
17080
17192
17080
16880
16824
16896
16688
16520
16496
16576
16416
16384
16328
16472
16496
16368
16232
16376
16512
16256
15888
15920
16392
16672
17752
19456
21176
22312
21936
19560
18240
16928
16200
16200
16672
16560
16360
16224
16392
16408
16240
16152
16232
16368
16240
16168
16184
16376
16208
16128
16240
16376
16168
16128
16208
16352
16248
16120
16152
16280
16208
16160
16120
16224
16280
16216
16168
16320
16344
16200
16112
16224
16400
16232
16096
16216
16392
16288
16216
16240
16432
16360
16240
16192
16296
16336
16288
16312
16472
16552
16384
16344
16512
16664
16488
16496
16664
16936
16808
16760
16848
17016
16928
16976
17088
17296
17232
17216
17360
17616
17664
17624
17656
17768
17872
17808
17736
17848
18016
17752
17664
17688
17752
17464
17296
17320
17424
17120
16848
16888
17016
16896
16776
16664
16760
16672
16584
16536
16624
16688
16464
16456
16568
16696
16440
16328
16392
16656
16440
16312
16336
16544
16432
16360
16384
16528
16408
16384
16472
16544
16488
16440
16400
16520
16544
16400
16384
16528
16728
16480
16456
16576
16736
16528
16488
16528
16680
16480
16432
16536
16656
16536
16464
16416
16584
16520
16464
16384
16584
16600
16440
16424
16536
16696
16472
16400
16496
16680
16416
16320
16400
16632
16432
16408
16424
16568
16440
16344
16376
16488
16448
16352
16368
16528
16592
16400
16384
16560
16632
16360
16368
16488
16744
16440
16280
16320
16560
16416
16384
16416
16488
16392
16352
16384
16472
16496
16288
16344
16464
16568
16376
16328
16408
16600
16408
16376
16464
16576
16384
16384
16472
16608
16384
16296
16368
16464
16400
16304
16312
16512
16504
16368
16320
16464
16536
16312
16272
16464
16608
16440
16352
16480
16592
16368
16312
16424
16608
16416
16384
16440
16464
16400
16328
16312
16416
16464
16368
16392
16504
16552
16360
16296
16440
16592
16336
16384
16440
16648
16384
16304
16376
16552
16400
16368
16440
16600
16432
16344
16408
16552
16520
16320
16384
16480
16616
16360
16272
16504
16600
16416
16384
16464
16560
16424
16384
16456
16520
16408
16392
16416
16504
16400
16296
16352
16576
16560
16400
16408
16560
16584
16368
16480
16624
16824
16552
16568
16720
16864
16696
16768
16984
17120
16976
16864
16808
17088
16928
16808
16744
16864
16792
16504
16448
16400
16512
16216
16232
16336
16512
16256
16224
16280
16488
16360
16192
16000
15912
16000
16304
17016
18680
20216
21528
22520
20712
18784
17176
16208
16168
16392
16264
16120
16232
16384
16144
16040
16120
16256
16144
16072
16208
16320
16072
16080
16120
16304
16224
16008
16088
16200
16256
15992
16072
16200
16376
16144
16112
16168
16256
15984
16048
16224
16360
16096
16088
16280
16304
16120
16000
16056
16184
16152
15976
16184
16216
16232
16056
16120
16256
16496
16144
16184
16312
16472
16192
16208
16288
16416
16440
16424
16512
16680
16648
16496
16616
16808
16808
16784
16880
17144
17088
16984
17032
17384
17472
17400
17384
17544
17816
17688
17544
17696
17840
17744
17560
17576
17608
17512
17256
17288
17432
17192
16880
17000
17000
16848
16536
16528
16744
16688
16464
16392
16544
16624
16456
16360
16472
16448
16352
16184
16328
16464
16456
16336
16200
16384
16504
16280
16256
16488
16488
16304
16280
16416
16480
16216
16272
16464
16616
16488
16288
16384
16488
16416
16320
16416
16568
16568
16392
16472
16648
16520
16336
16472
16544
16464
16504
16440
16544
16568
16456
16320
16440
16584
16408
16392
16432
16592
16632
16424
16488
16624
16536
16264
16336
16472
16560
16432
16488
16616
16600
16384
16400
16464
16360
16280
16416
16568
16584
16584
16496
16592
16816
16568
16600
16680
16560
16432
16264
16352
16552
16496
16488
16440
16432
16520
16464
16400
16632
16760
16520
16416
16584
16656
16600
16376
16432
16648
16496
16480
16608
16848
16456
16368
16512
16624
16608
16384
16448
16688
16680
16496
16464
16552
16688
16544
16416
16608
16712
16616
16464
16536
16568
16504
16352
16536
16648
16624
16544
16648
16744
16688
16408
16560
16832
16568
16456
16504
16456
16600
16520
16504
16648
16712
16608
16480
16664
16776
16656
16488
16656
16720
16712
16520
16568
16736
16728
16552
16600
16704
16720
16616
16568
16752
16824
16600
16560
16760
16856
16736
16640
16760
16920
16816
16656
16864
16944
16872
16616
16632
16760
16776
16608
16744
16824
16880
16688
16872
17160
17368
17384
17152
17216
17256
17048
16984
17384
17784
17656
17352
17512
17832
17920
17512
16896
16528
16264
16216
16536
16880
16984
16808
16680
16736
16736
16456
16432
16528
16480
16312
16288
16776
17568
18824
20320
21744
22848
22200
19496
18032
17384
17128
16832
16824
16344
16168
16104
16248
16552
16696
16544
16504
16608
16632
16472
16160
16336
16440
16568
16568
16592
16752
16832
16480
16544
16496
16192
15984
16048
16264
16520
16224
15944
16104
16376
16304
16256
16488
16544
16440
16328
16592
16656
16432
16168
16216
16320
16464
16512
16936
17232
16952
16056
16080
16240
16472
16328
16360
16496
16656
16584
16632
17104
17400
16944
16720
16952
17296
17408
17232
17544
17496
17632
17224
17376
17656
18144
18200
18208
18408
18720
18480
18264
18448
18888
18952
18744
18664
18736
18808
18792
18888
18776
18536
17904
18128
18344
18336
17992
18072
17840
18080
17696
17744
18112
18080
17744
17736
17984
17736
17384
17192
17368
17576
17280
17264
17392
17392
17384
17128
17608
17576
17280
17128
17040
17624
17432
17512
17248
17096
17200
16888
17040
17208
17392
17536
17784
18056
17984
17288
17192
17552
17832
17840
17648
17816
17832
17624
17368
17616
17784
18088
17984
17960
18128
18184
17720
17392
17376
17504
17528
17600
18168
18216
17704
17312
17384
17520
17584
17416
17568
17776
17848
17752
17848
17760
17528
17200
17344
17616
17720
17536
17472
17744
17800
17544
17496
17752
17816
17680
17576
17720
17880
17864
17880
18016
18216
18216
18080
18144
18184
18288
17992
17952
18056
18072
17648
17680
17920
17960
17776
17600
17824
17840
17800
17696
17840
17808
17672
17504
17696
18024
18184
18016
17704
17216
17128
16832
16968
17200
17256
17208
17192
17392
17472
17328
17240
17440
17528
17400
17304
17400
17472
17336
17040
17272
17416
17424
17152
17160
17248
17336
17080
17080
17328
17288
17176
17120
17368
17408
17344
17160
17424
17480
17680
17440
17488
17856
17488
17192
17592
17656
17392
17096
17376
17728
17512
17080
17240
17632
17432
16928
16968
17456
17856
17792
17768
17736
17480
17168
16832
17224
17320
17400
17408
17872
18000
17776
17672
18560
19528
19416
18480
17936
17968
17880
17936
18464
19272
19592
19168
18000
17952
17944
18112
18736
20296
20312
18664
16848
16472
16744
17016
16928
17152
17552
17656
17528
17584
17696
17648
17528
17616
18936
20928
23024
24312
25192
22736
20088
17984
17264
17408
17728
17824
17832
17920
17888
17752
17832
17984
17896
17736
17760
17984
17888
17800
17472
17688
17808
17824
17672
17832
17816
17904
17584
17712
17792
17952
17672
17784
18032
18088
18096
18216
18296
18096
17792
17736
17976
17776
17608
17472
17872
17824
17776
17664
17888
18160
18208
17968
17880
17688
17240
16976
17328
17616
17592
17352
17464
17888
18080
17768
17384
17608
17720
17832
17920
18512
18488
18296
17768
17784
17800
17928
17984
18352
18792
19136
19272
19232
18752
18360
18208
18352
18720
18824
18840
18856
19264
19264
18832
18400
18472
18280
18104
17960
18104
18080
17944
17704
17912
18080
17976
17664
17656
17688
17648
17400
17472
17696
17552
17384
17312
17592
17536
17376
17232
17616
17576
17488
17296
17528
17592
17488
17336
17496
17664
17568
17336
17432
17600
17528
17432
17400
17648
17616
17448
17432
17712
17656
17456
17368
17664
17664
17536
17432
17656
17728
17592
17328
17568
17648
17496
17328
17496
17648
17552
17360
17368
17592
17464
17360
17296
17528
17456
17328
17240
17504
17536
17392
17248
17456
17552
17360
17264
17416
17528
17376
17184
17304
17488
17368
17248
17184
17448
17416
17240
17216
17480
17424
17240
17192
17424
17496
17288
17144
17464
17504
17328
17160
17336
17496
17384
17184
17320
17496
17384
17192
17216
17480
17384
17208
17248
17528
17408
17240
17168
17456
17464
17264
17032
17456
17520
17320
17080
17304
17408
17328
17112
17280
17488
17376
17176
17168
17432
17352
17240
17208
17456
17456
17272
17168
17464
17480
17320
17216
17464
17568
17352
17136
17264
17440
17288
17184
17264
17456
17384
17208
17168
17472
17448
17248
17216
17472
17456
17264
17240
17432
17408
17256
17216
17408
17496
17328
17176
17312
17488
17328
17232
17232
17472
17384
17240
17272
17528
17424
17280
17320
17592
17592
17392
17368
17600
17712
17544
17544
17728
18056
17920
17768
17824
18040
17912
17752
17768
17904
17664
17424
17376
17496
17400
17120
17008
17328
17304
17168
17112
17240
17328
17152
17096
16920
16912
16976
17216
18048
19632
20944
22080
22864
21056
19344
17896
16992
17120
17120
17088
17056
17144
17136
17016
17000
17080
17160
17016
16928
17032
17232
17056
16832
16984
17192
17096
16896
16968
17240
17104
16840
16952
17080
17056
16856
16816
17056
17072
16896
16880
17032
17176
16968
16912
17000
17176
17056
16896
17048
17176
17032
16888
17080
17208
17136
16976
17032
17192
17256
17064
17128
17208
17328
17152
17152
17192
17424
17320
17272
17384
17544
17480
17360
17624
17680
17808
17608
17768
17864
18080
17928
18032
18192
18424
18264
18208
18496
18496
18512
18424
18640
18528
18616
18336
18472
18392
18384
18056
18064
18064
18000
17736
17696
17728
17592
17576
17432
17480
17360
17408
17248
17368
17336
17288
17144
17288
17176
17232
17128
17280
17168
17152
17008
17208
17152
17136
16968
17152
17240
17176
17048
17176
17240
17256
17064
17080
17336
17288
17112
17072
17296
17312
17184
17144
17224
17400
17248
17064
17288
17448
17328
17088
17264
17552
17464
17088
17080
17184
17328
17320
17488
17440
17464
17232
16944
16960
16976
16992
16880
17184
17224
16888
16704
16832
17088
16904
16864
16928
17064
16960
17064
17288
17784
17696
17400
17080
17064
17208
16792
16504
16688
16912
17000
17032
17000
17472
17008
16640
16880
17136
17144
17096
17400
17464
17312
16800
16944
17280
17400
17400
17504
17464
17248
17160
17296
17312
17272
17112
16976
17192
17184
17560
17440
17192
17264
17272
17120
17344
17800
17656
17272
17232
17552
17920
17472
16968
17080
16952
16680
16960
17152
17296
17320
17456
17456
17320
16888
16536
17072
17528
17536
17352
17200
17320
17584
17584
17560
17528
17192
16824
16888
17272
17464
17184
17200
17536
17488
17352
17456
17544
17088
17064
16792
16856
17200
17304
17048
16984
17016
16896
16848
17056
17552
18200
18160
18128
17688
17512
16912
16432
16328
16808
17040
17264
17464
17072
16992
17064
17376
17568
17712
17536
17624
17592
17048
16696
17352
18120
18288
17512
17328
17576
17912
17816
18080
17760
17840
17480
16696
16592
16824
16768
16864
16712
17224
17576
17336
17184
16464
16520
16488
16544
16504
16616
16960
17920
19672
20984
22096
22632
21000
19720
17872
17200
17304
17152
16512
16640
17104
17368
16672
16904
17064
16880
16448
16496
16680
16800
16672
16496
16488
16632
16592
16424
16520
16640
17000
16832
16488
16464
16824
16568
16440
16656
16848
16728
16648
16768
16672
16800
16480
16560
16712
16792
16856
16920
16744
16616
16480
16656
16832
16984
16752
16664
16808
17048
16904
16920
16864
16952
17016
16760
16984
17184
17128
16992
17112
17240
17400
17272
17400
17584
17832
17640
17240
17592
17920
17816
17936
17880
18112
18152
18184
18488
18504
18304
18448
18504
18608
18440
18472
18448
18392
18168
17952
17960
18008
18176
17832
17624
17632
17568
17336
17136
17016
17264
17080
17000
17224
17416
17064
16904
17160
17352
17312
17040
16664
16920
17016
16936
16904
16976
17040
16864
16888
16992
17104
17008
16856
17072
17248
17008
16848
16992
17160
17064
16896
17112
17272
17168
17032
17000
17088
17104
16992
17064
17208
17120
16792
16728
16984
17128
16952
16920
17072
17144
16896
16904
16976
17128
16944
16832
16864
17016
16984
16784
16936
17024
16920
16832
16856
16920
16952
16720
16632
16856
16944
16768
16672
16904
16952
16688
16616
16704
16888
16760
16648
16808
16888
16616
16488
16672
16776
16720
16584
16592
16736
16728
16552
16632
16720
16768
16528
16512
16680
16832
16680
16520
16712
16880
16648
16528
16536
16736
16672
16616
16696
16864
16760
16336
16504
16648
16736
16512
16536
16640
16760
16480
16520
16616
16744
16584
16520
16640
16776
16560
16520
16672
16664
16704
16656
16640
16496
16424
16384
16472
16544
16624
16424
16472
16536
16704
16368
16432
16560
16656
16440
16528
16568
16688
16592
16680
16808
17000
16696
16432
16160
16440
16416
16416
16448
16504
16592
16432
16504
16592
16624
16456
16528
16704
16664
16376
16528
16520
16656
16392
16480
16488
16536
16528
16592
16656
16768
16632
16600
16760
16912
16880
16768
16928
17072
17240
17032
17072
17144
17240
17032
17192
17272
17376
16936
16416
16416
16528
16120
16352
16416
16496
16312
16408
16456
16608
16608
16256
15984
15904
16352
16680
17288
18720
20104
21464
22432
20544
18872
17224
16352
15680
16224
16440
16248
16160
16320
16336
16480
16104
16304
16264
16096
16136
16016
16336
16128
16264
16256
16336
16192
16240
16240
16432
16152
16232
16240
16376
16312
16568
16560
16000
15960
16080
16104
16304
16416
16352
16352
16280
16256
16128
16256
16472
16400
16400
16360
16248
16368
16136
16160
16336
16496
16264
16432
16464
16592
16448
16520
16408
16296
16472
16568
16696
16944
17008
16776
16656
16728
17056
17312
17528
17648
17640
17040
16888
17240
17464
17408
17496
17656
17768
17704
17992
17936
18176
18008
17888
17920
18040
17792
17456
17384
17272
17160
16952
16760
16824
16888
16864
16704
16704
16680
16664
16840
16896
16664
16400
16680
16440
16728
16792
16744
16528
16576
16520
16648
16432
16584
16184
16096
16120
16496
16720
16432
16504
16560
16544
16528
16360
16128
16408
16280
16400
16456
16544
16552
16592
16672
16888
16992
17024
16536
16568
16320
16240
16208
16536
16744
16384
16400
16544
16696
16400
16304
16280
16608
16664
16816
16816
16776
16480
16288
16296
16592
16128
16200
16160
16320
16344
16400
16296
16344
16520
16336
16488
16656
16632
16096
16208
16344
16632
16512
16496
16616
16224
16056
16240
16192
16440
16400
16336
16112
16288
16448
16488
16184
16376
16512
16568
16488
16320
16320
16192
16096
16080
16416
16336
16464
16104
16448
16112
16344
16176
16320
16328
16368
16272
16360
16344
16288
16152
16168
16416
16520
16400
16328
16464
16304
16032
16072
16400
16360
16352
16112
16264
16224
16248
16232
16368
16504
16528
16472
16544
16280
15584
15952
16200
16280
16376
16208
16192
16272
16328
16152
16032
16016
16016
16104
16328
16616
15968
16040
16104
16328
16104
16184
16168
16288
16296
16176
16200
16280
16368
16232
16016
16136
16272
16168
16144
16256
16360
16216
16048
16216
16224
15872
16176
16224
16376
16328
16416
16392
16624
16544
16568
16552
16920
17112
16808
16600
16464
16560
16472
16488
16496
16592
16464
16160
15920
16112
16080
15920
15968
16176
15928
15944
15840
16248
16472
15856
15600
15560
15864
16288
16704
17944
19664
21032
21928
20368
18464
17104
16048
15584
15760
16168
16104
15872
15864
15872
15976
15872
15784
15888
15896
16040
16104
15800
15752
15504
15560
15848
15752
15720
15792
15912
15808
15768
15848
15936
15664
15744
15792
15848
15896
15832
15808
15968
16176
16136
15448
15696
15888
15888
15688
15824
15952
15880
15776
15872
15968
15904
15936
15960
16048
15960
15992
15920
16056
16120
16136
16152
16216
16272
16160
16056
16248
16464
16336
16304
16400
16640
16640
16624
16656
16888
16912
16928
17032
17216
17224
17224
17264
17416
17488
17464
17432
17544
17616
17544
17424
17272
17248
17200
16984
17032
16912
16720
16456
16464
16616
16408
16320
16360
16528
16568
16392
16296
16320
16128
15992
15896
15976
15976
15912
15872
15944
16104
15992
15904
16000
16144
15984
15920
16008
16168
16040
16056
16120
16160
16120
16064
16080
16176
16160
16120
16024
16096
16240
16120
16088
16128
16224
16144
16080
16112
16264
16152
16136
16144
16272
16128
16072
16056
16216
16152
16128
16008
16088
16168
16104
16056
16184
16136
16064
15984
16080
16112
16088
16016
16080
16128
16056
15984
16008
16096
16024
15904
15864
16024
15968
15928
16008
15976
16072
16008
15952
16088
16160
15944
15936
16048
16144
16056
15848
15992
16144
16056
15920
15912
15968
15952
15880
15976
15976
15944
15944
15952
15992
15968
15880
15904
15968
16088
16008
15888
16000
16040
16016
16008
16032
16200
15968
15856
15960
16000
15912
15848
15896
16048
16040
16032
15880
15816
15984
15936
15920
15936
15984
15912
15976
16016
16096
15920
15856
15960
16072
15944
15896
15912
16032
15984
15912
15824
15904
15984
15904
15984
16096
15984
15840
15832
15976
16008
15856
15832
15904
16024
15920
15848
15912
16048
15904
15824
15928
16032
15936
15872
15944
16008
15928
15888
15928
16064
16120
15976
15920
16016
16160
16080
16048
16168
16264
16256
16160
16296
16488
16440
16424
16536
16640
16496
16440
16432
16504
16480
16248
16224
16144
16120
15960
15936
15920
15960
15760
15736
15808
15952
15864
15824
15800
15712
15320
15472
16008
17160
18672
20160
21456
21704
19280
17688
16552
15768
15720
15720
15824
15752
15800
15656
15648
15792
15880
15656
15504
15656
15808
15704
15656
15712
15776
15640
15568
15720
15736
15744
15648
15664
15752
15816
15672
15624
15688
15792
15680
15584
15696
15808
15704
15672
15792
15840
15672
15672
15720
15760
15720
15664
15688
15808
15744
15712
15752
15808
15920
15904
15872
15904
16000
15800
15848
15944
16096
16000
16008
16136
16192
16056
16088
16280
16392
16352
16360
16448
16488
16688
16680
16800
16952
17024
17024
17160
17280
17192
17208
17232
17336
17416
17280
17208
17232
17280
17064
17008
16936
16888
16704
16600
16576
16536
16472
16328
16288
16288
16312
16088
16120
16072
16152
15936
15936
15952
15992
15944
15936
15960
15872
15856
15840
15928
15992
15880
15824
15968
16072
15912
15784
15800
15856
16000
15880
15912
15952
16072
15928
15920
15992
16048
15952
15952
16040
16080
15984
15880
15992
16056
15984
15992
15976
16008
16120
16008
16040
15976
15952
15896
15952
16064
16040
15928
15920
16016
16072
15920
15816
15880
15976
15896
15856
15920
16008
15928
15880
15992
16008
15952
15848
15896
15952
15992
15864
15928
15936
15992
15896
15784
15872
15880
15832
15800
15936
15960
15744
15776
15944
16016
15960
15896
15888
15968
16016
15856
15792
15856
15968
15832
15856
15872
15904
15816
15840
15896
15936
15824
15816
15880
15936
15848
15800
15896
15896
15928
15904
15952
15896
15912
15816
15880
15952
15944
15768
15856
15992
16016
15832
15800
15856
15976
15824
15768
15840
15928
15856
15840
15856
15912
15872
15784
15904
15944
15944
15840
15864
15912
15904
15800
15920
15936
15968
15872
15784
15856
15960
15816
15864
15992
15992
15952
15824
15984
15896
15760
15800
15952
15992
16000
15848
15856
15872
15992
15848
15896
15928
16000
15880
15864
15968
15968
15816
15872
15888
16008
15920
15888
16000
16080
16016
15992
16072
16120
16064
16008
16160
16248
16160
16160
16296
16488
16560
16464
16528
16584
16632
16440
16408
16440
16368
16136
16048
16144
16080
15992
15856
15912
15920
15904
15832
15840
15864
15848
15712
15688
15432
15600
15808
16384
17912
19456
20824
21880
20576
18544
17160
16072
15880
15712
15904
15656
15744
15808
15768
15704
15744
15848
15824
15704
15680
15824
15816
15672
15608
15768
15808
15680
15648
15920
15832
15768
15656
15848
15800
15760
15680
15784
15848
15784
15664
15808
15848
15752
15752
15752
15888
15864
15736
15760
15896
15848
15712
15696
15856
15912
15864
15800
15984
16016
15984
15864
16072
16080
16096
15944
16056
16120
16200
16120
16200
16344
16376
16320
16376
16504
16552
16544
16616
16792
16896
16832
16808
17016
17168
17176
17104
17304
17440
17496
17432
17432
17504
17496
17360
17336
17272
17264
17040
17032
17032
16928
16688
16592
16680
16616
16424
16384
16504
16464
16392
16104
16168
16208
16160
16024
16168
16176
16112
16000
16032
16128
16128
15960
16016
16176
16160
15976
16008
16144
16104
16040
16040
16080
16160
16120
16080
16232
16216
16144
16024
16120
16264
16232
16096
16160
16240
16352
16232
16232
16304
16096
16104
16152
16272
16192
16144
16128
16280
16224
16128
16072
16176
16160
16136
16072
16152
16192
16176
16064
16096
16144
16216
16000
16080
16208
16160
16080
16072
16144
16160
16128
16064
16088
16080
16104
16024
16136
16168
16104
16032
16184
16216
16152
15960
16056
16168
16168
16016
16072
16104
16144
16008
16032
16184
16160
16128
16016
16128
16144
16112
16024
16200
16216
16176
16032
16120
16176
16128
15984
16040
16152
16144
16000
16056
16192
16152
16000
16064
16216
16168
16040
16032
16144
16128
16120
16024
16112
16168
16120
16008
16088
16112
16088
16024
16080
16184
16144
16032
16064
16248
16184
16136
16040
16216
16192
16192
16008
16112
16136
16112
16128
16144
16184
16120
16032
16168
16216
16128
16032
16120
16200
16128
16008
16120
16216
16128
16136
16080
16232
16200
16152
16064
16200
16256
16200
16064
16168
16208
16152
16056
16184
16288
16200
16064
16120
16256
16232
16056
16120
16296
16208
16072
16096
16232
16216
16240
16136
16248
16304
16352
16312
16368
16400
16480
16384
16480
16688
16720
16664
16736
16888
16824
16704
16728
16720
16776
16624
16472
16496
16336
16232
16080
16192
16128
16128
16048
16168
16208
16104
16032
16088
16128
15880
15544
15864
16344
17144
18512
20120
21760
22368
19976
18200
17112
16240
16040
16008
16288
16176
16024
15952
16024
16016
15984
15848
15984
16040
16032
15896
15896
16008
15992
15880
15960
16072
15960
15856
15896
16016
16008
15888
15920
16056
16048
15992
15872
15968
16024
15936
15888
16048
16096
16000
15832
16024
16072
16032
15880
15968
16144
16064
15960
15960
16136
16088
16056
15952
16296
16192
16176
16032
16240
16248
16160
16112
16456
16456
16408
16288
16504
16680
16640
16568
16624
16856
16864
16776
16896
17144
17192
17152
17176
17408
17432
17424
17392
17632
17720
17584
17512
17648
17648
17424
17280
17312
17352
17240
16960
16864
16968
16816
16672
16520
16720
16624
16480
16384
16480
16448
16336
16272
16336
16384
16240
16144
16248
16296
16216
16152
16208
16304
16264
16128
16176
16328
16224
16176
16168
16280
16232
16136
16160
16224
16280
16184
16176
16344
16384
16192
16192
16328
16360
16280
16176
16320
16464
16392
16256
16312
16384
16368
16264
16240
16376
16400
16296
16272
16424
16368
16264
16176
16360
16448
16328
16192
16256
16408
16280
16184
16256
16392
16232
16160
16192
16328
16264
16184
16216
16352
16312
16216
16208
16368
16328
16232
16128
16256
16344
16248
16136
16216
16296
16184
16128
16200
16336
16280
16128
16256
16304
16256
16168
16128
16288
16280
16200
16152
16248
16288
16192
16128
16248
16312
16224
16128
16272
16376
16304
16120
16152
16336
16320
16144
16176
16328
16264
16192
16216
16336
16304
16192
16168
16240
16344
16176
16120
16256
16336
16200
16120
16256
16376
16328
16160
16224
16352
16304
16216
16200
16360
16272
16104
16208
16288
16328
16208
16224
16312
16472
16288
16176
16264
16320
16224
16088
16272
16312
16176
16168
16304
16440
16264
16136
16224
16336
16304
16184
16200
16384
16320
16280
16224
16272
16384
16240
16160
16240
16328
16264
16160
16352
16480
16280
16216
16216
16352
16296
16224
16248
16352
16280
16208
16272
16352
16376
16248
16256
16344
16368
16224
16176
16296
16392
16256
16136
16288
16392
16264
16168
16368
16488
16376
16176
16288
16416
16384
16320
16368
16496
16552
16392
16392
16584
16664
16600
16600
16816
17024
16888
16776
16880
16992
16792
16728
16856
16864
16664
16328
16280
16360
16240
16184
16192
16376
16264
16104
16048
16208
16272
16120
15824
15776
15992
16240
16832
18456
20168
21512
22352
20416
18712
17288
16232
16096
16248
16328
16072
16048
16168
16248
16080
15984
16104
16160
16008
15920
16064
16160
16016
15880
15984
16104
16056
15904
16056
16112
16064
16008
16032
16104
16120
15976
16032
16136
16168
16016
15936
16120
16144
16048
15976
16056
16136
16032
15968
16088
16208
16136
16032
16088
16264
16208
16120
16200
16240
16240
16128
16168
16312
16416
16200
16168
16400
16472
16352
16336
16544
16704
16664
16576
16712
16872
16840
16784
16904
17136
17200
17160
17320
17472
17512
17456
17472
17608
17768
17640
17608
17744
17768
17608
17544
17656
17648
17384
17168
17208
17240
17072
16800
16816
16840
16712
16632
16560
16672
16608
16416
16472
16576
16488
16296
16264
16408
16512
16280
16152
16304
16432
16304
16224
16320
16440
16320
16280
16264
16376
16256
16208
16280
16408
16360
16184
16272
16408
16480
16344
16296
16496
16592
16440
16280
16432
16544
16416
16344
16408
16544
16400
16296
16416
16592
16488
16344
16328
16488
16592
16344
16384
16432
16512
16312
16216
16352
16464
16328
16248
16432
16520
16344
16176
16344
16520
16384
16256
16344
16408
16368
16264
16288
16400
16416
16280
16272
16424
16376
16184
16184
16392
16456
16240
16208
16328
16472
16312
16280
16336
16464
16344
16232
16288
16416
16360
16184
16256
16448
16376
16216
16168
16384
16440
16240
16152
16320
16424
16248
16224
16368
16448
16264
16240
16384
16464
16312
16200
16320
16416
16376
16192
16248
16376
16376
16240
16280
16472
16440
16272
16168
16360
16384
16320
16184
16352
16464
16288
16176
16344
16456
16360
16272
16320
16416
16384
16280
16360
16416
16352
16224
16232
16400
16400
16208
16168
16400
16472
16328
16232
16400
16488
16288
16256
16344
16488
16352
16264
16320
16448
16424
16256
16328
16456
16424
16192
16200
16456
16496
16296
16256
16424
16512
16328
16288
16448
16520
16344
16272
16416
16544
16384
16248
16376
16448
16352
16240
16296
16424
16440
16288
16248
16416
16464
16336
16328
16424
16544
16368
16344
16512
16608
16568
16456
16592
16792
16640
16512
16704
16896
16976
16744
16888
16992
17000
16840
16784
16952
16928
16720
16584
16696
16656
16288
16200
16376
16448
16304
16168
16200
16304
16256
16144
16240
16256
15912
15688
16016
16640
17848
19232
20832
22336
21904
19400
17856
16928
16384
16120
16280
16320
16288
16104
16016
16168
16304
16160
16008
16096
16208
16096
15976
16088
16256
16288
16064
16008
16248
16264
16072
16016
16200
16264
16088
15968
16136
16280
16112
15992
16136
16272
16160
16008
16136
16232
16120
16080
16088
16248
16232
16064
16088
16256
16296
16192
16088
16240
16352
16208
16096
16328
16456
16384
16232
16400
16488
16440
16272
16496
16632
16576
16504
16568
16816
16888
16696
16680
17032
17144
17088
17040
17304
17448
17352
17416
17600
17720
17704
17616
17768
17896
17832
17672
17776
17840
17696
17432
17432
17520
17384
17096
16976
17080
17000
16784
16672
16800
16864
16600
16504
16648
16688
16448
16368
16440
16584
16456
16240
16344
16432
16360
16192
16264
16400
16352
16216
16224
16400
16504
16240
16152
16336
16456
16304
16224
16488
16520
16368
16272
16392
16528
16432
16304
16424
16544
16448
16312
16368
16584
16592
16376
16376
16504
16576
16416
16344
16496
16560
16432
16408
16528
16592
16440
16376
16464
16488
16456
16232
16376
16544
16440
16328
16328
16496
16488
16328
16312
16400
16504
16272
16288
16464
16432
16336
16272
16472
16536
16368
16240
16368
16416
16376
16232
16344
16432
16384
16224
16240
16480
16472
16296
16280
16440
16480
16312
16256
16440
16552
16352
16296
16416
16456
16288
16232
16384
16424
16392
16256
16296
16408
16384
16200
16256
16504
16488
16288
16240
16352
16536
16256
16272
16456
16496
16264
16224
16424
16472
16328
16208
16392
16520
16416
16184
16304
16488
16464
16288
16368
16496
16464
16312
16288
16384
16472
16272
16256
16408
16464
16320
16224
16416
16544
16368
16248
16416
16464
16424
16224
16336
16464
16456
16256
16328
16520
16400
16296
16224
16440
16464
16264
16264
16488
16544
16352
16248
16424
16480
16344
16224
16384
16488
16320
16208
16304
16504
16448
16240
16264
16432
16456
16248
16232
16408
16512
16312
16296
16432
16488
16352
16280
16432
16536
16392
16288
16432
16536
16416
16192
16320
16440
16480
16280
16352
16576
16472
16288
16344
16520
16648
16416
16440
16616
16688
16496
16472
16672
16768
16640
16576
16856
17136
17000
16848
16928
17112
17008
16808
16832
17000
16888
16624
16504
16600
16544
16336
16320
16512
16432
16224
16176
16280
16416
16280
16128
16080
15944
15968
16176
16896
18488
20024
21344
22536
21200
19080
17416
16360
16240
16360
16376
16280
16272
16384
16192
16088
16168
16240
16152
16016
16088
16224
16160
15992
16040
16208
16176
16008
16024
16264
16296
16112
16048
16208
16232
16048
16008
16224
16288
16120
15968
16176
16248
16112
15960
16120
16264
16192
16032
16048
16256
16240
16032
16112
16312
16320
16176
16216
16312
16344
16200
16104
16328
16464
16280
16224
16368
16520
16392
16376
16488
16672
16648
16488
16656
16864
16896
16712
16920
17184
17224
17064
17112
17376
17544
17456
17472
17736
17840
17664
17608
17800
17872
17784
17624
17728
17752
17576
17352
17304
17312
17248
16888
16800
17024
16992
16712
16632
16728
16664
16496
16408
16552
16632
16440
16352
16488
16536
16368
16208
16336
16520
16416
16240
16264
16384
16368
16184
16208
16384
16400
16192
16208
16376
16424
16248
16160
16384
16536
16360
16256
16408
16512
16400
16264
16328
16480
16384
16296
16376
16520
16568
16384
16352
16504
16584
16296
16320
16480
16512
16336
16272
16440
16544
16368
16232
16384
16440
16376
16192
16368
16488
16416
16224
16296
16512
16472
16224
16256
16352
16392
16256
16216
16368
16464
16296
16224
16336
16448
16272
16128
16328
16480
16312
16144
16288
16464
16384
16192
16256
16408
16392
16200
16232
16360
16408
16160
16240
16384
16464
16200
16192
16344
16456
16272
16160
16320
16416
16360
16192
16256
16344
16312
16176
16264
16480
16456
16216
16232
16392
16400
16208
16208
16336
16456
16248
16176
16296
16376
16280
16200
16288
16448
16352
16272
16368
16472
16352
16144
16216
16408
16376
16184
16248
16400
16488
16272
16208
16440
16456
16272
16208
16384
16432
16312
16152
16296
16400
16320
16264
16392
16512
16416
16104
16208
16376
16416
16256
16272
16392
16400
16264
16232
16440
16456
16296
16152
16320
16432
16336
16184
16320
16408
16376
16232
16336
16472
16424
16240
16352
16464
16464
16208
16248
16392
16400
16272
16288
16432
16544
16272
16208
16384
16480
16328
16232
16336
16424
16320
16184
16392
16512
16432
16216
16376
16488
16424
16256
16320
16384
16448
16384
16336
16424
16464
16264
16384
16432
16528
16448
16328
16520
16664
16584
16464
16552
16728
16760
16704
16840
16976
17016
16888
16888
17024
16984
16800
16800
16784
16712
16408
16288
16416
16512
16336
16152
16200
16344
16328
16184
16184
16336
16304
15952
15808
16000
16280
16640
18032
19752
21272
22280
21032
19056
17728
16448
16040
16096
16408
16232
15976
16104
16264
16176
16024
16104
16200
16184
15976
16016
16200
16232
16016
16000
16160
16240
16040
16040
16112
16208
16080
16024
16064
16120
16072
15960
16072
16208
16168
16000
16104
16224
16216
15976
16048
16184
16168
15992
16072
16168
16200
16064
16040
16264
16256
16160
16096
16264
16336
16288
16152
16232
16392
16400
16248
16320
16472
16448
16400
16448
16656
16672
16584
16632
16896
16936
16960
16928
17072
17280
17232
17232
17432
17576
17536
17504
17680
17808
17792
17624
17776
17880
17840
17552
17544
17624
17544
17256
17200
17200
17168
16920
16792
16888
16928
16688
16544
16680
16656
16568
16448
16472
16568
16480
16312
16328
16432
16384
16232
16304
16440
16400
16280
16312
16408
16384
16232
16288
16376
16456
16256
16144
16336
16456
16304
16216
16360
16480
16440
16312
16352
16520
16480
16352
16408
16536
16512
16360
16376
16464
16536
16312
16328
16512
16576
16432
16320
16496
16520
16424
16304
16416
16480
16400
16256
16384
16504
16408
16256
16288
16360
16392
16264
16288
16424
16440
16352
16272
16384
16448
16304
16240
16376
16448
16360
16248
16368
16448
16384
16200
16304
16448
16368
16192
16248
16400
16344
16176
16256
16384
16416
16256
16248
16368
16440
16296
16224
16352
16440
16400
16176
16296
16384
16384
16216
16280
16400
16344
16128
16240
16400
16352
16200
16224
16392
16392
16256
16232
16384
16472
16328
16184
16384
16408
16312
16176
16320
16424
16336
16152
16312
16384
16368
16192
16216
16368
16392
16248
16256
16472
16368
16248
16272
16384
16384
16256
16168
16320
16384
16280
16184
16320
16448
16328
16160
16288
16464
16392
16288
16224
16360
16312
16264
16288
16456
16432
16224
16184
16424
16440
16272
16168
16336
16416
16288
16160
16288
16440
16416
16256
16288
16360
16368
16208
16344
16464
16392
16232
16216
16432
16464
16304
16224
16424
16432
16264
16224
16352
16424
16328
16256
16320
16424
16376
16224
16344
16456
16464
16256
16272
16440
16432
16208
16240
16432
16432
16320
16336
16480
16488
16272
16208
16368
16496
16424
16352
16488
16664
16560
16376
16552
16744
16696
16680
16840
16992
17016
16904
16904
16976
16968
16736
16744
16912
16792
16560
16344
16440
16464
16328
16152
16296
16392
16296
16128
16264
16416
16384
16160
15952
15832
16000
16288
17200
18920
20504
21840
22416
20248
18536
17144
16168
16192
16344
16360
16144
16160
16216
16144
16008
16112
16256
16176
16048
16080
16232
16224
16064
16064
16144
16160
16088
15984
16136
16200
16104
16040
16144
16224
16096
15984
16072
16224
16200
15984
16072
16224
16176
16016
16104
16216
16168
16064
16056
16232
16240
16160
16088
16296
16344
16224
16048
16240
16352
16272
16200
16264
16488
16448
16248
16400
16528
16520
16408
16512
16696
16688
16592
16696
16864
16904
16784
16912
17136
17280
17184
17232
17440
17608
17568
17440
17688
17872
17840
17672
17848
18016
17880
17528
17584
17704
17648
17344
17304
17384
17288
17008
16888
16912
16880
16728
16616
16784
16728
16672
16424
16504
16608
16504
16280
16448
16592
16512
16232
16304
16424
16368
16216
16328
16496
16416
16272
16296
16384
16416
16280
16208
16392
16472
16416
16208
16392
16496
16424
16168
16384
16560
16488
16256
16400
16504
16448
16304
16352
16520
16560
16376
16344
16448
16512
16416
16368
16488
16512
16448
16264
16456
16496
16464
16280
16456
16536
16520
16248
16360
16424
16432
16240
16296
16456
16472
16328
16280
16432
16448
16368
16200
16416
16440
16384
16200
16368
16480
16416
16168
16352
16440
16400
16192
16320
16384
16336
16248
16224
16360
16416
16264
16216
16448
16472
16328
16176
16384
16480
16352
16160
16352
16448
16384
16200
16352
16424
16384
16192
16280
16376
16344
16208
16256
16400
16368
16256
16288
16392
16408
16384
16216
16304
16392
16352
16128
16408
16456
16384
16216
16344
16432
16384
16224
16312
16400
16432
16272
16344
16448
16440
16344
16192
16408
16496
16328
16208
16400
16472
16400
16184
16328
16432
16368
16112
16296
16416
16432
16304
16368
16472
16424
16248
16352
16432
16416
16304
16192
16480
16464
16408
16216
16352
16448
16376
16216
16352
16464
16392
16176
16392
16424
16376
16248
16368
16504
16472
16256
16336
16496
16448
16344
16344
16504
16480
16272
16160
16432
16440
16384
16248
16392
16504
16424
16248
16400
16512
16424
16296
16376
16464
16448
16384
16384
16456
16496
16400
16296
16456
16520
16416
16288
16512
16568
16432
16184
16368
16560
16472
16280
16456
16608
16624
16488
16528
16720
16696
16608
16624
16784
16848
16928
16784
17032
17064
17032
16808
16992
17080
17000
16648
16736
16760
16520
16224
16432
16488
16384
16200
16312
16504
16384
16264
16248
16448
16320
15872
15688
16216
16640
17760
19136
20912
22320
22072
19480
18128
17024
16256
15968
16384
16584
16304
16032
16104
16320
16336
16168
16072
16208
16208
16112
16024
16168
16240
16128
16024
16216
16272
16152
15984
16216
16312
16144
15960
16088
16240
16160
16008
16152
16216
16192
16024
16024
16304
16288
16120
16072
16240
16312
16136
16040
16160
16248
16240
16080
16264
16368
16264
16064
16264
16440
16336
16208
16272
16496
16472
16360
16320
16608
16640
16544
16456
16768
16792
16800
16712
16952
17048
17016
16960
17200
17376
17360
17296
17528
17672
17656
17608
17656
17904
17952
17792
17768
17928
17888
17688
17552
17656
17584
17304
17072
17240
17216
17032
16784
16928
16944
16800
16480
16624
16752
16568
16408
16432
16560
16536
16432
16384
16576
16536
16408
16272
16488
16448
16360
16192
16480
16480
16360
16224
16392
16496
16384
16216
16352
16496
16368
16328
16376
16584
16496
16296
16296
16544
16544
16448
16352
16544
16592
16456
16360
16544
16576
16416
16368
16488
16600
16504
16288
16448
16576
16520
16416
16424
16520
16464
16384
16280
16560
16496
16400
16312
16504
16504
16352
16256
16456
16536
16376
16208
16384
16536
16432
16200
16392
16504
16384
16256
16280
16456
16400
16280
16320
16536
16392
16304
16272
16392
16408
16288
16168
16408
16504
16424
16232
16344
16456
16328
16232
16336
16472
16416
16264
16328
16464
16360
16240
16248
16480
16424
16328
16176
16384
16464
16360
16240
16344
16400
16352
16312
16344
16352
16272
16144
16296
16472
16360
16248
16248
16472
16400
16344
16224
16448
16424
16360
16208
16408
16440
16272
16192
16376
16472
16248
16144
16344
16496
16376
16232
16272
16400
16384
16296
16280
16480
16400
16272
16240
16488
16440
16272
16176
16376
16456
16280
16208
16368
16480
16320
16208
16368
16464
16392
16184
16256
16496
16376
16328
16288
16520
16408
16296
16168
16408
16424
16336
16200
16392
16464
16376
16224
16400
16480
16376
16240
16384
16512
16384
16152
16304
16480
16360
16296
16304
16520
16472
16288
16256
16464
16432
16336
16224
16424
16464
16296
16208
16432
16600
16384
16256
16296
16488
16384
16216
16336
16528
16472
16360
16328
16472
16424
16320
16272
16472
16448
16328
16208
16424
16552
16344
16208
16384
16512
16424
16248
16328
16560
16432
16376
16440
16656
16512
16416
16456
16752
16744
16560
16472
16840
17000
16832
16760
16960
17088
16944
16800
16904
17000
16864
16624
16672
16696
16480
16384
16384
16504
16312
16280
16232
16472
16432
16208
16152
16360
16152
15688
15800
16416
17344
18704
20192
21776
22768
20512
18536
17208
16544
16248
16200
16272
16344
16224
16112
16120
16264
16272
16080
16040
16224
16248
16064
15944
16160
16272
16056
15976
16096
16272
16128
16008
16176
16328
16096
16048
16080
16208
16096
16024
16040
16232
16232
16096
16024
16184
16264
16088
16008
16184
16224
16120
15992
16144
16296
16112
16008
16168
16352
16248
16208
16256
16400
16336
16224
16152
16384
16432
16368
16312
16480
16608
16496
16504
16632
16800
16672
16672
16888
17096
17008
16944
17184
17392
17376
17344
17400
17704
17760
17664
17584
17752
17856
17736
17688
17784
17832
17536
17424
17496
17536
17240
17048
17104
17184
16912
16752
16808
16912
16704
16624
16528
16744