16080
16064
15928
15904
16080
16208
16008
15880
16064
16248
16080
16064
16376
17200
18448
19320
19512
18960
17656
16696
16384
16192
15936
15784
15720
16008
16256
16128
16136
16304
16416
16208
16144
16296
16480
16280
16176
16312
16496
16328
16240
16352
16472
16384
16328
16408
16584
16600
16440
16416
16616
16704
16520
16464
16680
16696
16584
16544
16760
16904
16784
16672
16808
17000
16880
16792
16960
17200
17152
17072
17216
17424
17400
17320
17392
17592
17712
17560
17512
17744
17896
17680
17584
17760
17848
17632
17448
17488
17496
17160
16952
16952
16968
16768
16544
16488
16616
16480
16312
16280
16336
16424
16184
16104
16272
16328
16128
16032
16168
16344
16128
15992
16160
16320
16120
15992
16144
16320
16216
16096
16128
16296
16240
16112
16104
16264
16328
16168
16120
16248
16368
16224
16136
16264
16464
16288
16192
16296
16376
16256
16136
16240
16392
16296
16184
16208
16304
16328
16112
16152
16312
16360
16144
16120
16312
16376
16192
16104
16248
16432
16200
16120
16240
16392
16256
16104
16224
16352
16288
16152
16224
16384
16312
16160
16216
16368
16416
16224
16168
16272
16456
16248
16144
16320
16424
16224
16152
16288
16456
16240
16144
16256
16408
16272
16152
16192
16376
16384
16192
16200
16392
16424
16248
16200
16368
16440
16256
16168
16320
16504
16400
16296
16424
16536
16472
16328
16552
16768
16704
16504
16600
16712
16664
16464
16392
16536
16528
16296
16184
16312
16416
16176
16000
16200
16296
16144
16024
16168
16272
16128
16048
16136
16288
16200
16096
16144
16256
16288
16160
16200
16400
16624
17008
18032
19592
19848
19368
18088
17280
16832
16400
16016
16104
16176
16056
16168
16352
16568
16512
16344
16368
16536
16520
16368
16384
16520
16608
16464
16376
16576
16664
16480
16392
16592
16696
16584
16488
16616
16784
16640
16488
16656
16816
16744
16648
16656
16840
16848
16688
16720
16960
17032
16888
16864
17072
17192
17056
17008
17216
17432
17328
17272
17472
17672
17536
17464
17616
17840
17736
17664
17752
17920
17848
17648
17616
17688
17632
17320
17184
17184
17160
16872
16696
16760
16808
16568
16328
16504
16568
16384
16216
16304
16424
16304
16136
16184
16320
16320
16136
16080
16288
16336
16112
16040
16216
16328
16104
15984
16200
16296
16160
16032
16208
16320
16136
16040
16120
16304
16240
16112
16128
16296
16256
16080
16072
16240
16288
16120
16096
16264
16376
16088
15928
16160
16344
16128
16056
16208
16352
16176
16056
16112
16280
16200
16056
16112
16272
16256
16048
16064
16240
16264
16112
16032
16216
16312
16088
15968
16152
16312
16144
16016
16168
16304
16104
15984
16120
16256
16192
16032
16104
16256
16200
16008
15976
16200
16216
16048
16008
16136
16216
16056
15912
16112
16248
16088
15944
16072
16184
16048
15976
16024
16192
16136
16000
16072
16256
16224
16072
16104
16240
16352
16168
16152
16368
16496
16336
16224
16448
16536
16368
16160
16272
16384
16160
15992
16032
16160
16096
15848
15896
16016
15944
15784
15832
15928
16000
15848
15800
16000
16064
15832
15776
15944
16136
15984
15832
15992
16200
16160
16640
18064
19368
19336
18608
17432
16744
16344
15904
15608
15808
15792
15696
15840
16104
16152
15992
15880
16024
16200
16064
15976
16128
16248
16040
15952
16080
16232
16136
16040
16112
16288
16184
16080
16144
16296
16328
16200
16136
16296
16392
16232
16136
16328
16456
16368
16280
16424
16576
16440
16336
16544
16672
16640
16600
16688
16904
16944
16816
16920
17112
17248
17120
17128
17336
17448
17264
17200
17336
17520
17304
17168
17216
17304
17040
16840
16784
16840
16576
16360
16272
16368
16224
15984
15856
16016
16016
15800
15728
15872
15968
15752
15632
15728
15856
15688
15600
15744
15904
15696
15592
15648
15824
15704
15624
15632
15816
15776
15640
15584
15776
15824
15608
15552
15776
15856
15704
15608
15800
15864
15712
15608
15784
15936
15720
15616
15736
15888
15792
15616
15656
15840
15792
15600
15608
15784
15784
15616
15552
15712
15816
15576
15520
15696
15760
15624
15496
15672
15800
15624
15504
15600
15744
15680
15544
15552
15712
15672
15520
15488
15656
15696
15568
15504
15656
15776
15496
15416
15584
15712
15544
15440
15624
15760
15576
15488
15544
15688
15576
15464
15504
15672
15632
15416
15424
15608
15648
15448
15384
15616
15712
15544
15464
15680
15848
15704
15560
15776
15992
15816
15728
15840
16040
15920
15720
15728
15904
15784
15584
15480
15592
15576
15440
15344
15456
15536
15320
15216
15432
15528
15392
15248
15400
15584
15416
15280
15424
15512
15440
15264
15304
15448
15576
15664
16424
18088
18848
18592
17576
16512
16064
15688
15256
15208
15376
15216
15232
15512
15704
15528
15440
15560
15712
15640
15456
15544
15688
15664
15520
15512
15712
15744
15608
15576
15704
15824
15680
15600
15736
15872
15768
15672
15816
16040
15864
15784
15840
16040
15968
15840
15944
16104
16152
16016
16080
16248
16368
16240
16240
16440
16592
16464
16424
16656
16800
16712
16680
16824
17040
16896
16832
16952
17112
17024
16848
16840
16920
16832
16584
16432
16496
16448
16144
16008
16104
16096
15800
15656
15800
15808
15656
15496
15640
15728
15592
15400
15464
15632
15544
15424
15448
15656
15600
15416
15352
15552
15584
15392
15408
15560
15664
15472
15416
15592
15696
15576
15480
15608
15728
15624
15496
15536
15712
15664
15496
15600
15720
15624
15480
15520
15688
15736
15576
15488
15664
15720
15536
15440
15632
15696
15528
15464
15624
15664
15584
15440
15504
15648
15608
15512
15560
15664
15656
15504
15496
15624
15680
15504
15488
15632
15696
15512
15456
15568
15704
15584
15472
15568
15680
15552
15440
15488
15632
15576
15528
15568
15712
15672
15512
15544
15656
15688
15512
15488
15648
15672
15504
15480
15640
15768
15592
15600
15736
15840
15760
15656
15768
15896
15896
15824
15872
15976
16008
15888
15848
15944
15872
15720
15584
15720
15744
15520
15424
15544
15592
15432
15352
15480
15600
15504
15368
15440
15584
15552
15440
15528
15648
15592
15440
15464
15576
15680
15576
15664
16304
17360
18752
18920
18896
17768
16624
15960
15776
15512
15344
15232
15368
15672
15760
15680
15744
15920
15936
15784
15712
15952
16008
15832
15784
15992
16064
15864
15848
16040
16152
15976
15880
16032
16208
16064
15992
16104
16256
16120
16104
16136
16352
16352
16088
16160
16384
16472
16360
16312
16504
16688
16496
16456
16704
16880
16704
16704
16896
17120
17048
16984
17136
17352
17312
17256
17304
17528
17528
17312
17344
17480
17408
17192
17008
17096
17048
16696
16536
16616
16632
16360
16216
16296
16376
16200
16008
16144
16120
16016
15904
15968
16152
16096
15888
15832
16008
16112
15912
15888
16088
16168
15872
15752
15984
16104
15920
15888
16000
16224
16048
15856
15984
16136
16152
16000
16056
16256
16200
16008
15992
16104
16248
16080
15960
16272
16304
15984
15944
16152
16272
16080
16008
16152
16312
16120
15968
16008
16240
16192
16064
16088
16264
16272
16056
15960
16168
16280
16072
15976
16216
16312
16072
15904
16112
16328
16088
15944
16144
16296
16160
15936
16056
16272
16200
15968
16048
16264
16192
16056
16008
16200
16280
16072
15992
16240
16360
16120
15960
16216
16368
16176
16000
16256
16400
16256
16048
16224
16456
16400
16264
16304
16528
16568
16416
16432
16624
16648
16488
16448
16648
16720
16440
16312
16448
16528
16288
16088
16224
16360
16152
16056
16136
16264
16208
16024
16128
16272
16264
16040
16056
16256
16304
16080
16088
16272
16480
16232
16168
16512
16872
17632
19016
19552
19672
18528
17336
16608
16520
16128
15976
15952
16112
16264
16304
16312
16432
16520
16304
16280
16424
16552
16344
16336
16480
16584
16464
16368
16528
16696
16552
16456
16552
16728
16624
16512
16576
16760
16760
16608
16592
16776
16792
16640
16624
16840
16936
16776
16640
16888
17040
16880
16912
17096
17264
17208
17064
17192
17400
17408
17336
17424
17632
17680
17496
17568
17712
17848
17712
17704
17864
17904
17648
17496
17568
17568
17296
17088
17088
17096
16864
16592
16656
16680
16512
16320
16352
16456
16392
16200
16160
16328
16344
16168
16112
16280
16384
16160
16016
16184
16296
16088
16024
16144
16296
16160
16048
16104
16248
16136
16024
16064
16232
16200
16040
16032
16200
16256
16064
15984
16200
16336
16152
16016
16168
16288
16088
15976
16144
16320
16216
16024
16128
16280
16152
16056
16088
16216
16224
16040
15976
16184
16200
16000
15984
16168
16224
16032
15912
16104
16208
16088
15936
16112
16240
16064
15968
16024
16160
16120
15984
16064
16192
16168
15976
15944
16168
16216
16024
15968
16152
16272
16024
15928
16112
16232
16080
16024
16192
16344
16240
16120
16232
16368
16360
16248
16368
16536
16552
16376
16288
16344
16392
16248
16048
16208
16216
15984
15880
16000
16032
15896
15800
15912
16040
15936
15824
15928
16000
15968
15816
15856
16016
16048
15864
15840
15928
16040
16000
16216
17248
18832
19056
18792
17824
16928
16288
16032
15776
15872
15712
15584
15808
16072
16080
15976
15968
16176
16208
16000
16000
16184
16240
16024
15984
16168
16256
16040
16016
16192
16328
16144
16056
16256
16408
16280
16176
16232
16384
16360
16232
16304
16520
16504
16352
16344
16504
16616
16432
16424
16664
16840
16712
16656
16800
17000
16896
16872
17064
17256
17120
17040
17200
17336
17336
17200
17240
17432
17448
17280
17160
17296
17256
16976
16848
16896
16896
16576
16336
16384
16432
16192
16016
16040
16224
16000
15856
15832
15992
15936
15728
15792
15928
15936
15704
15656
15904
15944
15720
15640
15840
15936
15760
15664
15768
15912
15776
15696
15792
15936
15808
15688
15792
15920
15928
15760
15800
15968
15936
15760
15752
15872
15952
15768
15712
15888
16008
15824
15696
15816
15968
15776
15688
15856
16000
15840
15712
15792
15960
15872
15744
15760
15896
15904
15728
15712
15816
15888
15736
15664
15824
15912
15760
15664
15768
15952
15784
15672
15792
15952
15800
15656
15760
15912
15864
15672
15768
15992
16016
15880
15872
16072
16112
15952
15920
16160
16296
16128
15992
16168
16360
16120
15976
16056
16168
16016
15848
15840
15968
15896
15672
15672
15840
15856
15624
15632
15792
15856
15640
15560
15792
15928
15720
15624
15736
15912
15744
15656
15768
16040
16032
16592
17920
19216
19128
18312
17096
16552
16272
15800
15440
15608
15616
15576
15696
16000
16104
15944
15792
15968
16096
15936
15808
16016
16192
16072
15904
16016
16280
16208
16056
16080
16272
16232
16032
16048
16200
16368
16168
16016
16240
16424
16320
16032
16176
16480
16472
16320
16400
16536
16416
16320
16440
16656
16624
16440
16512
16888
17008
16944
16992
17128
17240
17048
17112
17352
17456
17312
17216
17296
17560
17304
17136
17280
17440
17120
16664
16720
16968
16736
16328
16256
16432
16360
16232
16128
16152
16136
15936
15896
16000
16160
15984
15888
15968
16000
15824
15792
16056
16168
15960
15872
15880
15912
15920
15928
15920
16000
16024
15928
15936
16064
16160
16016
15840
15984
16064
16016
15928
16056
16200
15992
15824
16080
16192
16032
15984
15968
16152
16080
15880
15768
16064
16192
15952
15960
16016
15992
15944
15856
16032
16088
15864
15832
15936
16128
15936
15792
15968
16088
15888
15752
15920
16160
16000
15776
15864
16024
16112
15872
15696
15984
16104
15944
15752
15864
16032
15904
15904
15976
16120
15952
15976
16128
16240
16160
16032
16120
16336
16208
16088
16184
16296
16544
16216
16152
16312
16264
16088
15920
16064
16024
15960
15728
15824
15928
15824
15760
15856
16000
15936
15760
15888
15992
15800
15816
15848
16000
15968
15856
15880
15984
16112
16056
16128
17208
18800
19416
19296
18576
17632
16584
16080
15936
15976
15816
15480
15776
16208
16216
16064
16008
16184
16280
16072
16040
16248
16312
16080
16064
16288
16408
16240
16120
16264
16416
16232
16136
16288
16456
16488
16288
16360
16456
16472
16304
16400
16520
16600
16416
16432
16656
16712
16584
16536
16744
16904
16744
16696
16880
17088
16920
16896
17160
17328
17184
17096
17280
17456
17432
17352
17344
17568
17648
17432
17352
17464
17480
17208
17000
17032
17016
16744
16528
16552
16576
16392
16184
16168
16384
16224
16056
16072
16160
16136
15984
15952
16064
16072
15960
15864
16040
16128
15928
15832
15992
16120
15904
15800
15976
16096
16008
15840
16008
16128
16024
15904
16000
16160
16120
15920
16008
16168
16168
16008
16000
16088
16248
16000
15960
16176
16296
16088
15976
16048
16256
16136
15960
16064
16232
16152
15984
16032
16168
16136
15920
15904
16144
16128
16000
16000
16128
16184
16008
15912
16080
16232
16016
15856
16080
16256
16096
15944
16032
16144
16072
15952
15960
16184
16144
15912
15976
16184
16152
16016
15968
16136
16192
16016
15904
16096
16312
16240
16120
16304
16448
16224
16120
16328
16560
16448
16280
16336
16472
16384
16136
16144
16256
16312
16016
15944
16008
16160
15872
15848
15968
16104
15904
15744
15968
16120
15904
15768
15976
16160
16016
15792
15928
16224
16056
15896
15904
16280
16664
17424
18952
19352
19320
18080
17016
16512
16408
15848
15744
15784
15888
15912
15960
16144
16312
16160
16056
16136
16264
16184
16048
16056
16296
16312
16048
16088
16296
16392
16208
16104
16264
16464
16256
16128
16320
16408
16312
16136
16296
16456
16440
16312
16400
16592
16504
16432
16456
16568
16664
16520
16576
16664
16872
16784
16736
16904
17112
17000
16920
17112
17336
17208
17136
17288
17504
17456
17296
17352
17480
17432
17192
17192
17176
17152
16792
16664
16688
16616
16376
16088
16240
16336
16048
15864
15984
16136
15904
15784
15848
15968
15928
15720
15768
15912
15888
15688
15728
15920
15888
15744
15688
15872
15952
15704
15640
15824
15936
15800
15648
15816
15968
15744
15640
15784
15944
15864
15728
15800
15960
15840
15696
15736
15904
15928
15744
15744
15808
15944
15704
15592
15776
15824
15768
15672
15776
15888
15640
15592
15744
15888
15784
15608
15720
15880
15832
15616
15624
15752
15856
15688
15568
15720
15840
15696
15600
15784
15816
15752
15648
15736
15896
15736
15600
15696
15800
15720
15560
15608
15848
15776
15592
15640
15824
15824
15664
15624
15840
15888
15744
15688
15832
16016
15896
15856
16016
16152
15936
15928
16032
16120
16008
15832
15888
15960
15872
15560
15576
15744
15752
15544
15472
15664
15680
15528
15440
15568
15784
15552
15400
15624
15720
15600
15480
15616
15720
15608
15416
15520
15808
16216
17056
18584
18928
18728
17368
16448
16160
16000
15384
15328
15416
15616
15616
15632
15800
15968
15816
15696
15840
16008
15840
15760
15872
16056
15976
15928
15920
16112
16128
15984
15896
16088
16216
16096
15936
16136
16256
16088
16008
16152
16328
16176
16160
16264
16400
16312
16224
16312
16456
16504
16384
16432
16664
16704
16552
16584
16832
17000
16872
16784
16984
17240
17016
16976
17152
17344
17224
17024
17200
17360
17216
17024
17032
17088
16952
16632
16496
16568
16560
16320
16184
16328
16304
16008
15872
15968
16168
15928
15760
15968
16048
15840
15704
15832
15992
15928
15784
15856
15976
15936
15808
15800
15992
16024
15864
15848
16016
16064
15888
15792
15976
16120
15936
15864
15976
16144
15984
15856
15976
16088
15976
15864
15936
16144
16056
15888
15904
16048
16096
15944
15920
16024
16088
15920
15824
16000
16104
15936
15816
15984
16112
15936
15800
15896
16056
16008
15872
15872
16032
15992
15824
15824
16008
16088
15888
15792
16008
16072
15904
15832
15968
16128
15960
15816
15992
16120
15952
15808
15968
16104
16024
15848
15896
16096
16080
15888
15888
16120
16168
16008
16024
16240
16304
16136
16072
16264
16448
16248
16232
16384
16544
16344
16168
16200
16296
16256
16064
16056
16136
16128
15904
15880
16016
16040
15856
15816
15976
16088
15880
15808
15968
16088
15904
15792
16008
16104
16008
15960
16040
16232
16304
16528
17552
19184
19536
19296
18160
17256
16584
16192
15776
15936
15904
15680
15840
16160
16352
16144
16072
16200
16360
16240
16120
16216
16360
16264
16136
16216
16392
16400
16224
16264
16400
16520
16360
16328
16472
16584
16392
16320
16528
16648
16480
16400
16600
16784
16664
16520
16664
16864
16768
16680
16792
16960
16968
16856
16816
17088
17224
17088
17120
17336
17472
17296
17232
17448
17584
17472
17440
17608
17768
17592
17448
17448
17552
17368
17176
17096
17136
16984
16672
16576
16672
16608
16360
16272
16408
16448
16224
16120
16280
16392
16200
16016
16200
16312
16176
16064
16160
16304
16256
16096
16152
16264
16256
16120
16072
16296
16312
16144
16072
16288
16392
16136
16080
16232
16392
16256
16096
16288
16424
16256
16168
16192
16336
16288
16208
16208
16400
16408
16192
16152
16384
16384
16240
16168
16352
16448
16272
16184
16320
16456
16248
16184
16344
16488
16336
16216
16328
16464
16384
16256
16296
16424
16440
16232
16264
16440
16488
16288
16256
16416
16512
16280
16184
16384
16504
16312
16192
16368
16480
16368
16248
16320
16424
16392
16224
16288
16432
16408
16240
16192
16432
16472
16272
16280
16432
16552
16416
16344
16520
16712
16560
16528
16632
16864
16648
16536
16680
16792
16744
16512
16520
16664
16632
16384
16288
16440
16480
16248
16184
16336
16432
16264
16104
16352
16432
16288
16168
16288
16480
16328
16224
16336
16552
16512
16352
16456
16776
17096
17848
19328
19760
19696
18464
17400
16920
16752
16280
16152
16248
16392
16360
16352
16592
16736
16576
16472
16536
16680
16672
16552
16568
16752
16768
16552
16560
16744
16816
16632
16576
16784
16936
16720
16632
16784
16936
16752
16656
16872
17048
16904
16776
16912
17056
17008
16872
16960
17160
17200
17064
17056
17280
17368
17224
17288
17488
17656
17456
17464
17672
17824
17712
17600
17776
17992
17848
17776
17856
17976
17904
17728
17704
17768
17656
17360
17232
17304
17200
16960
16760
16864
16832
16600
16432
16568
16640
16480
16352
16432
16600
16440
16240
16312
16512
16424
16240
16272
16480
16440
16256
16248
16408
16504
16280
16264
16456
16544
16344
16216
16424
16560
16360
16240
16408
16528
16400
16264
16312
16512
16400
16272
16336
16464
16440
16264
16232
16456
16464
16320
16184
16432
16520
16320
16224
16368
16512
16288
16192
16336
16496
16376
16200
16328
16496
16352
16224
16240
16432
16384
16216
16200
16368
16416
16224
16184
16368
16456
16304
16144
16296
16464
16296
16192
16312
16448
16376
16168
16272
16440
16288
16168
16240
16336
16336
16192
16120
16312
16384
16168
16104
16264
16400
16168
16096
16248
16408
16240
16160
16312
16456
16368
16200
16384
16544
16456
16408
16448
16552
16648
16480
16384
16512
16520
16320
16152
16312
16328
16104
16000
16080
16192
16032
15928
16048
16224
16032
15912
15968
16184
16088
15928
15984
16160
16256
16016
15984
16088
16112
16128
16376
17464
19112
19224
19008
18056
17208
16512
16256
16024
16096
15880
15792
16048
16336
16280
16144
16208
16400
16376
16200
16200
16336
16448
16272
16184
16368
16512
16368
16240
16432
16600
16440
16312
16448
16640
16560
16408
16504
16704
16640
16472
16536
16728
16760
16576
16520
16768
16880
16672
16680
16872
17072
16880
16824
17072
17184
17080
17032
17240
17432
17336
17200
17352
17544
17488
17368
17432
17632
17624
17432
17400
17568
17536
17216
17128
17168
17152
16856
16664
16696
16704
16488
16264
16312
16432
16256
16024
16096
16200
16128
15968
16008
16184
16176
15944
15928
16080
16088
15952
15880
16096
16176
16016
15872
15992
16144
15992
15872
16008
16152
16096
15968
16064
16160
16128
15968
15968
16152
16176
15976
15944
16088
16152
15944
15904
16072
16200
15984
15880
16080
16200
16056
15928
16032
16184
16072
15888
15928
16128
16096
15904
16000
16104
16144
15952
15912
16112
16168
15968
15872
16120
16208
15992
15864
16064
16136
15992
15896
15992
16144
16056
15912
15968
16136
16032
15880
15944
16112
16136
15928
15880
16072
16192
16008
15944
16088
16264
16144
15984
16200
16344
16184
16144
16304
16472
16360
16240
16368
16448
16408
16192
16192
16320
16288
16096
15928
16072
16136
15920
15784
15960
16120
15880
15824
15968
16096
15944
15840
15968
16152
15976
15880
15952
16120
16048
15848
15920
16192
16440
17112
18600
19408
19344
18272
17008
16600
16440
15952
15640
15752
15904
15912
15936
16160
16304
16240
16120
16208
16320
16312
16144
16184
16344
16400
16224
16200
16384
16480
16312
16216
16432
16568
16384
16248
16456
16608
16440
16376
16592
16680
16544
16424
16480
16680
16696
16536
16608
16840
16904
16728
16720
16944
17080
16872
16880
17128
17280
17176
17080
17304
17496
17392
17256
17472
17656
17584
17448
17504
17632
17528
17360
17288
17488
17320
17016
16880
16952
16912
16672
16496
16640
16624
16432
16264
16312
16464
16248
16088
16184
16320
16216
15968
16008
16208
16168
16000
16000
16144
16240
16016
15968
16176
16232
16048
15960
16152
16312
16088
15960
16208
16248
16152
16024
16152
16296
16184
15928
16080
16224
16112
16032
16056
16200
16232
16040
16016
16184
16248
16040
15960
16104
16200
16048
15984
16040
16224
16080
15976
16016
16264
16096
15960
15992
16200
16104
15896
15880
16112
16160
15992
15912
16128
16176
15920
15872
16032
16144
15944
15816
16096
16136
15976
15872
15976
16160
16112
16056
16056
16208
16216
16056
16136
16272
16456
16280
16224
16336
16456
16152
16048
16168
16280
16096
15848
15944
16080
15960
15760
15816
16000
15920
15744
15712
15848
15832
15752
15680
15944
16040
15808
15792
15968
16072
15904
15768
15984
16304
16624
17504
19104
19464
19112
17744
16904
16520
16104
15632
15608
15752
15752
15832
16000
16240
16176
16032
15992
16200
16304
16096
16048
16248
16416
16176
16120
16288
16480
16312
16192
16392
16552
16424
16288
16384
16552
16520
16424
16472
16616
16680
16544
16464
16688
16800
16640
16560
16816
16984
16816
16744
16928
17144
17016
16920
17112
17320
17272
17176
17336
17496
17520
17416
17520
17712
17760
17600
17544
17736
17784
17512
17376
17504
17520
17200
17016
17008
17016
16800
16552
16584
16640
16448
16312
16304
16400
16352
16176
16120
16312
16312
16120
16096
16208
16296
16056
15984
16232
16360
16176
15944
16208
16360
16136
15992
16200
16368
16272
16128
16152
16328
16296
16120
16144
16312
16376
16184
16152
16328
16432
16240
16120
16304
16456
16280
16112
16280
16392
16232
16096
16208
16400
16280
16168
16208
16368
16344
16128
16160
16328
16392
16216
16112
16304
16376
16200
16080
16256
16408
16224
16088
16216
16408
16232
16056
16232
16392
16320
16232
16320
16496
16416
16272
16272
16480
16600
16504
16488
16656
16712
16536
16384
16504
16664
16376
16208
16320
16360
16208
15992
16096
16208
16136
15976
15960
16120
16112
15928
15928
16176
16232
15992
15936
16144
16200
16064
15984
16184
16368
16368
16480
17416
19040
19432
19248
18384
17432
16608
16232
15920
15984
15912
15744
15936
16296
16440
16200
16168
16352
16424
16280
16152
16384
16536
16392
16272
16416
16560
16400
16336
16472
16664
16584
16448
16512
16632
16680
16528
16536
16752
16776
16640
16592
16808
16920
16800
16664
16896
17080
16952
16848
16992
17232
17120
17016
17192
17456
17384
17272
17408
17640
17648
17544
17568
17800
17928
17760
17712
17904
18008
17776
17624
17728
17760
17512
17256
17288
17312
17048
16784
16848
16872
16696
16488
16472
16512
16528
16344
16296
16408
16480
16304
16152
16368
16456
16256
16128
16336
16448
16264
16144
16280
16432
16264
16128
16248
16400
16368
16224
16272
16464
16456
16304
16264
16480
16576
16384
16264
16464
16520
16344
16248
16464
16560
16400
16272
16400
16568
16456
16312
16408
16560
16488
16328
16344
16464
16496
16360
16280
16456
16560
16336
16256
16456
16552
16344
16248
16424
16560
16416
16272
16392
16528
16432
16280
16384
16544
16480
16344
16352
16520
16496
16360
16296
16544
16648
16528
16472
16656
16784
16576
16480
16712
16976
16848
16704
16872
17008
16792
16640
16712
16792
16672
16496
16424
16568
16560
16368
16304
16432
16504
16336
16240
16408
16512
16352
16224
16376
16576
16376
16272
16440
16568
16480
16344
16520
16656
16720
17056
18136
19648
19664
19216
18040
17248
16784
16408
16040
16264
16296
16136
16256
16544
16736
16520
16416
16584
16728
16608
16456
16600
16752
16696
16592
16600
16784
16760
16592
16560
16784
16896
16680
16616
16832
16968
16768
16672
16872
17032
16904
16752
16952
17048
16992
16880
16992
17160
17168
17016
17088
17296
17312
17208
17264
17496
17560
17472
17464
17680
17832
17632
17608
17840
18048
17872
17776
17888
18024
17888
17696
17720
17808
17648
17352
17264
17312
17168
16912
16744
16856
16880
16624
16432
16568
16688
16456
16336
16480
16584
16424
16264
16384
16520
16384
16224
16336
16472
16392
16224
16272
16448
16384
16248
16216
16368
16456
16304
16240
16392
16520
16328
16232
16376
16536
16304
16256
16368
16512
16368
16232
16288
16480
16384
16208
16280
16392
16400
16200
16184
16360
16432
16256
16112
16312
16384
16184
16048
16208
16352
16216
16040
16184
16336
16200
16048
16120
16272
16200
16040
16048
16184
16216
16024
15976
16192
16224
16096
15992
16128
16264
16040
15904
16144
16240
16064
15928
16056
16224
16056
15912
16040
16176
16144
15936
16024
16176
16176
15952
15872
16096
16176
16008
15936
16096
16200
16040
15968
16168
16312
16168
16104
16232
16368
16288
16216
16264
16448
16440
16312
16296
16312
16272
16080
15984
16152
16152
15992
15888
16024
16064
15832
15728
15936
16072
15904
15744
15896
16032
15920
15744
15816
16040
15952
15840
15880
16024
16000
15952
16144
17136
18704
19072
18912
18144
17128
16376
16120
15904
15888
15712
15624
15896
16176
16088
16000
16080
16240
16224
16024
16112
16232
16224
16104
16080
16248
16352
16184
16088
16296
16416
16240
16152
16368
16504
16320
16232
16376
16520
16400
16288
16432
16552
16536
16400
16472
16648
16664
16576
16560
16744
16872
16696
16688
16960
17080
16952
16888
17112
17312
17200
17104
17288
17424
17360
17272
17384
17576
17504
17304
17288
17448
17368
17104
16976
17064
17016
16680
16536
16592
16568
16344
16200
16272
16360
16184
16024
16120
16192
16048
15864
15968
16096
16056
15904
15888
16088
16080
15864
15848
16032
16120
15944
15872
16048
16128
15936
15848
16016
16192
16048
15920
16048
16152
16064
15888
15968
16168
16104
15944
15976
16152
16096
15968
15864
16088
16152
15960
15912
16104
16200
15960
15816
15984
16096
15976
15888
16016
16152
15976
15848
15952
16112
16072
15896
15920
16088
16040
15880
15840
16000
16152
15960
15848
16040
16120
15952
15864
16032
16168
15992
15832
15992
16096
16008
15856
15960
16136
16080
15912
15936
16120
16072
15936
15848
16104
16168
15968
15920
16144
16232
16056
15968
16152
16320
16192
16096
16248
16408
16304
16192
16304
16520
16448
16248
16280
16352
16304
16072
15984
16144
16152
15968
15800
15992
16064
15880
15752
15928
16048
15888
15800
15960
16096
15944
15800
15952
16072
16000
15872
15880
16040
16072
16112
16536
17736
19296
19368
18952
17960
17120
16384
16008
15808
15936
15728
15656
16008
16296
16256
16152
16224
16376
16304
16176
16200
16424
16416
16264
16224
16376
16528
16344
16264
16472
16584
16408
16344
16464
16680
16496
16400
16536
16728
16608
16504
16592
16800
16768
16648
16656
16920
16896
16784
16776
17000
17104
16960
16936
17184
17320
17184
17176
17328
17600
17448
17360
17544
17760
17664
17520
17600
17792
17768
17600
17576
17680
17528
17336
17152
17248
17200
16960
16728
16808
16848
16552
16384
16488
16592
16392
16272
16336
16528
16328
16176
16264
16408
16360
16184
16256
16432
16448
16224
16216
16376
16432
16264
16184
16400
16488
16312
16168
16384
16528
16424
16264
16400
16600
16432
16272
16344
16552
16480
16336
16376
16552
16560
16352
16256
16480
16568
16352
16320
16512
16600
16376
16256
16424
16584
16400
16280
16400
16544
16400
16256
16336
16464
16408
16248
16328
16520
16440
16288
16248
16472
16520
16328
16216
16464
16552
16376
16216
16400
16520
16368
16288
16336
16544
16352
16280
16320
16472
16424
16280
16376
16536
16488
16264
16296
16440
16504
16352
16296
16440
16520
16376
16232
16440
16592
16440
16328
16392
16624
16456
16288
16384
16560
16472
16360
16352
16520
16536
16392
16392
16624
16752
16576
16512
16736
16872
16664
16624
16808
16944
16808
16664
16816
16888
16696
16592
16552
16704
16576
16400
16424
16576
16496
16312
16256
16432
16528
16296
16240
16392
16528
16312
16208
16384
16584
16384
16288
16472
16632
16504
16416
16624
17088
17872
19200
19784
19968
18912
17600
16824
16720
16440
16200
16016
16240
16560
16496
16440
16592
16760
16616
16512
16648
16784
16672
16536
16584
16784
16712
16568
16656
16848
16856
16648
16632
16840
16928
16688
16648
16848
17024
16840
16720
16888
17072
16936
16800
16968
17176
17032
16904
17024
17232
17128
17056
17104
17344
17408
17280
17312
17520
17680
17504
17512
17728
17896
17704
17592
17808
18040
17880
17752
17888
18048
17840
17632
17616
17688
17496
17232
17168
17240
17120
16872
16712
16808
16880
16632
16488
16672
16760
16488
16376
16520
16664
16504
16344
16464
16656
16488
16320
16408
16568
16504
16384
16384
16536
16528
16352
16296
16496
16584
16384
16320
16488
16632
16416
16320
16488
16656
16504
16424
16528
16680
16528
16376
16504
16632
16592
16440
16440
16608
16584
16440
16352
16576
16656
16448
16368
16576
16688
16520
16328
16512
16664
16496
16304
16488
16656
16528
16376
16440
16648
16576
16408
16448
16608
16600
16392
16376
16544
16672
16464
16408
16608
16696
16504
16392
16512
16712
16552
16424
16544
16696
16544
16392
16456
16624
16592
16440
16448
16584
16600
16424
16384
16528
16632
16448
16384
16568
16680
16464
16344
16520
16680
16512
16376
16488
16680
16528
16400
16480
16640
16624
16416
16488
16648
16648
16424
16432
16560
16624
16416
16320
16536
16632
16480
16320
16464
16608
16488
16352
16472
16600
16504
16408
16528
16712
16624
16544
16600
16816
16888
16696
16680
16832
16928
16688
16672
16736
16840
16584
16448
16528
16632
16432
16280
16368
16480
16384
16208
16312
16456
16368
16272
16312
16456
16456
16272
16208
16408
16512
16328
16304
16472
16632
16544
16480
17272
18600
19656
19656
19344
18352
17336
16704
16488
16464
16352
16112
16248
16584
16680
16464
16432
16560
16688
16544
16448
16632
16776
16552
16472
16584
16760
16632
16552
16680
16824
16704
16576
16640
16848
16776
16704
16720
16888
16912
16736
16696
16904
17000
16840
16792
16984
17168
16960
16920
17088
17272
17104
17064
17232
17440
17352
17256
17384
17600
17592
17512
17576
17760
17848
17688
17632
17880
17984
17776
17672
17880
17960
17672
17504
17544
17592
17312
17104
17104
17192
16960
16728
16752
16784
16688
16504
16520
16640
16640
16448
16360
16520
16640
16392
16328
16488
16656
16432
16272
16416
16600
16432
16272
16456
16600
16464
16328
16424
16560
16544
16384
16432
16584
16624
16392
16408
16512
16656
16400
16384
16560
16664
16496
16384
16504
16616
16480
16328
16416
16616
16496
16304
16424
16560
16512
16328
16336
16504
16552
16360
16304
16456
16568
16344
16272
16472
16600
16392
16232
16392
16520
16344
16240
16376
16496
16408
16216
16344
16440
16424
16304
16272
16512
16544
16336
16296
16384
16480
16288
16216
16384
16544
16328
16200
16376
16504
16376
16192
16344
16488
16344
16168
16304
16464
16376
16248
16232
16400
16408
16216
16208
16344
16488
16312
16224
16408
16520
16312
16144
16312
16464
16328
16160
16328
16488
16360
16144
16280
16376
16376
16224
16224
16400
16440
16256
16152
16352
16416
16240
16128
16336
16504
16248
16120
16328
16480
16312
16208
16376
16544
16456
16328
16384
16616
16608
16512
16576
16736
16776
16552
16520
16656
16776
16520
16352
16496
16624
16384
16144
16296
16400
16184
16080
16184
16320
16216
16056
16112
16296
16272
16104
16104
16280
16352
16176
16104
16336
16456
16272
16208
16528
17088
17984
19200
19584
19520
18280
17192
16760
16688
16256
16032
16024
16256
16392
16280
16376
16552
16512
16384
16336
16504
16616
16408
16320
16496
16656
16472
16392
16560
16680
16552
16464
16584
16736
16632
16504
16544
16736
16704
16544
16592
16808
16856
16680
16632
16784
16952
16792
16704
16936
17088
16928
16824
17056
17216
17136
16992
17208
17448
17376
17288
17424
17616
17616
17504
17544
17712
17776
17664
17592
17744
17784
17600
17424
17568
17616
17232
17032
17088
17128
16896
16664
16688
16760
16600
16384
16376
16520
16464
16312
16232
16400
16432
16208
16104
16256
16360
16152
16064
16248
16416
16240
16104
16224
16360
16224
16064
16208
16320
16296
16128
16224
16320
16328
16120
16160
16336
16368
16176
16104
16264
16384
16168
16136
16296
16432
16224
16112
16216
16368
16216
16072
16224
16336
16216
16080
16128
16256
16248
16080
16056
16208
16272
16104
16064
16168
16264
16096
15968
16216
16312
16080
15960
16112
16272
16120
15920
16040
16224
16168
15936
16056
16160
16136
15952
15944
16144
16224
16008
15976
16112
16208
16024
15896
16136
16240
16048
15912
16104
16216
16056
15904
16032
16184
16072
15888
15968
16088
16056
15888
15960
16072
16160
15936
15856
16056
16152
15904
15816
16024
16128
15936
15816
15984
16112
15960
15856
15968
16152
16040
15912
15968
16144
16128
16056
16016
16200
16224
16072
16056
16304
16392
16184
16144
16312
16504
16320
16128
16280
16304
16136
15896
15976
16080
15976
15856
15864
15992
15920
15704
15720
15896
15968
15768
15736
15888
16008
15776
15720
15880
15984
15864
15664
15784
15912
15920
16264
17424
19016
19064
18712
17496
16736
16288
16008
15648
15744
15760
15640
15736
16040
16152
15936
15816
16064
16144
16000
15896
16032
16200
16024
15920
16016
16216
16096
15992
16064
16304
16136
16040
16088
16328
16272
16176
16112
16328
16368
16224
16168
16400
16536
16360
16296
16432
16656
16440
16384
16488
16800
16712
16624
16696
17000
16920
16856
16896
17192
17144
17072
17024
17280
17344
17224
17160
17352
17528
17272
17152
17216
17336
17072
16800
16768
16928
16592
16368
16312
16512
16208
16056
15984
16184
16096
15880
15808
15976
15960
15808
15704
15832
16008
15784
15648
15776
15984
15744
15656
15760
16024
15824
15704
15784
16008
15864
15712
15736
15976
15920
15808
15768
15912
16016
15816
15696
15904
16024
15856
15720
15872
16080
15832
15688
15864
16072
15880
15824
15856
16008
15928
15808
15792
16016
15976
15792
15800
15984
16032
15864
15688
15888
16080
15800
15776
15872
16072
15880
15736
15840
16128
15832
15792
15864
16080
15904
15752
15760
15976
15984
15800
15752
15936
16008
15784
15688
15928
16064
15872
15736
15872
16104
15848
15728
15880
16104
15888
15752
15848
16080
15928
15776
15800
15960
16016
15816
15760
15912
15976
15808
15680
15872
16088
15872
15848
16016
16224
16008
15936
16008
16352
16168
16120
16184
16408
16320
16144
16080
16232
16216
15960
15840
15944
16040
15752
15688
15792
16008
15752
15664
15760
16008
15736
15656
15728
16016
15784
15704
15760
15968
15872
15760
15752
15920
16016
15952
16416
17688
19256
19216
18864
17736
17016
16216
15920
15664
15904
15560
15536
15856
16208
16040
15920
15984
16208
16120
15968
16000
16152
16224
16032
15992
16216
16328
16120
16040
16248
16448
16192
16144
16296
16480
16240
16184
16256
16568
16384
16272
16336
16544
16496
16376
16368
16552
16648
16488
16488
16680
16856
16648
16632
16872
17096
16944
16904
17120
17376
17208
17144
17288
17568
17408
17288
17432
17624
17552
17440
17344
17472
17400
17152
16992
17048
17072
16680
16512
16552
16664
16384
16192
16256
16472
16160
16008
16096
16272
16072
15944
15976
16184
16112
15944
15920
16072
16112
15912
15904
16048
16200
15960
15856
15984
16200
15928
15872
16056
16280
15992
15928
16072
16280
16080
15976
16040
16256
16120
15976
16024
16176
16216
16040
16000
16112
16272
16056
15936
16112
16264
16000
15928
16088
16320
16040
15992
16072
16280
16080
16008
16096
16256
16136
16008
16008
16160
16192
16040
16008
16184
16312
16024
15952
16072
16336
16056
15960
16144
16368
16096
16008
16096
16280
16136
16040
16096
16280
16216
16048
16040
16208
16264
16088
16032
16200
16344
16024
16000
16184
16424
16136
16000
16168
16392
16144
15968
16080
16280
16144
16048
16080
16272
16224
16064
16056
16232
16352
16200
16176
16312
16496
16280
16224
16456
16696
16416
16352
16504
16744
16400
16288
16360
16536
16312
16168
16144
16312
16216
16032
15944
16128
16176
15968
15968
16120
16272
16032
15920
16080
16328
16048
15984
16096
16384
16144
16048
16160
16472
16520
17128
18568
19568
19616
18704
17496
16832
16616
16056
15896
15984
16104
16008
16048
16312
16504
16224
16144
16336
16552
16288
16200
16312
16520
16352
16288
16352
16544
16512
16328
16352
16496
16616
16448
16448
16576
16752
16496
16424
16584
16816
16576
16512
16648
16896
16720
16616
16728
16936
16808
16752
16872
17008
17024
16888
16984
17176
17376
17176
17176
17400
17664
17400
17368
17608
17800
17552
17512
17704
17904
17640
17432
17496
17552
17336
17120
17040
17072
17000
16680
16584
16640
16680
16392
16296
16376
16520
16168
16064
16192
16424
16136
16008
16216
16368
16128
16008
16112
16336
16200
16008
16104
16272
16264
16048
16064
16176
16328
16064
16080
16256
16448
16136
16016
16200
16424
16176
16040
16224
16464
16216
16128
16200
16376
16272
16112
16136
16288
16280
16096
16064
16192
16336
16080
16072
16256
16408
16080
16008
16184
16384
16088
16000
16144
16328
16144
16024
16104
16280
16208
15992
16104
16280
16288
16024
16040
16216
16336
16096
16016
16184
16344
16032
15968
16136
16336
16048
15976
16144
16328
16112
15968
16048
16208
16136
16016
16064
16232
16256
16040
16048
16216
16344
16064
16024
16160
16336
16072
15960
16128
16360
16080
16000
16120
16304
16088
15968
16080
16240
16160
15992
16016
16176
16216
16080
16064
16256
16408
16160
16176
16352
16608
16352
16248
16480
16624
16416
16336
16400
16576
16368
16208
16256
16320
16144
15984
16008
16104
16104
15872
15856
15992
16144
15912
15840
15992
16216
15912
15832
15984
16200
15904
15824
15976
16184
16000
16000
16248
17176
18560
19112
19200
18520
17352
16440
16240
16056
15984
15728
15632
15960
16280
16080
16000
16200
16368
16104
16040
16184
16352
16168
16048
16176
16288
16280
16120
16152
16312
16384
16120
16120
16360
16496
16232
16232
16440
16640
16336
16272
16408
16608
16408
16312
16552
16688
16568
16432
16576
16736
16760
16592
16736
16952
17056
16824
16872
17136
17304
17072
17024
17304
17544
17296
17232
17464
17616
17384
17304
17448
17552
17312
17088
17080
17104
16984
16648
16624
16656
16672
16328
16224
16352
16376
16088
15976
16104
16256
15968
15800
15976
16160
15952
15840
15976
16120
15976
15840
15944
16072
15992
15808
15904
16064
16136
15848
15848
15976
16160
15904
15824
16040
16216
15920
15816
16040
16176
15920
15832
16032
16200
16032
15904
15952
16064
16056
15864
15920
16088
16192
15920
15904
16080
16200
15896
15824
16008
16144
15848
15808
16008
16144
15928
15792
15952
16072
15960
15776
15888
16032
16024
15792
15864
16024
16056
15768
15720
15904
16096
15784
15744
15936
16120
15832
15760
15904
16064
15864
15728
15840
16024
15912
15728
15808
15976
15952
15760
15776
15944
16016
15760
15712
15936
16072
15800
15752
15912
16112
15872
15696
15888
16008
15880
15728
15872
16048
16000
15768
15944
16048
16088
15896
15944
16120
16256
16056
16080
16232
16376
16144
16128
16344
16432
16120
15944
16016
16136
15904
15744
15864
16000
15880
15688
15752
15944
15856
15648
15720
15904
15952
15712
15696
15872
15992
15784
15664
15896
16016
15760
15664
15984
16464
17240
18672
19136
19104
17800
16632
16248
16192
15728
15504
15512
15776
15856
15816
15880
16088
16168
15992
15936
16120
16224
16056
15928
16136
16280
16128
15992
16176
16320
16264
16096
16216
16384
16336
16168
16216
16440
16440
16288
16248
16440
16496
16384
16312
16560
16680
16552
16424
16632
16784
16680
16592
16776
16992
16904
16816
16960
17192
17176
17072
17120
17392
17400
17280
17272
17512
17608
17384
17320
17520
17616
17336
17168
17192
17304
16952
16776
16816
16880
16640
16352
16360
16480
16320
16136
16152
16304
16288
16096
16024
16168
16216
16032
15928
16144
16184
16016
15888
16120
16200
16096
15960
16096
16240
16144
15952
16048
16200
16160
16000
16056
16240
16264
16080
16088
16200
16304
16120
16032
16176
16328
16168
16048
16184
16336
16152
16040
16192
16352
16192
16104
16128
16304
16192
16064
16096
16224
16248
16072
16016
16184
16280
16032
15984
16160
16336
16128
15976
16160
16288
16096
15984
16104
16264
16144
16048
16128
16248
16160
15984
16032
16248
16272
16088
16024
16200
16256
16048
15976
16232
16336
16136
16032
16176
16312
16128
15976
16088
16296
16168
16088
16120
16264
16184
16032
16112
16232
16240
16064
16056
16240
16328
16152
16032
16200
16064
16152
16040
16216
16336
16200
16056
16208
16360
16224
16096
16240
16392
16376
16264
16272
16504
16496
16432
16408
16600
16648
16464
16408
16600
16680
16440
16328
16408
16520
16312
16080
16208
16384
16152
16048
16136
16208
16152
16032
16056
16216
16232
16112
16040
16256
16296
16104
16072
16264
16416
16288
16176
16520
17064
17888
19272
19736
19832
18528
17360
16656
16544
16112
15856
15848
16048
16376
16240
16272
16432
16520
16288
16168
16432
16576
16368
16296
16496
16656
16480
16304
16456
16640
16496
16400
16448
16672
16624
16424
16504
16688
16728
16552
16528
16736
16848
16600
16544
16792
16944
16800
16656
16872
17040
16864
16792
17024
17208
17144
17040
17192
17440
17464
17304
17384
17576
17728
17552
17584
17808
17888
17688
17624
17792
17968
17656
17504
17640
17632
17336
17072
17104
17136
16960
16688
16736
16744
16664
16400
16400
16544
16592
16320
16312
16504
16496
16264
16160
16368
16488
16272
16168
16360
16464
16256
16112
16304
16464
16400
16168
16304
16448
16464
16256
16272
16472
16544
16272
16248
16424
16520
16264
16208
16408
16552
16368
16264
16424
16592
16392
16264
16400
16584
16464
16280
16352
16552
16504
16288
16304
16536
16528
16368
16328
16464
16600
16320
16240
16424
16584
16360
16224
16416
16568
16312
16232
16392
16568
16464
16224
16360
16528
16512
16280
16304
16520
16536
16296
16272
16488
16568
16328
16256
16440
16536
16384
16216
16384
16544
16400
16256
16360
16512
16456
16216
16352
16488
16488
16240
16280
16440
16488
16264
16248
16408
16544
16328
16200
16448
16528
16384
16224
16432
16560
16384
16232
16352
16536
16464
16280
16328
16528
16536
16248
16320
16488
16576
16368
16376
16600
16688
16448
16416
16640
16792
16656
16592
16848
16928
16720
16632
16752
16840
16712
16472
16552
16616
16520
16224
16272
16440
16416
16168
16160
16392
16384
16192
16128
16328
16456
16312
16168
16368
16488
16312
16184
16376
16528
16496
16368
16624
17296
18400
19496
19608
19464
18336
17176
16584
16584
16416
16128
15984
16240
16568
16448
16360
16512
16712
16576
16352
16504
16656
16624
16400
16512
16688
16672
16464
16504
16720
16776
16504
16552
16736
16856
16600
16584
16776
16920
16768
16640
16816
17000
16824
16688
16856
17040
17000
16840
16912
17104
17128
16952
17000
17232
17328
17184
17240
17424
17568
17464
17352
17584
17776
17648
17584
17784
17984
17856
17624
17768
17896
17808
17520
17568
17600
17472
17088
17008
17072
17040
16720
16632
16720
16768
16480
16320
16504
16560
16336
16208
16360
16488
16384
16096
16248
16448
16344
16120
16192
16352
16336
16064
16144
16304
16352
16144
16104
16336
16408
16200
16056
16280
16376
16216
16104
16264
16416
16256
16072
16240
16360
16280
16112
16240
16408
16352
16128
16176
16328
16344
16192
16144
16288
16424
16176
16040
16240
16392
16232
16032
16256
16384
16192
15984
16184
16344
16256
16080
16176
16320
16280
16080
16112
16248
16256
16112
16040
16272
16312
16072
15992
16160
16312
16128
15968
16152
16280
16144
15912
16080
16240
16144
15952
16032
16240
16168
15968
15944
16160
16176
16024
15976
16144
16192
15952
15896
16080
16200
16048
15904
16096
16248
16040
15840
16048
16168
16112
15904
16024
16208
16136
15928
15952
16136
16168
15968
15880
16088
16152
15952
15800
16040
16168
16016
15848
16032
16128
16088
15856
15976
16184
16144
15960
16080
16248
16232
16104
16168
16376
16416
16152
16208
16408
16448
16208
16040
16160
16264
16056
15752
15968
16080
15912
15616
15824
15976
15920
15712
15816
15976
15928
15704
15720
15912
15944
15712
15696
15904
16000
15752
15632
15936
16360
17040
18368
19120
19240
18112
16776
16304
16344
15888
15504
15576
15768
15880
15752
15848
16024
16112
15912
15872
16080
16184
16000
15872
16080
16248
16080
15904
16104
16296
16128
15960
16088
16272
16216
16040
16152
16368
16352
16128
16160
16376
16400
16264
16192
16456
16576
16384
16272
16520
16656
16560
16424
16624
16880
16728
16592
16832
17048
16976
16848
17024
17184
17248
17104
17128
17336
17448
17264
17200
17384
17496
17280
17056
17200
17192
16992
16680
16768
16824
16560
16280
16360
16424
16296
16024
16056
16160
16120
15896
15880
16064
16056
15864
15752
15992
16096
15912
15744
15920
16080
15896
15760
15968
16104
15904
15704
15864
16040
15888
15768
15848
16040
16008
15824
15832
16008
16024
15904
15792
15976
16136
15904
15728
15944
16104
15896
15752
15912
16088
15968
15744
15904
16032
15968
15800
15904
16080
16064
15832
15816
16032
16024
15896
15776
15992
16120
15960
15768
15952
16104
15936
15720
15888
16088
15944
15760
15864
16048
15960
15760
15848
16048
16032
15848
15824
16032
16048
15896
15808
15992
16088
15920
15720
15904
16048
15904
15776
15944
16048
15888
15720
15896
16056
15928
15784
15848
16040
15976
15832
15832
16000
16024
15880
15816
15984
16080
15928
15816
15984
16088
15888
15784
15936
16072
15912
15792
15904
16080
16000
15856
15912
16080
16096
15920
15928
16104
16160
16016
16024
16184
16344
16232
16128
16336
16424
16312
16200
16304
16376
16224
16040
16096
16184
16024
15896
15904
16032
15952
15832
15776
15952
15976
15824
15768
15936
16072
15880
15776
15944
16104
15872
15784
15920
16088
15936
15984
16392
17480
18960
19272
19272
18328
17248
16456
16288
16136
15976
15664
15672
16016
16224
16112
16000
16216
16296
16112
16016
16240
16328
16248
16104
16192
16384
16272
16120
16256
16368
16360
16248
16176
16408
16512
16320
16264
16488
16552
16440
16304
16512
16616
16480
16440
16608
16776
16696
16552
16704
16880
16808
16720
16784
17064
17080
16920
16968
17192
17272
17120
17200
17384
17568
17360
17232
17520
17664
17456
17360
17536
17624
17392
17152
17208
17200
16976
16752
16736
16784
16608
16392
16296
16376
16376
16096
16040
16176
16208
15992
15856
16000
16112
15904
15840
16000
16128
15968
15792
15856
16040
15928
15808
15864
16024
16008
15872
15840
15984
16136
15920
15896
16048
16160
15952
15904
16064
16200
16032
15888
16088
16216
16064
15920
15992
16168
16080
15952
16008
16168
16136
15984
15872
16136
16136
15992
15944
16064
16208
15984
15824
16056
16144
15952
15912
16024
16168
16000
15880
16040
16144
15984
15888
16000
16056
16056
15944
15920
16064
16112
16000
15888
16072
16144
15992
15872
16048
16176
16000
15912
16064
16168
16048
15936
16000
16168
16048
15880
15976
16160
16096
15984
15920
16128
16136
16016
15960
16128
16248
16088
15952
16088
16192
16064
15960
16120
16248
16048
16032
16064
16208
16048
15992
16048
16184
16184
16064
16056
16272
16304
16232
16160
16328
16432
16408
16288
16424
16568
16440
16328
16472
16608
16376
16192
16248
16344
16168
16056
16080
16192
16088
15968
15904
16048
16096
15984
15856
16096
16176
15984
15904
16064
16200
16032
15952
16088
16272
16192
16208
16400
17072
18112
19440
19728
19560
18320
17152
16392
16264
16016
15816
15720
15944
16288
16224
16176
16304
16440
16320
16184
16304
16472
16368
16232
16296
16464
16400
16256
16352
16496
16480
16416
16384
16552
16616
16504
16400
16560
16712
16504
16424
16624
16784
16656
16528
16720
16888
16736
16656
16760
16904
16872
16840
16888
17112
17104
17000
17024
17264
17368
17320
17296
17520
17656
17528
17456
17600
17792
17672
17592
17656
17792
17608
17472
17432
17512
17320
17064
16960
17056
16912
16688
16576
16592
16600
16464
16304
16440
16472
16344
16216
16264
16440
16328
16144
16248
16480
16296
16152
16112
16320
16232
16176
16208
16384
16288
16216
16200
16344
16424
16280
16184
16336
16464
16320
16200
16296
16496
16304
16232
16296
16520
16368
16280
16312
16496
16376
16296
16296
16440
16464
16328
16280
16344
16456
16248
16160
16336
16480
16320
16224
16288
16424
16288
16184
16304
16456
16312
16216
16264
16376
16288
16200
16192
16376
16360
16264
16208
16320
16360
16232
16136
16272
16472
16320
16216
16264
16456
16256
16144
16264
16456
16336
16256
16296
16472
16296
16240
16256
16400
16392
16272
16200
16368
16416
16320
16224
16360
16528
16296
16280
16296
16496
16320
16216
16312
16464
16328
16256
16224
16416
16320
16264
16224
16376
16448
16360
16344
16456
16536
16440
16376
16536
16704
16536
16488
16608
16816
16640
16608
16632
16832
16656
16432
16488
16608
16464
16328
16296
16376
16384
16216
16104
16240
16320
16168
16072
16216
16384
16240
16104
16144
16352
16176
16088
16216
16488
16352
16336
16352
16664
16848
17688
19112
19744
19752
18616
17448
16688
16496
16080
15888
15976
16224
16216
16312
16424
16544
16352
16296
16360
16504
16408
16344
16384
16592
16520
16408
16408
16616
16632
16512
16496
16568
16664
16464
16504
16576
16824
16616
16584
16728
16856
16752
16656
16752
16936
16824
16744
16800
16976
16936
16824
16904
17072
17200
17048
17088
17280
17440
17344
17320
17528
17752
17528
17560
17696
17864
17696
17688
17704
17936
17808
17656
17680
17728
17600
17344
17272
17264
17224
16920
16800
16824
16872
16568
16504
16560
16704
16424
16368
16464
16568
16368
16272
16336
16496
16384
16288
16336
16464
16328
16240
16224
16352
16440
16312
16312
16320
16480
16312
16264
16360
16552
16352
16328
16384
16528
16336
16360
16408
16560
16424
16328
16408
16560
16504
16376
16408
16536
16592
16400
16384
16432
16568
16400
16360
16496
16696
16408
16368
16472
16616
16432
16368
16416
16568
16496
16368
16400
16528
16472
16312
16360
16480
16632
16360
16408
16408
16552
16368
16312
16424
16608
16456
16328
16416
16600
16408
16360
16464
16536
16472
16312
16416
16568
16448
16304
16400
16496
16568
16384
16424
16504
16624
16352
16312
16432
16608
16392
16336
16496
16576
16448
16352
16432
16616
16528
16392
16456
16568
16560
16360
16456
16520
16584
16488
16472
16560
16800
16616
16640
16752
16872
16776
16736
16808
16968
16840
16768
16872
16952
16816
16648
16696
16728
16664
16432
16512
16552
16568
16384
16376
16472
16568
16360
16320
16440
16624
16432
16384
16432
16576
16472
16400
16584
16720
16608
16576
16712
17392
18576
19552
19624
19296
18272
17160
16704
16512
16472
16240
16192
16352
16800
16696
16560
16616
16808
16656
16512
16680
16776
16736
16584
16696
16904
16832
16592
16656
16784
16928
16752
16760
16824
17008
16808
16696
16880
17104
16936
16856
16920
17112
17000
16912
17048
17176
17176
17032
17176
17256
17312
17272
17296
17448
17592
17472
17488
17664
17872
17712
17680
17864
18112
17984
17904
18048
18184
18144
18000
18104
18136
18088
17872
17856
17800
17768
17512
17400
17328
17376
17104
17008
16992
17072
16848
16712
16832
16856
16744
16608
16704
16808
16688
16560
16664
16688
16704
16528
16600
16632
16672
16552
16592
16656
16704
16624
16552
16640
16720
16608
16480
16632
16744
16648
16488
16664
16760
16696
16496
16656
16664
16680
16624
16616
16664
16712
16576
16504
16624
16680
16560
16520
16640
16656
16528
16480
16528
16664
16568
16472
16560
16624
16528
16424
16536
16592
16600
16464
16480
16616
16576
16456
16456
16544
16576
16496
16408
16512
16528
16456
16344
16424
16504
16432
16344
16432
16488
16432
16304
16448
16520
16488
16344
16384
16440
16488
16376
16360
16448
16472
16368
16296
16432
16384
16408
16296
16416
16504
16480
16392
16504
16648
16544
16432
16528
16704
16624
16632
16608
16800
16728
16688
16576
16720
16592
16536
16392
16448
16376
16328
16184
16272
16376
16224
16208
16288
16400
16160
16184
16224
16360
16160
16192
16232
16344
16200
16176
16168
16160
16344
16464
17320
18904
19368
18984
18112
17056
16712
16384
16184
16144
16264
16016
16128
16328
16480
16392
16232
16464
16512
16376
16280
16424
16544
16544
16336
16456
16568
16592
16376
16448
16584
16768
16472
16552
16680
16752
16576
16544
16656
16776
16648
16680
16760
16808
16848
16744
16776
16936
16968
16896
16840
17056
17136
17088
16992
17232
17432
17312
17200
17432
17608
17544
17472
17624
17864
17792
17632
17672
17816
17768
17584
17536
17656
17608
17352
17144
17216
17224
16920
16704
16784
16848
16632
16424
16504
16568
16400
16232
16312
16456
16352
16208
16232
16360
16360
16192
16120
16320
16360
16272
16136
16328
16376
16304
16144
16328
16424
16256
16184
16352
16480
16304
16224
16368
16472
16336
16256
16352
16464
16384
16184
16256
16408
16424
16248
16256
16376
16424
16216
16216
16368
16408
16264
16136
16368
16432
16296
16112
16312
16400
16312
16168
16232
16384
16280
16152
16208
16336
16320
16200
16176
16288
16368
16200
16176
16296
16376
16216
16144
16304
16392
16256
16128
16264
16336
16248
16152
16264
16360
16312
16192
16248
16416
16504
16400
16416
16592
16592
16480
16416
16616
16704
16672
16592
16672
16752
16576
16424
16504
16576
16392
16176
16216
16336
16248
16160
16136
16304
16304
16184
16160
16360
16352
16168
16080
16272
16360
16144
16168
16304
16368
16200
16232
16504
17280
18456
19424
19480
18968
17680
16880
16552
16392
16128
16096
15968
16240
16408
16432
16336
16496
16576
16496
16368
16528
16664
16512
16432
16512
16680
16648
16584
16600
16720
16664
16592
16600
16768
16760
16680
16640
16832
16880
16808
16728
16864
17008
16920
16768
16968
17080
17016
16912
17064
17192
17128
17072
17176
17432
17376
17376
17360
17576
17640
17632
17560
17768
17872
17808
17680
17912
18008
17928
17792
17904
17960
17768
17552
17568
17544
17328
17120
17000
17104
16920
16752
16640
16776
16712
16576
16440
16568
16584
16456
16336
16504
16600
16424
16312
16424
16552
16424
16336
16408
16560
16440
16344
16384
16568
16520
16400
16392
16496
16472
16432
16296
16488
16568
16432
16344
16520
16608
16496
16376
16488
16600
16488
16376
16472
16600
16520
16424
16456
16608
16528
16424
16440
16568
16480
16424
16344
16544
16560
16456
16288
16488
16560
16392
16296
16448
16608
16440
16288
16432
16568
16488
16320
16360
16552
16464
16360
16352
16488
16464
16392
16344
16520
16552
16408
16280
16464
16552
16464
16328
16432
16568
16440
16304
16400
16568
16504
16432
16544
16728
16648
16632
16568
16744
16768
16688
16640
16832
16928
16784
16624
16760
16840
16688
16520
16648
16640
16480
16368
16424
16504
16400
16304
16360
16480
16416
16328
16296
16448
16504
16424
16360
16488
16544
16400
16400
16552
16672
16664
16744
17536
18976
19856
19784
19248
18192
17192
16704
16440
16416
16352
16128
16232
16640
16728
16648
16584
16776
16784
16640
16536
16752
16864
16712
16656
16776
16888
16784
16688
16768
16968
16888
16792
16816
16992
16920
16880
16856
17024
17032
16944
16936
17088
17104
17024
16984
17152
17264
17160
17096
17264
17472
17360
17320
17440
17616
17648
17576
17624
17864
17872
17824
17856
18064
18096
18024
17928
18232
18248
18136
17904
18160
18160
17936
17632
17816
17792
17480
17176
17304
17256
17080
16832
16952
17016
16888
16720
16704
16768
16728
16576
16552
16760
16696
16616
16416
16656
16728
16552
16376
16584
16736
16584
16408
16640
16688
16616
16464
16656
16744
16704
16496
16584
16704
16752
16584
16584
16800
16728
16600
16456
16776
16792
16664
16488
16792
16864
16696
16520
16776
16784
16720
16496
16728
16800
16752
16544
16656
16768
16720
16544
16600
16784
16760
16568
16488
16752
16736
16624
16472
16760
16792
16664
16488
16792
16800
16672
16440
16688
16880
16752
16496
16624
16768
16768
16552
16592
16792
16800
16560
16480
16760
16736
16648
16488
16816
16832
16600
16448
16680
16816
16704
16464
16728
16824
16768
16544
16768
16928
16904
16728
16744
17048
17056
16832
16808
17048
17104
16936
16768
17008
17008
16784
16608
16792
16784
16696
16448
16624
16656
16592
16376
16504
16640
16664
16448
16496
16672
16632
16472
16456
16656
16704
16520
16624
16776
16784
16808
16888
17912
19472
19816
19648
18928
17952
17088
16640
16488
16544
16504
16304
16592
16776
16960
16712
16752
16824
16944
16696
16712
16864
16976
16864
16704
16888
17032
16904
16704
16976
17032
17016
16832
16968
17016
17016
16832
16976
17144
17152
17024
17032
17168
17200
17096
17056
17240
17328
17256
17208
17336
17488
17416
17304
17512
17632
17688
17536
17720
17856
17896
17752
17896
18032
18128
17920
17968
18112
18216
18032
17992
18072
18072
17848
17656
17680
17608
17376
17112
17208
17216
17080
16744
16832
16872
16848
16600
16656
16720
16784
16504
16528
16624
16640
16520
16440
16624
16656
16528
16464
16528
16664
16560
16400
16560
16600
16560
16416
16512
16600
16616
16440
16472
16608
16680
16472
16472
16568
16680
16560
16488
16608
16736
16584
16528
16560
16632
16520
16496
16560
16648
16560
16448
16472
16600
16592
16432
16496
16552
16656
16416
16448
16560
16632
16400
16456
16592
16632
16448
16408
16512
16592
16504
16384
16424
16584
16528
16320
16392
16496
16528
16336
16400
16512
16576
16304
16384
16448
16536
16376
16344
16440
16560
16400
16400
16408
16496
16448
16344
16416
16504
16480
16304
16368
16464
16520
16312
16376
16448
16544
16280
16360
16440
16536
16312
16352
16440
16544
16368
16336
16408
16528
16432
16360
16424
16568
16544
16464
16512
16672
16656
16504
16568
16720
16800
16584
16640
16688
16736
16488
16440
16528
16528
16360
16256
16328
16360
16264
16104
16240
16344
16320
16152
16208
16280
16328
16136
16152
16272
16376
16160
16200
16272
16320
16088
16256
16592
17464
18864
19368
19328
18480
17248
16584
16536
16360
16120
15928
16000
16224
16392
16248
16368
16432
16568
16312
16352
16432
16568
16328
16424
16488
16648
16496
16424
16504
16616
16544
16408
16504
16664
16640
16472
16584
16640
16728
16528
16584
16760
16824
16680
16696
16784
16928
16800
16808
16912
17080
16952
16920
17056
17208
17168
17112
17216
17456
17480
17344
17432
17616
17616
17504
17592
17760
17816
17600
17592
17712
17744
17528
17392
17472
17456
17200
17016
16992
17016
16856
16664
16600
16696
16672
16448
16440
16512
16520
16304
16296
16448
16472
16192
16240
16384
16480
16272
16232
16320
16472
16336
16256
16328
16408
16360
16216
16312
16464
16408
16272
16296
16416
16464
16336
16312
16448
16536
16328
16280
16384
16512
16352
16336
16424
16576
16376
16288
16424
16480
16384
16240
16360
16424
16424
16256
16256
16376
16400
16224
16248
16400
16512
16288
16280
16384
16480
16280
16240
16392
16504
16336
16248
16344
16448
16336
16200
16296
16464
16424
16264
16280
16424
16424
16272
16320
16456
16472
16304
16272
16408
16504
16296
16264
16384
16496
16376
16248
16352
16464
16360
16288
16328
16448
16376
16264
16320
16456
16448
16288
16320
16440
16480
16336
16328
16448
16584
16464
16400
16600
16752
16632
16528
16736
16816
16752
16648
16752
16848
16800
16624
16680
16632
16600
16408
16328
16472
16584
16328
16264
16368
16464
16272
16240
16336
16504
16344
16256
16312
16432
16344
16240
16344
16464
16480
16288
16336
16608
16776
17280
18560
19816
20000
19264
18000
17232
16904
16392
16080
16192
16248
16256
16376
16560
16656
16576
16456
16576
16696
16672
16520
16544
16712
16680
16552
16584
16760
16832
16672
16584
16776
16832
16672
16680
16808
16920
16768
16760
16888
16936
16896
16792
16920
17080
17080
16960
17000
17160
17232
17056
17096
17280
17416
17256
17256
17448
17624
17472
17520
17672
17848
17760
17648
17848
18008
17928
17848
17936
18048
18072
17864
17840
17864
17792
17544
17392
17416
17432
17104
16984
17008
17024
16808
16704
16776
16896
16640
16552
16632
16776
16600
16456
16552
16664
16624
16456
16504
16592
16568
16416
16384
16552
16584
16424
16392
16560
16608
16456
16392
16576
16712
16544
16440
16528
16664
16544
16480
16624
16720
16672
16504
16584
16688
16720
16520
16560
16672
16752
16544
16488
16680
16752
16600
16528
16608
16760
16616
16544
16632
16728
16592
16480
16560
16728
16672
16496
16520
16648
16688
16528
16528
16648
16728
16576
16488
16624
16680
16536
16464
16600
16712
16584
16512
16608
16688
16568
16464
16584
16664
16688
16464
16560
16712
16688
16488
16472
16632
16728
16568
16472
16648
16720
16576
16488
16672
16760
16584
16528
16648
16712
16608
16456
16568
16696
16656
16520
16552
16744
16800
16592
16656
16856
16920
16736
16728
16968
17096
16872
16808
17024
17096
16864
16712
16800
16864
16696
16520
16520
16664
16568
16400
16376
16528
16528
16384
16344
16512
16608
16408
16384
16528
16568
16488
16416
16584
16720
16576
16480
16624
16840
16968
17680
19232
19968
19928
18912
17776
17112
16840
16416
16304
16456
16432
16456
16544
16744
16776
16712
16600
16792
16872
16728
16656
16760
16888
16776
16680
16816
16944
16864
16736
16736
16896
16984
16848
16816
16992
17120
16920
16896
17072
17136
16952
16928
17128
17288
17136
17040
17184
17304
17232
17184
17288
17464
17440
17344
17472
17632
17704
17600
17608
17920
18016
17848
17856
18040
18144
18024
17968
18168
18264
18024
17896
17936
17920
17704
17552
17488
17576
17400
17152
17064
17104
17040
16848
16712
16864
16880
16704
16560
16744
16768
16584
16504
16632
16768
16560
16480
16560
16680
16536
16376
16464
16664
16640
16496
16528
16632
16616
16480
16480
16616
16712
16536
16504
16632
16680
16536
16488
16680
16728
16584
16472
16608
16744
16600
16456
16560
16664
16632
16464
16464
16640
16600
16456
16400
16584
16704
16520
16456
16568
16672
16464
16400
16568
16696
16512
16440
16576
16656
16504
16392
16512
16648
16536
16424
16416
16544
16576
16448
16392
16560
16648
16424
16384
16544
16640
16392
16352
16528
16640
16528
16344
16488
16608
16464
16352
16448
16616
16560
16408
16448
16568
16608
16400
16408
16584
16672
16440
16416
16488
16624
16448
16352
16488
16624
16480
16376
16456
16640
16496
16312
16392
16632
16600
16456
16448
16584
16672
16528
16480
16672
16848
16648
16664
16840
16960
16760
16656
16736
16920
16704
16544
16592
16712
16488
16312
16320
16496
16408
16208
16200
16408
16400
16160
16192
16360
16440
16224
16208
16264
16376
16248
16256
16368
16536
16336
16240
16472
17080
17992
19280
19472
19424
18176
17152
16632
16568
16328
16096
16000
16240
16456
16424
16384
16592
16640
16424
16288
16520
16648
16520
16376
16544
16656
16528
16432
16488
16656
16648
16552
16576
16712
16712
16512
16520
16688
16848
16744
16616
16872
16944
16768
16720
16952
17040
16984
16872
17048
17208
17168
17056
17144
17376
17352
17288
17424
17536
17664
17520
17488
17696
17920
17776
17704
17936
18112
17880
17792
17912
18008
17832
17664
17672
17672
17424
17192
17216
17240
17056
16816
16712
16824
16800
16520
16464
16616
16656
16416
16288
16512
16496
16280
16208
16456
16504
16304
16208
16296
16440
16312
16208