-198
-196
-198
-198
-194
-193
-196
-195
-193
-192
-192
-191
-188
-188
-193
-192
-191
-186
-191
-192
-190
-188
-189
-193
-191
-187
-187
-193
-193
-190
-187
-189
-193
-189
-186
-191
-194
-192
-191
-192
-193
-193
-189
-189
-188
-183
-174
-170
-172
-172
-172
-170
-168
-169
-159
-148
-154
-160
-161
-163
-172
-171
-164
-165
-169
-176
-182
-183
-190
-194
-194
-191
-193
-196
-195
-190
-191
-195
-196
-193
-190
-195
-195
-189
-188
-190
-193
-191
-187
-189
-190
-183
-161
-144
-142
-133
-139
-218
-305
-384
-472
-544
-569
-570
-548
-512
-459
-386
-306
-251
-224
-206
-194
-184
-179
-177
-171
-166
-164
-164
-164
-160
-164
-165
-161
-158
-158
-161
-161
-156
-152
-157
-154
-151
-149
-152
-151
-149
-146
-147
-150
-147
-140
-139
-139
-137
-130
-129
-130
-128
-120
-113
-112
-108
-99
-90
-88
-84
-77
-69
-64
-60
-59
-54
-52
-56
-59
-59
-66
-74
-81
-89
-101
-112
-121
-125
-130
-139
-147
-150
-152
-160
-162
-163
-162
-167
-166
-165
-166
-170
-174
-172
-167
-169
-174
-171
-164
-164
-169
-169
-166
-165
-168
-168
-163
-161
-165
-167
-167
-162
-163
-164
-164
-160
-162
-164
-163
-160
-161
-167
-168
-164
-159
-164
-165
-163
-163
-165
-169
-167
-165
-166
-168
-168
-165
-167
-166
-165
-166
-166
-165
-158
-153
-150
-152
-152
-148
-148
-150
-148
-139
-127
-131
-136
-140
-142
-150
-147
-145
-147
-152
-155
-164
-166
-168
-170
-171
-171
-176
-180
-179
-180
-178
-180
-182
-182
-179
-180
-182
-180
-179
-182
-183
-180
-180
-182
-179
-172
-155
-135
-126
-126
-121
-170
-269
-340
-417
-494
-539
-547
-529
-507
-477
-426
-353
-280
-237
-217
-199
-187
-181
-178
-174
-170
-165
-164
-165
-158
-155
-159
-160
-154
-155
-157
-158
-158
-155
-156
-154
-151
-149
-152
-149
-145
-146
-146
-143
-138
-137
-136
-141
-143
-137
-134
-133
-129
-120
-115
-115
-105
-97
-92
-91
-84
-79
-74
-73
-69
-59
-54
-52
-55
-53
-54
-58
-69
-74
-78
-89
-105
-115
-119
-126
-133
-144
-147
-150
-155
-158
-161
-155
-157
-160
-163
-160
-159
-161
-161
-162
-164
-166
-167
-166
-162
-163
-162
-157
-156
-158
-159
-157
-156
-157
-157
-152
-147
-152
-150
-149
-147
-153
-157
-158
-154
-153
-158
-157
-151
-151
-157
-155
-153
-152
-156
-158
-155
-153
-153
-155
-152
-149
-152
-155
-154
-147
-147
-145
-139
-131
-126
-127
-128
-127
-126
-126
-125
-118
-104
-104
-107
-112
-118
-127
-130
-124
-121
-123
-127
-135
-141
-146
-150
-150
-146
-148
-151
-149
-146
-145
-150
-149
-145
-143
-149
-150
-147
-141
-143
-147
-145
-141
-142
-146
-142
-125
-105
-96
-92
-80
-121
-217
-293
-374
-459
-512
-522
-509
-480
-445
-390
-314
-239
-194
-170
-150
-136
-131
-129
-124
-118
-119
-118
-116
-111
-111
-113
-110
-104
-104
-108
-107
-103
-101
-107
-107
-103
-97
-100
-101
-98
-94
-94
-97
-93
-86
-84
-86
-85
-79
-76
-76
-75
-67
-62
-62
-59
-50
-42
-40
-38
-29
-21
-17
-16
-12
-5
-3
-4
-4
-5
-6
-15
-24
-32
-41
-49
-60
-65
-73
-83
-88
-89
-92
-100
-102
-101
-101
-106
-109
-107
-103
-106
-109
-106
-104
-107
-112
-110
-105
-104
-109
-110
-104
-101
-103
-104
-100
-96
-100
-101
-99
-94
-98
-98
-99
-93
-94
-96
-96
-95
-93
-95
-96
-95
-92
-95
-95
-92
-93
-96
-98
-96
-95
-96
-97
-96
-94
-98
-98
-96
-90
-94
-93
-90
-80
-77
-80
-76
-72
-75
-79
-76
-72
-63
-58
-63
-62
-64
-74
-82
-78
-69
-75
-79
-84
-85
-91
-97
-100
-96
-96
-97
-98
-98
-96
-99
-101
-100
-97
-100
-100
-98
-99
-100
-98
-96
-93
-93
-93
-92
-88
-79
-59
-47
-42
-36
-80
-174
-247
-330
-426
-470
-478
-463
-444
-402
-337
-252
-184
-147
-120
-101
-93
-92
-86
-79
-76
-75
-74
-69
-68
-70
-71
-66
-64
-66
-66
-62
-59
-61
-62
-63
-58
-60
-58
-57
-54
-54
-53
-52
-49
-49
-49
-48
-42
-41
-40
-36
-29
-26
-25
-22
-16
-8
-8
-4
5
14
14
18
26
33
36
35
39
43
37
30
24
20
13
0
-13
-20
-27
-37
-46
-48
-52
-58
-62
-62
-62
-64
-67
-68
-66
-71
-71
-72
-69
-70
-71
-71
-70
-69
-68
-66
-63
-66
-66
-66
-65
-64
-65
-66
-66
-64
-68
-65
-61
-58
-60
-65
-63
-60
-61
-65
-65
-61
-61
-67
-69
-67
-65
-67
-69
-66
-58
-63
-68
-64
-61
-65
-68
-72
-66
-67
-67
-66
-60
-58
-57
-50
-47
-44
-45
-46
-48
-43
-44
-41
-29
-24
-30
-36
-39
-44
-52
-51
-51
-52
-60
-68
-72
-69
-72
-75
-78
-75
-75
-81
-81
-77
-78
-84
-85
-81
-80
-83
-84
-82
-78
-80
-82
-77
-69
-70
-72
-69
-46
-32
-34
-25
-53
-144
-227
-309
-391
-439
-453
-446
-430
-393
-342
-270
-193
-141
-114
-96
-86
-78
-75
-77
-72
-65
-64
-62
-64
-63
-64
-65
-63
-60
-54
-60
-60
-55
-53
-57
-60
-59
-58
-58
-55
-53
-51
-45
-46
-48
-42
-42
-47
-44
-36
-29
-32
-35
-30
-23
-19
-14
-10
-2
4
7
6
16
25
30
31
31
32
26
24
26
24
18
7
-3
-12
-25
-33
-42
-49
-62
-67
-64
-66
-74
-74
-74
-72
-75
-82
-82
-82
-86
-88
-84
-79
-76
-73
-82
-86
-79
-78
-79
-77
-76
-82
-88
-86
-78
-79
-79
-77
-71
-75
-78
-74
-72
-73
-79
-79
-75
-72
-77
-81
-76
-72
-76
-84
-82
-78
-82
-80
-77
-78
-81
-80
-77
-74
-76
-80
-85
-83
-80
-77
-75
-69
-66
-68
-64
-61
-64
-62
-63
-54
-36
-38
-43
-46
-51
-58
-57
-54
-52
-58
-63
-74
-75
-76
-82
-83
-81
-79
-84
-86
-81
-78
-84
-86
-84
-84
-85
-85
-84
-82
-84
-81
-80
-78
-83
-83
-79
-61
-40
-33
-34
-26
-64
-163
-235
-320
-398
-446
-455
-443
-418
-383
-334
-258
-183
-137
-111
-93
-78
-72
-70
-70
-62
-59
-59
-59
-53
-50
-53
-52
-51
-46
-50
-52
-53
-49
-49
-48
-45
-45
-45
-46
-44
-41
-40
-41
-40
-35
-32
-31
-30
-23
-20
-21
-18
-9
-3
-5
-2
2
12
16
20
26
33
36
37
46
54
56
53
54
58
56
47
35
30
22
9
-2
-9
-13
-24
-30
-38
-37
-41
-44
-47
-47
-50
-51
-52
-54
-54
-54
-54
-53
-52
-52
-51
-49
-49
-51
-51
-48
-46
-50
-46
-44
-43
-49
-49
-47
-40
-44
-46
-45
-40
-40
-46
-44
-40
-38
-42
-43
-40
-39
-44
-43
-40
-38
-40
-43
-43
-37
-40
-42
-43
-38
-42
-44
-44
-42
-40
-40
-37
-30
-24
-25
-25
-21
-22
-23
-20
-17
-8
-3
-5
-8
-12
-23
-32
-29
-20
-27
-33
-37
-40
-49
-56
-57
-53
-54
-60
-60
-55
-54
-56
-59
-57
-55
-59
-62
-59
-55
-55
-56
-56
-52
-54
-56
-55
-46
-27
-11
-7
5
-3
-84
-175
-257
-348
-425
-446
-443
-419
-390
-338
-265
-183
-127
-101
-80
-64
-57
-53
-50
-42
-43
-42
-40
-36
-34
-39
-39
-36
-35
-37
-36
-32
-30
-32
-33
-30
-26
-28
-31
-28
-20
-21
-22
-24
-19
-18
-20
-20
-15
-13
-14
-13
-8
-1
0
6
9
17
20
24
31
40
43
44
50
56
59
60
60
62
56
50
41
36
26
13
3
-1
-7
-23
-30
-31
-32
-40
-44
-47
-44
-50
-57
-57
-53
-54
-59
-61
-55
-55
-60
-62
-58
-55
-58
-59
-54
-50
-54
-56
-54
-48
-51
-53
-54
-50
-52
-53
-53
-51
-53
-55
-53
-50
-50
-54
-56
-53
-52
-53
-55
-52
-52
-56
-57
-57
-53
-59
-59
-59
-55
-58
-58
-56
-55
-58
-60
-57
-50
-45
-44
-41
-37
-35
-39
-40
-37
-33
-27
-24
-28
-29
-34
-40
-43
-38
-36
-40
-43
-44
-58
-67
-72
-73
-73
-76
-76
-77
-70
-75
-78
-71
-72
-80
-89
-87
-81
-75
-71
-82
-92
-109
-110
-107
-97
-89
-68
-45
-32
-32
-65
-154
-228
-309
-400
-450
-466
-465
-453
-425
-369
-289
-212
-161
-130
-108
-104
-100
-95
-89
-86
-83
-78
-72
-71
-78
-79
-79
-80
-79
-80
-78
-78
-80
-81
-79
-73
-72
-77
-78
-75
-73
-75
-73
-70
-70
-66
-65
-61
-58
-61
-55
-49
-46
-47
-44
-35
-26
-25
-20
-13
-1
1
4
9
20
24
26
26
29
26
17
5
2
-7
-19
-35
-41
-43
-53
-61
-67
-69
-75
-80
-84
-85
-87
-92
-94
-92
-94
-94
-96
-95
-98
-98
-96
-92
-92
-92
-92
-93
-91
-92
-92
-90
-88
-91
-92
-89
-87
-89
-91
-88
-84
-84
-87
-86
-80
-83
-91
-93
-88
-85
-87
-90
-87
-84
-84
-83
-81
-75
-74
-74
-78
-74
-77
-83
-88
-83
-81
-86
-84
-79
-74
-72
-69
-68
-69
-71
-69
-65
-59
-48
-45
-48
-50
-59
-68
-70
-64
-68
-72
-74
-78
-86
-92
-96
-96
-98
-104
-104
-101
-99
-103
-105
-100
-98
-103
-105
-102
-98
-98
-102
-102
-96
-97
-97
-101
-93
-78
-60
-53
-49
-46
-100
-195
-270
-355
-442
-480
-482
-464
-438
-399
-339
-260
-192
-153
-126
-103
-97
-95
-92
-84
-83
-81
-79
-71
-71
-74
-76
-74
-71
-76
-74
-72
-67
-70
-73
-70
-65
-66
-68
-67
-63
-63
-63
-66
-60
-57
-59
-59
-54
-50
-48
-46
-42
-36
-35
-32
-26
-20
-17
-11
-4
3
7
10
16
22
24
25
27
31
28
21
14
7
-5
-15
-24
-32
-39
-53
-60
-62
-64
-74
-78
-78
-77
-83
-87
-88
-84
-87
-93
-90
-84
-84
-88
-90
-85
-83
-84
-85
-81
-79
-82
-82
-83
-78
-79
-80
-80
-75
-78
-82
-81
-77
-78
-76
-76
-75
-76
-78
-78
-75
-76
-78
-76
-74
-75
-77
-80
-78
-74
-81
-78
-75
-69
-75
-79
-76
-71
-73
-78
-75
-69
-65
-63
-64
-57
-55
-60
-62
-57
-54
-48
-49
-54
-56
-60
-71
-80
-69
-65
-75
-81
-86
-90
-93
-89
-92
-101
-113
-111
-97
-88
-102
-110
-115
-113
-118
-122
-116
-118
-129
-122
-120
-117
-106
-98
-104
-102
-93
-80
-75
-65
-69
-145
-234
-293
-372
-446
-475
-477
-464
-449
-406
-340
-263
-200
-167
-142
-121
-112
-107
-106
-98
-94
-95
-95
-89
-85
-88
-91
-88
-84
-88
-87
-88
-85
-88
-86
-87
-88
-87
-87
-85
-81
-82
-82
-84
-80
-81
-78
-78
-71
-68
-68
-62
-54
-50
-53
-47
-40
-34
-30
-26
-19
-8
-4
-4
4
13
14
11
10
16
12
6
-3
-7
-17
-28
-37
-41
-49
-62
-71
-78
-76
-81
-87
-89
-85
-89
-92
-90
-92
-94
-97
-97
-97
-99
-98
-98
-93
-97
-102
-99
-97
-96
-99
-99
-95
-91
-93
-94
-91
-84
-86
-92
-90
-86
-86
-93
-91
-84
-83
-89
-91
-87
-84
-86
-88
-85
-82
-83
-87
-86
-82
-85
-87
-90
-86
-87
-91
-91
-82
-76
-73
-70
-64
-63
-70
-67
-63
-61
-52
-48
-52
-56
-61
-68
-70
-65
-68
-73
-76
-77
-86
-93
-93
-92
-91
-97
-101
-97
-95
-98
-100
-97
-93
-93
-96
-93
-91
-94
-98
-93
-87
-88
-91
-93
-84
-65
-48
-45
-38
-47
-120
-212
-283
-367
-447
-474
-474
-454
-429
-383
-315
-237
-177
-142
-118
-101
-94
-90
-85
-78
-78
-75
-73
-65
-68
-70
-68
-66
-65
-70
-69
-62
-59
-64
-64
-62
-57
-60
-64
-61
-57
-57
-58
-55
-51
-50
-48
-51
-45
-41
-40
-39
-31
-25
-22
-18
-12
-2
2
7
14
22
26
30
35
39
42
42
43
45
41
32
26
23
10
2
-7
-13
-23
-33
-41
-43
-45
-55
-57
-55
-54
-60
-63
-63
-57
-56
-62
-63
-61
-61
-64
-63
-59
-59
-60
-61
-57
-56
-55
-59
-57
-53
-54
-56
-54
-50
-53
-55
-55
-51
-54
-54
-54
-52
-52
-55
-54
-50
-50
-53
-54
-53
-54
-56
-56
-53
-51
-53
-56
-53
-48
-46
-40
-36
-29
-31
-32
-33
-26
-27
-28
-15
-7
-11
-18
-22
-26
-28
-28
-30
-31
-32
-44
-52
-53
-53
-56
-57
-59
-54
-57
-58
-59
-55
-56
-58
-58
-56
-54
-56
-58
-59
-56
-56
-58
-54
-52
-49
-31
-16
-9
-5
-29
-114
-189
-272
-363
-429
-441
-436
-416
-385
-328
-256
-183
-132
-98
-76
-67
-60
-53
-47
-47
-48
-43
-42
-42
-43
-42
-37
-39
-38
-42
-35
-32
-32
-35
-33
-29
-33
-33
-31
-31
-31
-29
-27
-23
-23
-21
-19
-15
-11
-10
-10
-4
-2
1
5
12
15
18
23
33
36
37
44
55
61
61
61
64
67
61
55
55
52
39
26
17
12
-1
-10
-15
-16
-24
-33
-39
-36
-37
-44
-47
-48
-44
-47
-49
-48
-43
-51
-55
-53
-49
-47
-46
-47
-47
-50
-52
-50
-43
-47
-46
-46
-42
-40
-36
-40
-42
-44
-51
-49
-44
-40
-47
-47
-47
-42
-44
-48
-52
-49
-52
-52
-48
-47
-46
-47
-42
-23
-21
-30
-34
-29
-24
-24
-23
-16
-1
-2
-7
-15
-15
-19
-19
-21
-26
-31
-38
-49
-50
-46
-50
-56
-54
-57
-63
-68
-65
-68
-74
-74
-67
-63
-68
-67
-65
-59
-58
-59
-62
-58
-59
-61
-39
-17
-13
-19
-27
-92
-179
-258
-343
-409
-431
-432
-416
-392
-346
-284
-211
-148
-107
-81
-66
-63
-57
-54
-51
-51
-47
-42
-44
-46
-47
-43
-44
-43
-40
-40
-40
-40
-38
-34
-36
-37
-37
-33
-31
-33
-34
-28
-29
-28
-27
-22
-19
-22
-18
-11
-6
-7
-3
3
9
12
16
22
32
36
40
48
61
65
65
64
73
74
70
62
61
53
42
30
21
12
3
-8
-16
-18
-22
-26
-27
-30
-35
-39
-40
-39
-40
-41
-38
-34
-38
-40
-42
-37
-36
-40
-40
-34
-29
-35
-36
-34
-31
-33
-35
-31
-27
-29
-32
-29
-23
-25
-29
-30
-24
-22
-25
-28
-24
-22
-25
-29
-26
-25
-24
-25
-26
-22
-24
-25
-26
-22
-20
-20
-16
-8
-3
0
1
3
5
10
23
29
24
19
11
5
2
0
3
3
4
-10
-19
-23
-23
-27
-30
-30
-26
-27
-32
-31
-26
-27
-30
-30
-25
-25
-29
-32
-27
-24
-25
-28
-26
-20
-17
1
17
24
28
18
-56
-141
-223
-317
-394
-413
-410
-389
-360
-309
-236
-157
-98
-64
-43
-30
-26
-17
-11
-11
-9
-9
-2
-2
-3
-3
1
2
-2
1
7
9
6
6
11
12
10
10
15
20
16
14
18
22
21
19
20
27
26
28
28
36
39
39
43
52
58
61
65
72
83
85
88
97
102
104
106
109
109
105
99
92
88
77
67
57
51
39
29
22
20
17
7
3
5
5
-5
-5
-2
0
-5
-8
-7
-3
-4
-9
-8
-2
-3
-4
-5
-1
-1
-2
-3
4
3
3
0
1
5
4
4
6
9
7
6
7
9
7
5
6
8
8
5
6
11
8
7
5
9
10
7
7
10
12
10
15
22
27
26
28
29
32
31
31
44
56
50
43
41
39
35
31
32
34
30
20
8
6
6
2
-1
-2
3
-1
-3
-5
0
-1
-6
-6
-3
-2
-3
-4
-3
-2
-2
-4
0
0
-2
4
27
45
43
48
35
-42
-130
-211
-304
-370
-391
-389
-366
-328
-274
-202
-121
-63
-36
-19
-10
1
7
9
7
13
16
15
14
18
22
22
21
18
24
23
20
17
19
21
20
22
24
24
22
20
25
31
33
31
34
35
33
35
37
42
41
43
49
58
60
65
67
77
83
88
94
101
103
105
109
114
115
109
106
104
102
92
77
72
65
50
39
34
29
20
11
4
6
3
0
-2
0
0
-5
-7
-4
-2
-6
-10
-11
-8
-9
-11
-8
-5
-5
-2
1
2
4
2
-3
0
-2
-4
-7
-3
-4
-3
-4
-1
1
-7
-10
-5
0
-3
-7
-6
0
0
-5
-4
1
0
-8
-15
-12
-10
-10
-8
6
10
11
7
9
14
15
22
34
34
27
20
19
13
9
14
15
11
7
-5
-20
-19
-22
-25
-28
-24
-23
-25
-26
-23
-22
-21
-23
-25
-26
-30
-30
-25
-17
-23
-29
-23
-15
-19
-22
-6
23
33
28
28
-16
-106
-180
-268
-347
-384
-391
-379
-356
-313
-259
-187
-116
-69
-47
-33
-23
-13
-11
-10
-7
-3
1
1
-2
5
8
6
7
9
8
7
9
12
16
12
11
15
21
19
17
16
23
24
23
24
32
35
34
34
42
46
46
46
54
61
64
66
75
85
90
95
100
110
111
116
118
123
124
122
117
116
112
103
88
79
65
53
45
41
35
28
24
22
19
15
13
14
18
14
14
15
16
12
9
10
14
16
11
12
16
18
15
16
20
25
24
19
21
24
23
20
21
26
26
24
19
23
24
20
16
21
26
23
18
21
26
22
20
21
25
23
21
24
26
27
26
26
32
39
44
44
47
45
42
43
49
51
62
67
66
63
54
47
45
51
52
48
46
44
31
22
22
25
23
18
19
21
21
18
14
21
22
18
14
19
22
19
19
19
24
24
22
21
29
31
46
65
70
74
65
-8
-95
-172
-263
-342
-360
-359
-340
-310
-259
-193
-113
-49
-15
10
20
29
35
42
43
44
47
53
55
52
52
59
58
54
55
60
60
58
55
59
62
61
60
64
67
67
66
66
72
73
74
71
77
79
82
84
88
93
96
99
105
111
114
117
125
130
133
139
144
149
152
154
156
161
156
151
147
142
132
122
108
104
96
82
73
70
68
59
54
54
54
50
47
47
50
47
43
45
49
47
45
41
46
48
47
44
51
53
53
51
53
56
54
52
53
55
53
52
55
56
56
56
56
59
57
55
53
57
53
53
51
56
55
52
51
54
55
51
51
57
58
56
54
60
69
72
71
73
80
77
74
75
82
89
98
94
94
92
83
74
77
84
79
75
71
68
60
56
52
52
55
53
51
54
52
51
48
51
51
49
47
54
53
49
50
53
56
52
52
56
60
62
80
97
103
107
86
8
-70
-153
-249
-318
-330
-323
-306
-276
-216
-137
-57
-9
23
43
51
56
62
71
73
74
73
75
78
78
77
80
85
83
83
85
86
84
84
87
84
88
88
92
89
87
88
93
95
93
95
98
105
102
102
105
114
115
115
118
129
136
136
138
147
154
158
161
168
177
178
176
183
185
179
173
166
162
153
140
126
120
110
97
91
87
85
77
70
70
72
68
63
67
66
63
58
58
61
63
61
59
62
64
61
59
62
63
63
60
63
67
64
64
67
66
61
60
63
68
61
57
61
64
64
59
57
62
62
59
55
62
63
60
61
66
63
56
50
53
54
49
49
53
60
61
63
69
76
77
76
80
85
86
91
99
98
86
81
75
70
74
74
68
67
63
55
48
45
42
38
38
38
45
45
39
38
43
43
38
40
47
45
38
37
45
48
39
33
39
47
50
69
95
104
105
94
25
-58
-137
-224
-293
-320
-322
-301
-277
-232
-172
-99
-32
10
37
52
60
64
66
68
68
73
78
77
78
79
83
83
84
80
78
79
76
77
85
87
83
80
82
83
83
81
90
96
93
90
94
101
102
101
100
108
110
110
113
120
125
127
130
138
147
153
154
159
165
171
173
179
178
173
168
164
161
149
139
128
121
109
100
91
88
82
76
70
71
70
62
59
62
64
61
58
58
58
57
54
56
62
60
56
56
61
63
61
58
66
66
61
58
64
65
63
62
65
66
64
61
63
66
66
64
64
65
62
60
63
66
62
58
59
62
61
62
61
64
63
61
61
63
67
68
73
78
81
81
81
81
87
86
86
100
108
103
96
90
87
84
83
83
84
80
71
63
61
60
58
55
55
58
55
54
52
55
53
51
51
52
55
54
52
58
58
58
58
63
63
62
65
86
107
111
114
117
60
-35
-110
-195
-274
-302
-306
-286
-255
-210
-149
-68
3
41
61
73
88
93
95
95
103
108
107
107
109
113
114
109
111
116
115
113
114
118
119
119
118
121
124
121
119
124
124
123
122
125
127
127
127
133
139
137
138
143
149
150
154
160
166
168
170
174
182
186
186
190
197
200
196
192
192
187
177
166
158
150
139
128
117
112
106
96
90
90
89
83
77
75
77
73
70
71
72
68
66
68
68
66
65
68
71
68
68
69
74
70
69
69
73
72
69
68
73
71
67
68
73
74
69
68
71
71
68
64
67
71
67
62
63
67
66
63
60
66
66
65
61
65
65
64
65
70
76
77
78
79
81
79
77
80
85
95
99
97
93
87
79
76
82
85
79
76
74
65
58
54
54
55
51
50
53
54
49
47
51
53
48
44
46
51
50
45
46
51
53
49
46
53
55
62
80
93
98
103
67
-22
-96
-181
-276
-330
-337
-328
-305
-266
-204
-123
-51
-10
18
34
42
46
55
58
57
59
63
63
62
63
67
69
66
66
68
70
68
65
67
73
70
67
68
73
74
72
70
75
77
76
76
81
86
87
86
91
96
97
99
102
112
116
119
124
134
140
144
148
154
157
160
161
165
163
159
154
151
142
131
121
112
104
92
84
78
75
68
61
58
59
57
52
50
55
54
46
46
51
53
48
46
51
54
50
47
51
56
56
52
52
57
57
56
54
59
59
56
54
56
58
56
53
57
58
54
53
54
55
53
50
54
55
50
48
52
56
52
51
51
56
53
51
48
51
49
49
51
58
63
62
63
68
71
65
62
66
73
83
87
82
80
77
67
60
69
73
66
59
57
48
39
35
33
37
39
37
33
32
29
28
30
30
31
29
30
33
29
29
27
32
35
32
28
28
28
36
59
81
82
85
63
-21
-105
-183
-264
-323
-337
-333
-321
-291
-241
-169
-97
-44
-13
8
21
23
29
36
39
38
42
46
47
41
42
53
50
45
47
54
52
51
50
50
51
51
52
57
59
55
55
57
55
57
58
65
68
69
70
78
84
79
80
86
92
91
94
100
112
118
119
124
131
139
142
145
149
148
143
132
128
124
115
102
95
87
79
72
64
64
55
43
38
42
39
31
26
26
28
29
31
32
32
33
31
33
32
31
29
29
29
31
32
37
42
34
30
32
36
33
31
33
37
36
31
32
38
42
37
36
38
41
39
35
38
39
37
31
29
34
35
31
30
35
35
31
31
35
35
34
35
39
47
49
50
54
57
51
50
57
63
68
68
67
65
59
50
49
57
56
48
48
46
37
27
25
25
26
26
25
25
26
22
22
26
28
25
18
20
27
26
24
24
29
28
26
26
30
33
47
69
73
75
66
-3
-88
-155
-238
-312
-338
-340
-321
-298
-253
-192
-118
-58
-22
2
18
26
29
35
37
36
39
44
46
45
47
50
51
46
46
50
52
48
45
48
51
51
47
48
53
55
54
54
59
59
56
57
64
68
67
71
77
83
86
88
90
97
103
105
108
116
122
126
133
140
144
145
145
148
148
141
136
133
126
116
105
97
90
79
72
64
62
54
48
45
46
43
38
35
38
39
34
34
38
41
38
35
41
45
41
36
39
44
42
41
43
48
47
47
46
48
49
50
47
48
50
48
47
49
51
48
47
51
50
47
46
49
48
48
43
44
48
47
44
45
49
47
44
42
46
46
43
44
51
53
55
57
65
69
68
65
67
73
73
73
87
92
86
78
74
69
67
69
66
67
66
56
48
47
48
43
39
40
43
42
40
41
40
41
38
38
41
41
40
40
43
41
40
40
42
42
41
43
62
83
85
90
94
34
-60
-136
-221
-302
-335
-343
-324
-293
-250
-187
-104
-35
-1
18
28
43
50
52
51
58
61
62
61
61
65
65
65
65
68
70
68
69
70
71
69
69
73
73
72
72
78
77
76
77
80
84
83
85
90
94
93
96
100
107
109
112
118
127
129
130
137
146
150
151
153
163
167
164
158
161
159
149
136
132
125
113
102
92
88
80
75
67
67
63
58
55
55
53
50
49
51
51
48
46
50
51
49
48
49
51
51
51
52
54
51
50
52
57
58
55
56
59
58
54
53
57
59
54
50
54
56
54
51
55
58
56
52
52
55
55
53
50
56
57
54
49
55
55
53
53
55
56
53
52
56
60
65
67
72
73
72
69
70
75
73
77
90
93
87
81
78
76
70
71
69
66
63
53
44
43
42
39
36
39
41
42
37
38
42
38
32
32
38
37
32
27
34
38
34
34
39
42
39
39
55
80
85
87
83
17
-72
-152
-238
-315
-342
-346
-328
-298
-254
-190
-106
-43
-11
8
22
33
37
34
32
38
42
42
42
44
48
49
51
50
52
53
50
49
54
53
46
46
53
57
51
49
56
59
58
59
64
70
69
65
63
65
69
73
75
82
92
92
94
105
109
113
122
130
131
131
130
135
138
138
136
139
137
127
118
110
100
86
74
70
68
64
52
44
43
39
34
31
37
36
28
20
23
25
24
23
24
27
28
28
32
36
30
24
24
24
25
24
20
25
31
30
31
30
30
30
28
28
27
28
27
31
34
33
28
29
32
31
31
31
28
23
21
27
34
31
30
33
35
31
25
26
34
36
41
42
45
45
44
45
45
48
51
56
60
69
66
60
56
58
51
48
49
42
39
34
27
25
26
23
21
26
24
23
17
14
14
15
13
13
23
25
17
15
21
17
15
15
18
18
12
11
32
61
71
69
73
27
-71
-145
-225
-301
-342
-352
-334
-304
-272
-221
-147
-71
-33
-13
3
21
30
32
31
34
38
39
39
42
46
47
44
47
47
51
53
53
55
53
47
45
50
51
53
56
56
55
56
56
62
69
66
66
73
81
85
85
87
91
97
96
98
108
117
118
123
135
142
143
147
154
163
162
156
158
152
142
131
122
119
108
94
80
74
68
63
59
56
52
46
42
42
41
39
41
43
41
39
34
38
42
39
37
39
43
40
40
45
48
45
41
40
44
45
40
41
49
52
45
40
43
44
43
41
46
49
48
45
44
49
50
47
47
48
46
46
47
49
46
43
45
46
46
44
43
44
46
49
51
58
62
65
66
66
65
64
66
70
82
89
85
81
80
72
62
66
75
71
64
57
52
48
46
39
41
43
41
38
39
45
42
38
35
40
41
38
35
41
44
42
40
42
44
40
40
45
64
80
83
91
92
26
-71
-150
-235
-317
-347
-349
-325
-296
-249
-186
-100
-36
-5
18
36
46
48
50
57
61
58
59
63
66
65
63
64
68
69
66
66
71
73
70
68
74
75
73
70
76
77
75
75
78
82
82
82
84
88
90
91
96
101
106
109
115
121
127
129
133
142
147
149
152
159
163
164
167
169
168
161
153
148
140
127
117
108
101
92
84
80
76
72
64
61
64
65
60
56
58
60
56
53
55
56
55
53
53
58
58
55
55
61
60
58
59
62
65
63
63
61
62
61
60
63
63
61
62
63
63
61
61
62
64
60
57
58
63
60
58
57
61
60
57
57
63
63
58
57
62
64
63
63
71
77
78
74
77
78
78
76
77
90
100
96
89
88
84
75
73
82
80
73
67
61
56
51
46
47
47
45
43
43
43
42
41
41
46
43
42
42
44
42
40
41
47
49
45
44
48
59
76
88
92
103
72
-19
-98
-177
-271
-332
-345
-333
-308
-273
-217
-130
-52
-9
11
31
47
50
48
51
57
58
57
58
60
58
56
60
61
63
63
61
64
64
63
60
60
59
60
60
64
63
60
62
68
69
68
72
73
73
73
73
79
85
86
85
92
102
106
104
110
123
128
129
125
134
142
143
140
140
143
137
125
120
117
105
93
82
72
64
53
48
46
43
39
33
30
26
19
14
21
19
15
12
15
17
12
11
14
21
20
15
15
19
17
13
13
16
20
14
17
19
17
16
15
21
22
17
15
16
16
13
7
11
16
14
13
13
17
12
8
8
11
9
3
5
7
10
11
10
11
12
9
11
16
20
22
25
26
23
20
24
26
40
47
41
33
32
21
14
23
36
25
12
9
8
3
-7
-12
-11
-16
-21
-24
-18
-9
-12
-19
-19
-10
-9
-14
-20
-12
-10
-19
-24
-21
-13
-14
-19
-15
7
29
39
46
27
-49
-133
-202
-289
-356
-382
-381
-360
-339
-302
-242
-156
-96
-68
-50
-28
-14
-11
-10
-1
2
0
-3
0
0
1
3
7
4
-1
-2
2
4
4
4
5
9
9
7
4
9
11
10
13
17
20
19
21
22
29
29
34
41
42
44
50
49
52
59
67
73
80
85
89
96
105
107
111
110
108
107
98
90
84
73
59
46
38
35
25
9
6
5
5
-3
-6
-3
-7
-9
-11
-9
-10
-15
-18
-14
-11
-10
-13
-16
-13
-10
-13
-14
-8
-8
-9
-11
-10
-8
-8
-10
-7
-4
-8
-10
-6
-7
-8
-7
-3
-4
-7
-8
-11
-11
-12
-13
-12
-6
-12
-16
-15
-10
-11
-19
-17
-12
-11
-15
-16
-14
-10
-9
-10
-3
0
1
0
5
5
4
6
12
30
30
22
14
13
6
2
6
7
6
0
-9
-13
-15
-20
-24
-21
-22
-22
-23
-24
-22
-24
-27
-27
-27
-28
-28
-28
-20
-21
-26
-27
-21
-21
-23
-20
-5
19
27
27
38
3
-97
-181
-264
-350
-395
-408
-397
-368
-329
-273
-198
-121
-76
-52
-35
-20
-15
-12
-9
-5
0
-1
-2
0
4
4
5
7
8
9
7
9
11
12
8
6
12
13
12
15
19
20
18
18
24
27
26
28
33
40
40
43
49
53
54
55
61
70
75
78
81
90
99
101
102
110
114
114
111
112
111
102
92
85
78
67
55
48
43
39
31
25
21
18
14
11
13
9
7
6
10
8
5
5
7
7
5
3
6
11
8
6
10
15
15
10
13
15
16
15
15
19
20
18
16
19
21
18
14
19
21
21
17
17
21
19
15
15
18
20
18
16
19
22
18
17
19
21
19
18
24
24
27
33
39
43
45
43
45
45
44
45
53
68
65
59
56
54
46
42
48
51
48
38
32
30
29
23
18
23
24
23
17
21
25
23
19
18
24
24
20
19
24
26
25
23
25
29
26
27
41
64
73
75
87
44
-50
-131
-216
-306
-352
-363
-348
-318
-278
-215
-132
-57
-18
3
19
33
39
39
42
49
54
50
51
55
59
58
51
55
59
60
57
59
64
65
62
59
66
68
68
63
68
70
68
69
72
75
75
76
80
85
87
89
94
100
104
107
112
119
125
129
133
143
148
153
156
163
166
164
161
165
162
151
141
136
130
116
105
97
94
85
73
68
69
68
59
59
58
58
55
51
54
55
51
47
46
52
51
48
48
56
56
52
52
56
57
54
57
60
61
58
57
54
53
53
54
56
57
56
56
61
62
59
55
58
63
61
59
60
61
57
55
53
55
54
49
48
48
50
49
49
54
60
63
64
70
69
67
67
64
69
73
74
81
92
89
80
73
69
68
68
70
68
63
53
44
43
41
38
38
36
36
34
33
34
36
37
35
30
31
30
32
30
31
32
32
30
31
32
29
41
67
82
75
80
60
-29
-116
-201
-282
-335
-350
-342
-321
-283
-237
-175
-103
-43
-10
5
13
25
31
32
34
37
39
35
35
40
47
49
46
52
55
55
53
53
55
59
54
51
57
62
64
69
72
74
73
75
80
81
80
81
89
97
97
93
96
104
113
108
120
128
127
130
135
145
148
148
150
158
166
164
157
159
156
146
133
121
109
95
85
82
81
72
58
56
56
52
46
43
41
41
36
29
36
34
36
37
40
41
33
30
31
39
34
25
25
31
33
30
34
41
44
41
39
36
36
39
36
32
32
32
32
37
41
42
40
36
38
36
36
38
36
29
20
21
27
31
28
36
38
30
30
34
37
41
44
44
46
43
43
44
48
61
66
65
65
62
51
39
37
47
41
34
32
31
27
21
17
19
19
17
12
14
19
15
10
10
18
15
9
10
15
15
12
11
17
17
13
15
23
35
52
59
66
70
10
-85
-159
-244
-325
-359
-360
-343
-319
-281
-221
-140
-75
-38
-18
1
12
18
22
28
30
29
31
37
41
40
38
41
44
38
34
40
46
44
39
43
48
47
46
44
49
52
50
50
55
58
55
57
60
66
64
66
70
78
81
83
90
93
100
103
110
117
121
123
129
137
139
140
140
142
138
131
124
117
108
93
82
76
72
59
50
45
43
38
30
31
31
30
25
21
26
26
21
18
24
25
20
18
22
25
22
19
20
27
22
17
16
20
21
20
22
24
23
20
21
24
24
21
19
24
23
24
21
24
25
22
21
22
24
19
18
21
24
19
17
17
19
18
14
15
20
22
22
27
33
38
35
32
35
38
38
33
46
59
54
48
44
41
35
35
38
36
33
26
18
15
14
6
5
10
11
7
6
7
6
5
3
3
5
4
2
6
8
6
4
5
8
10
5
10
30
50
52
58
64
3
-97
-180
-269
-353
-385
-392
-371
-337
-289
-222
-140
-70
-36
-18
-6
7
14
14
16
21
25
24
23
26
30
26
26
30
31
30
30
32
33
30
30
32
36
34
31
34
38
38
36
36
41
42
37
39
46
49
48
48
55
59
60
61
69
78
80
83
89
98
104
105
107
115
119
116
113
114
111
101
90
81
74
61
50
41
36
30
20
15
13
9
4
3
1
-1
-6
-6
-3
-6
-6
-7
-5
-3
-7
-6
-3
-2
-5
-6
-3
1
-3
-5
-1
2
0
-4
0
4
5
-1
1
4
3
1
-2
4
6
0
-5
-2
1
-2
-3
-4
-1
-1
-4
-5
0
-2
-6
-7
-6
-6
-10
-9
-6
-3
-2
1
9
12
8
9
11
13
13
13
25
34
26
19
16
14
6
5
10
9
7
-4
-10
-12
-14
-22
-24
-19
-18
-24
-28
-21
-20
-24
-28
-26
-23
-22
-25
-27
-21
-18
-20
-23
-19
-19
-21
-21
-9
15
26
28
34
-7
-104
-184
-268
-362
-408
-419
-401
-374
-332
-270
-185
-113
-78
-55
-38
-26
-21
-16
-9
-6
-7
-10
-12
-8
-3
-10
-10
-8
-4
-5
-11
-7
-2
-5
-7
-3
1
3
2
1
5
4
0
1
2
6
8
6
10
17
16
18
21
28
30
35
41
47
48
48
54
66
71
71
77
87
86
87
87
86
82
73
64
60
53
37
25
16
10
-3
-13
-14
-13
-15
-25
-27
-22
-23
-28
-31
-31
-32
-36
-35
-28
-29
-37
-43
-40
-33
-33
-35
-38
-37
-36
-37
-35
-28
-27
-31
-31
-33
-37
-41
-39
-32
-31
-36
-41
-39
-32
-35
-41
-36
-36
-39
-40
-40
-39
-47
-47
-44
-41
-40
-43
-42
-38
-38
-48
-53
-50
-47
-43
-43
-34
-29
-34
-38
-31
-23
-28
-26
-10
-3
-8
-15
-27
-39
-41
-36
-37
-41
-41
-50
-55
-53
-56
-64
-61
-58
-65
-71
-69
-65
-61
-64
-69
-67
-63
-61
-58
-61
-59
-64
-69
-66
-58
-59
-61
-57
-35
-12
-9
-2
-3
-76
-173
-255
-335
-401
-427
-430
-407
-374
-338
-277
-199
-135
-101
-80
-72
-61
-52
-48
-47
-46
-39
-41
-41
-37
-31
-27
-28
-29
-28
-30
-35
-32
-27
-26
-29
-25
-18
-22
-25
-26
-22
-19
-18
-19
-19
-17
-21
-19
-13
-7
-8
-3
4
13
17
17
26
35
38
36
43
54
60
62
66
74
78
74
71
67
63
56
48
42
37
24
11
1
-5
-17
-24
-28
-31
-35
-42
-41
-40
-39
-42
-44
-41
-45
-48
-46
-41
-41
-44
-45
-44
-41
-44
-42
-38
-36
-42
-44
-44
-37
-37
-42
-41
-35
-35
-40
-37
-33
-33
-38
-40
-36
-34
-40
-44
-39
-37
-38
-44
-44
-37
-39
-42
-42
-37
-38
-40
-41
-40
-40
-45
-45
-38
-32
-30
-25
-21
-22
-25
-26
-22
-20
-20
-13
2
2
-8
-15
-20
-25
-25
-21
-20
-19
-23
-37
-42
-40
-39
-44
-47
-41
-40
-44
-47
-45
-42
-46
-51
-48
-47
-48
-50
-48
-43
-44
-47
-47
-43
-39
-40
-29
-6
8
6
10
-33
-126
-207
-299
-384
-423
-431
-418
-388
-342
-284
-207
-135
-90
-66
-52
-40
-32
-29
-31
-28
-21
-18
-22
-21
-14
-12
-18
-20
-16
-12
-15
-19
-13
-7
-10
-15
-13
-7
-8
-9
-12
-4
-2
-4
-5
0
5
2
6
10
14
15
16
22
29
32
32
39
47
52
55
63
70
74
76
80
86
86
84
83
81
77
65
56
49
42
28
18
14
9
0
-7
-8
-5
-11
-20
-17
-14
-18
-25
-25
-20
-19
-24
-27
-21
-19
-23
-25
-23
-19
-21
-22
-20
-16
-16
-20
-19
-17
-17
-20
-20
-17
-16
-19
-17
-12
-13
-17
-18
-12
-13
-16
-18
-15
-15
-20
-22
-18
-15
-19
-22
-21
-16
-19
-25
-25
-20
-21
-27
-25
-20
-14
-15
-14
-5
-2
-5
-11
-3
0
-1
7
17
19
14
6
-3
-3
0
2
-2
-4
-9
-20
-26
-25
-26
-31
-32
-29
-29
-32
-35
-32
-32
-34
-35
-31
-28
-30
-33
-30
-25
-30
-31
-28
-22
-22
-24
-7
17
25
25
20
-44
-130
-213
-311
-393
-417
-421
-405
-369
-314
-242
-164
-104
-68
-46
-37
-27
-18
-13
-16
-13
-10
-7
-8
-9
-6
-3
-6
-5
-1
-1
-1
-2
1
4
4
4
7
13
7
5
10
15
13
13
16
22
25
20
22
31
39
37
38
45
54
57
59
69
78
81
79
85
98
100
101
104
114
115
108
102
103
99
86
76
67
60
46
36
33
28
18
9
10
7
0
-5
-5
-3
-5
-9
-11
-9
-14
-14
-13
-9
-11
-15
-17
-13
-13
-21
-20
-17
-14
-20
-21
-17
-12
-12
-18
-15
-13
-15
-19
-20
-14
-15
-21
-24
-20
-21
-27
-28
-21
-16
-19
-22
-24
-23
-28
-30
-29
-26
-28
-31
-33
-32
-28
-28
-24
-22
-23
-25
-20
-14
-14
-17
-17
-10
-10
-13
-3
0
-1
-10
-15
-19
-17
-15
-20
-24
-24
-33
-47
-50
-44
-46
-52
-55
-50
-50
-53
-56
-51
-50
-54
-57
-54
-49
-53
-57
-57
-52
-56
-61
-63
-54
-53
-44
-22
-7
-5
-7
-46
-136
-214
-301
-379
-421
-427
-416
-399
-368
-317
-244
-173
-123
-91
-76
-65
-55
-45
-44
-47
-46
-41
-35
-41
-41
-37
-35
-39
-41
-35
-28
-32
-33
-32
-32
-32
-32
-30
-31
-33
-35
-33
-24
-19
-20
-22
-22
-16
-14
-11
-12
-9
-6
-3
4
14
14
17
21
28
36
36
46
53
54
52
61
68
63
56
53
47
41
27
18
14
4
-13
-22
-24
-27
-36
-39
-42
-45
-55
-59
-56
-53
-57
-61
-59
-54
-54
-59
-64
-59
-61
-66
-67
-62
-53
-52
-53
-53
-49
-52
-56
-55
-50
-49
-49
-49
-44
-42
-46
-45
-43
-50
-56
-58
-52
-51
-56
-55
-51
-48
-52
-56
-53
-47
-51
-54
-52
-49
-51
-56
-54
-50
-51
-54
-49
-40
-35
-35
-36
-30
-27
-29
-30
-26
-16
-8
-10
-14
-14
-23
-35
-35
-25
-28
-35
-37
-42
-45
-52
-56
-55
-53
-55
-56
-54
-54
-55
-55
-51
-53
-55
-55
-52
-49
-54
-54
-54
-48
-51
-52
-50
-42
-29
-14
-5
4
5
-59
-149
-218
-305
-391
-431
-432
-409
-382
-343
-278
-196
-129
-94
-69
-47
-38
-36
-35
-28
-24
-25
-22
-19
-17
-19
-19
-15
-13
-16
-15
-13
-13
-14
-17
-15
-15
-18
-19
-17
-10
-13
-15
-11
-6
-6
-9
-7
1
4
0
1
9
13
13
15
23
31
34
34
42
53
56
53
61
71
73
73
73
78
75
66
57
52
44
32
21
12
8
-5
-11
-16
-19
-25
-32
-35
-34
-36
-39
-41
-39
-41
-46
-46
-41
-42
-44
-46
-42
-45
-48
-49
-44
-41
-47
-46
-43
-39
-43
-46
-43
-37
-40
-46
-43
-38
-37
-41
-43
-38
-37
-40
-44
-38
-35
-39
-42
-39
-36
-40
-42
-41
-36
-40
-42
-41
-38
-39
-41
-41
-40
-39
-39
-37
-29
-25
-25
-27
-21
-20
-25
-23
-18
-14
-6
-3
-3
-5
-15
-25
-25
-17
-20
-28
-28
-30
-38
-46
-47
-46
-46
-50
-52
-48
-47
-50
-53
-50
-47
-50
-54
-52
-47
-49
-51
-50
-45
-45
-47
-45
-41
-31
-12
2
7
17
-12
-102
-178
-262
-364
-425
-435
-426
-403
-364
-303
-218
-142
-95
-67
-48
-40
-36
-32
-24
-23
-26
-22
-16
-13
-19
-16
-13
-11
-15
-16
-12
-9
-11
-14
-10
-5
-6
-6
-6
0
-1
-2
-3
3
4
2
2
7
11
11
12
17
22
22
26
32
38
41
45
52
59
63
66
72
79
80
80
84
87
84
78
73
70
60
45
36
32
24
11
2
-1
-4
-12
-19
-18
-18
-20
-28
-27
-25
-26
-29
-31
-26
-27
-31
-33
-28
-26
-30
-30
-28
-25
-28
-28
-27
-23
-25
-26
-23
-20
-19
-21
-21
-20
-22
-25
-24
-22
-25
-25
-25
-22
-25
-27
-28
-24
-25
-31
-32
-31
-28
-34
-36
-35
-32
-35
-40
-38
-35
-38
-41
-40
-35
-32
-31
-27
-22
-19
-23
-27
-25
-21
-21
-18
-6
-4
-9
-16
-24
-27
-31
-30
-31
-30
-35
-46
-51
-52
-55
-59
-57
-53
-55
-58
-60
-57
-56
-59
-64
-61
-58
-64
-66
-63
-57
-58
-61
-60
-56
-59
-65
-55
-30
-14
-14
-11
-35
-123
-209
-294
-376
-433
-447
-443
-420
-381
-331
-260
-184
-126
-97
-84
-79
-71
-66
-64
-64
-63
-60
-60
-58
-52
-48
-50
-53
-52
-51
-53
-52
-49
-47
-52
-51
-52
-48
-52
-53
-53
-49
-50
-50
-49
-45
-38
-42
-42
-36
-32
-37
-35
-26
-20
-21
-19
-10
-3
-2
-2
2
13
18
21
24
34
36
29
25
29
26
12
-3
-9
-13
-25
-36
-42
-47
-57
-67
-70
-71
-73
-81
-85
-85
-86
-86
-86
-83
-85
-91
-92
-90
-91
-98
-95
-87
-86
-96
-99
-97
-94
-95
-92
-89
-87
-90
-93
-87
-82
-85
-93
-92
-84
-84
-93
-99
-89
-88
-91
-93
-93
-91
-96
-98
-96
-93
-94
-96
-94
-89
-93
-97
-98
-99
-99
-102
-100
-96
-93
-88
-83
-76
-76
-79
-81
-77
-70
-72
-67
-52
-47
-61
-67
-72
-76
-79
-75
-72
-72
-78
-93
-98
-95
-99
-103
-105
-102
-99
-102
-107
-105
-102
-105
-106
-103
-101
-103
-106
-106
-102
-105
-106
-106
-103
-103
-106
-99
-74
-57
-60
-59
-82
-168
-248
-327
-406
-463
-481
-477
-452
-418
-375
-307
-231
-172
-150
-130
-115
-99
-95
-97
-93
-86
-85
-90
-90
-84
-81
-83
-84
-79
-77
-79
-82
-79
-75
-77
-80
-79
-72
-72
-73
-74
-67
-67
-70
-70
-65
-62
-62
-61
-54
-46
-46
-44
-38
-32
-30
-26
-17
-11
-8
-5
1
9
11
14
19
27
30
27
26
27
22
10
2
-1
-10
-26
-35
-38
-44
-52
-60
-62
-62
-71
-78
-79
-77
-80
-83
-84
-77
-79
-82
-87
-80
-79
-81
-80
-79
-75
-78
-79
-77
-74
-74
-75
-72
-69
-70
-71
-69
-66
-68
-69
-71
-67
-69
-71
-71
-65
-66
-71
-72
-67
-65
-72
-74
-71
-67
-72
-74
-72
-67
-71
-76
-74
-70
-72
-78
-77
-72
-72
-74
-76
-65
-60
-59
-59
-55
-50
-55
-56
-53
-47
-38
-34
-36
-37
-45
-55
-56
-53
-51
-59
-62
-66
-71
-79
-82
-80
-80
-82
-84
-81
-79
-83
-84
-82
-80
-84
-85
-83
-79
-83
-86
-83
-77
-78
-83
-83
-76
-73
-67
-47
-33
-28
-27
-79
-166
-238
-330
-426
-462
-466
-454
-429
-385
-315
-234
-166
-129
-102
-85
-78
-74
-66
-61
-61
-60
-55
-52
-54
-54
-52
-50
-53
-54
-52
-50
-51
-52
-51
-47
-50
-52
-51
-44
-44
-46
-46
-40
-38
-44
-42
-35
-32
-36
-37
-28
-21
-22
-24
-17
-8
-6
-6
0
10
14
15
17
30
35
34
36
41
43
38
30
28
23
9
-1
-8
-16
-28
-37
-42
-46
-52
-58
-60
-60
-64
-67
-69
-68
-71
-75
-76
-72
-71
-76
-77
-72
-70
-74
-73
-69
-65
-69
-69
-66
-61
-63
-66
-64
-58
-60
-63
-64
-60
-60
-62
-66
-62
-59
-63
-65
-64
-62
-65
-68
-68
-65
-68
-71
-70
-67
-69
-70
-70
-66
-69
-71
-69
-64
-66
-70
-70
-65
-63
-63
-59
-52
-48
-51
-50
-49
-45
-48
-48
-36
-26
-32
-40
-42
-44
-49
-52
-46
-47
-51
-59
-70
-69
-69
-75
-78
-76
-74
-78
-81
-80
-76
-79
-81
-80
-76
-76
-82
-81
-78
-78
-80
-79
-78
-77
-79
-78
-67
-49
-36
-36
-24
-58
-150
-229
-315
-410
-467
-477
-464
-433
-398
-337
-251
-171
-133
-118
-100
-87
-81
-83
-80
-73
-69
-70
-72
-66
-61
-64
-66
-66
-59
-60
-65
-66
-60
-60
-66
-68
-62
-59
-62
-62
-59
-55
-56
-53
-50
-44
-50
-52
-48
-45
-43
-39
-32
-29
-26
-24
-20
-14
-12
-5
0
9
11
15
20
31
34
28
27
30
26
14
6
1
-6
-17
-28
-36
-41
-49
-57
-63
-61
-64
-68
-75
-73
-75
-80
-84
-75
-76
-81
-85
-79
-77
-85
-86
-85
-84
-85
-86
-82
-77
-77
-80
-83
-81
-79
-81
-79
-74
-74
-75
-75
-74
-74
-75
-74
-73
-74
-81
-82
-78
-75
-80
-81
-76
-74
-78
-84
-80
-73
-76
-80
-77
-75
-79
-83
-81
-76
-78
-81
-84
-76
-70
-65
-62
-62
-58
-59
-59
-53
-47
-44
-35
-34
-39
-42
-47
-55
-55
-54
-52
-55
-54
-65
-74
-78
-76
-76
-80
-81
-79
-74
-81
-86
-88
-84
-87
-89
-86
-79
-80
-89
-89
-81
-80
-79
-80
-80
-78
-77
-65
-39
-29
-33
-37
-94
-182
-257
-342
-415
-438
-444
-429
-405
-364
-310
-241
-171
-128
-103
-88
-76
-66
-62
-58
-57
-51
-51
-52
-51
-46
-44
-48
-49
-48
-43
-47
-46
-44
-39
-40
-44
-41
-37
-35
-40
-37
-31
-28
-31
-30
-25
-22
-22
-23
-18
-10
-11
-11
-9
1
3
6
11
21
25
26
32
42
48
50
54
58
61
57
57
54
47
36
27
20
13
2
-8
-14
-18
-27
-32
-36
-36
-42
-47
-49
-45
-46
-49
-48
-42
-41
-48
-50
-44
-41
-48
-49
-45
-41
-43
-45
-42
-36
-39
-43
-43
-36
-35
-38
-41
-34
-34
-36
-38
-35
-33
-37
-38
-37
-34
-37
-37
-32
-29
-35
-38
-36
-35
-37
-39
-38
-35
-36
-38
-39
-35
-37
-39
-39
-34
-32
-32
-29
-19
-12
-16
-15
-12
-8
-9
-13
-6
12
11
2
-1
-1
-8
-15
-13
-6
-10
-17
-27
-28
-30
-36
-38
-36
-33
-36
-40
-40
-35
-38
-40
-40
-37
-37
-38
-38
-36
-34
-36
-34
-32
-33
-34
-32
-26
-11
5
10
17
17
-51
-139
-211
-297
-384
-413
-415
-392
-365
-323
-259
-172
-108
-78
-55
-34
-25
-25
-22
-14
-9
-11
-13
-9
-3
-4
-4
-4
2
1
0
0
5
3
2
3
6
8
7
7
10
13
11
13
17
19
17
20
24
27
28
32
36
41
40
43
50
58
60
62
67
78
82
80
86
95
98
96
96
100
100
93
83
79
72
59
47
39
34
24
15
7
8
4
-2
-7
-5
-5
-10
-13
-11
-10
-12
-13
-12
-10
-12
-13
-10
-9
-10
-10
-9
-5
-6
-8
-8
-5
-7
-9
-8
-3
-3
-5
-6
-2
-2
-8
-6
-4
-3
-8
-9
-7
-3
-5
-9
-7
-2
-4
-9
-9
-6
-7
-8
-11
-8
-7
-11
-14
-11
-8
-11
-13
-10
-5
-3
-1
4
10
9
7
7
12
12
15
28
32
27
20
17
13
10
13
12
12
8
-3
-10
-10
-11
-18
-18
-18
-14
-18
-21
-19
-15
-18
-23
-21
-16
-16
-21
-20
-15
-15
-18
-19
-14
-13
-15
-13
4
27
32
34
34
-19
-110
-187
-279
-366
-400
-409
-392
-361
-314
-246
-162
-94
-58
-38
-22
-11
-6
-5
-1
4
5
4
4
7
12
9
9
10
16
13
11
13
20
20
14
15
19
23
19
18
22
25
23
24
29
36
34
31
31
38
37
38
42
51
55
55
56
66
72
75
80
86
94
96
99
103
107
106
100
98
96
90
82
75
67
55
46
38
38
30
19
13
11
6
-3
-5
-3
-4
-11
-11
-7
-7
-11
-15
-12
-9
-11
-14
-12
-10
-12
-13
-12
-5
-8
-10
-12
-9
-6
-7
-5
-4
-3
-6
-7
-5
-5
-9
-10
-8
-3
-6
-10
-8
-3
-5
-9
-9
-5
-8
-13
-15
-13
-15
-15
-12
-10
-12
-19
-18
-13
-10
-15
-14
-6
0
-1
-6
-3
3
0
-4
0
8
12
22
21
24
17
4
-8
-2
6
0
-6
-8
-12
-22
-28
-29
-24
-26
-25
-27
-29
-34
-37
-36
-33
-32
-34
-38
-36
-36
-36
-36
-31
-30
-32
-34
-32
-29
-30
-15
5
15
11
1
-63
-146
-218
-304
-378
-405
-409
-396
-374
-329
-267
-198
-136
-96
-73
-59
-52
-45
-42
-40
-35
-32
-26
-27
-27
-25
-20
-22
-23
-21
-22
-21
-21
-20
-18
-17
-21
-20
-15
-10
-2
1
-3
-6
-9
-6
-6
0
-1
-3
0
9
9
8
10
21
26
26
30
41
46
47
51
60
69
70
70
78
83
80
74
72
70
56
46
36
31
20
10
2
2
-5
-14
-20
-22
-23
-28
-30
-30
-30
-32
-35
-32
-32
-33
-31
-30
-28
-33
-31
-29
-27
-29
-29
-27
-22
-23
-26
-25
-19
-18
-23
-24
-20
-17
-20
-21
-18
-15
-18
-23
-21
-15
-18
-22
-22
-15
-15
-19
-22
-17
-17
-20
-23
-20
-20
-24
-24
-22
-19
-21
-23
-21
-19
-21
-18
-12
-5
0
-1
2
5
2
3
4
11
20
26
23
19
12
1
-1
5
11
2
-2
-7
-10
-18
-23
-23
-18
-19
-25
-25
-21
-21
-25
-26
-23
-23
-26
-28
-23
-21
-21
-22
-19
-15
-19
-20
-22
-17
-9
9
24
29
37
5
-82
-156
-237
-328
-387
-395
-389
-366
-332
-276
-201
-126
-76
-46
-24
-14
-8
-3
5
6
9
11
16
16
15
16
20
22
19
22
25
25
22
21
27
29
24
26
33
35
34
33
36
43
38
35
37
46
45
46
47
52
57
48
48
60
68
74
80
84
93
96
100
105
108
106
111
117
120
124
118
108
103
81
85
74
65
50
47
30
24
34
38
29
14
7
-2
-2
10
8
-7
-1
8
19
11
17
8
6
1
14
12
2
2
10
8
11
15
3
-7
6
5
22
20
8
10
5
5
15
23
6
-7
7
16
24
17
-5
10
20
11
-3
-3
-11
-13
-8
0
3
-14
-10
10
17
-1
-3
4
12
7
7
10
15
10
20
25
21
12
27
19
28
28
28
26
21
13
14
17
20
19
11
2
0
-5
-12
-21
-20
-14
-29
-21
-22
-22
-16
-19
-21
-17
-21
-26
-23
-19
-21
-19
-23
-25
-16
-21
-19
-20
12
31
29
33
25
-58
-149
-227
-298
-357
-382
-391
-370
-344
-302
-236
-164
-106
-79
-56
-43
-29
-32
-24
-27
-22
-20
-17
-13
-12
-13
-14
-13
-9
-8
-6
-7
-6
-6
-12
-10
-7
-3
-3
-3
1
1
-5
-4
0
5
3
4
3
6
13
11
16
24
30
32
34
41
46
46
50
60
68
69
70
76
83
83
83
81
80
75
65
56
45
34
22
12
6
2
-10
-16
-19
-19
-23
-30
-31
-34
-37
-40
-38
-39
-42
-42
-40
-36
-40
-40
-43
-38
-39
-42
-42
-38
-37
-43
-43
-38
-36
-38
-40
-34
-32
-39
-42
-37
-33
-35
-40
-41
-36
-37
-40
-43
-38
-37
-40
-42
-40
-37
-42
-45
-43
-41
-44
-42
-46
-42
-44
-45
-42