40
36
40
44
37
34
37
44
35
30
33
39
37
29
34
39
40
32
37
43
44
34
39
44
51
41
40
46
53
47
43
48
54
47
43
47
54
50
44
46
54
55
44
46
50
56
48
49
53
58
49
45
48
55
48
46
49
54
50
46
50
54
51
47
49
54
52
43
45
52
57
47
46
49
55
43
41
48
56
50
43
47
54
48
39
45
51
52
44
45
52
57
54
58
68
76
68
68
71
82
75
79
86
101
97
95
103
106
97
84
86
81
75
65
65
63
64
51
47
47
49
38
34
33
41
33
34
36
43
36
32
35
46
48
63
103
142
219
319
409
423
339
213
104
-10
-102
-140
-121
-66
-24
-17
-8
6
23
23
23
25
35
31
25
29
35
39
33
36
38
43
33
34
37
43
37
35
40
43
35
33
38
43
37
35
38
44
39
35
38
43
44
37
41
46
51
43
47
51
60
51
50
55
65
60
57
64
77
75
73
78
90
92
89
95
102
107
100
104
107
115
107
105
107
114
101
96
93
94
81
73
70
71
59
49
47
47
39
31
34
36
36
29
30
31
36
25
28
30
37
28
25
27
33
26
21
21
27
23
17
19
27
26
18
22
29
30
21
24
28
37
31
31
34
43
35
33
36
44
37
32
35
41
39
35
37
44
43
38
40
43
45
37
37
39
44
35
36
40
46
38
36
41
45
39
35
39
47
40
33
39
45
44
34
38
44
46
38
38
41
49
39
38
41
51
43
40
42
51
45
45
52
62
66
62
65
69
70
66
70
78
84
81
86
92
102
93
87
85
89
73
66
65
68
53
52
50
51
44
35
35
36
37
26
29
32
35
25
26
30
36
30
31
49
92
114
163
267
374
410
345
233
130
22
-101
-148
-137
-88
-54
-31
-12
4
6
15
18
26
20
19
22
32
27
25
29
36
29
26
30
35
30
26
27
33
34
25
29
33
38
28
29
32
39
31
30
33
41
33
30
35
43
37
33
36
43
43
36
40
48
50
44
48
53
62
57
63
67
79
74
78
85
95
93
92
96
106
104
101
105
112
111
102
102
104
102
89
87
83
84
67
65
64
68
56
54
54
60
48
41
44
50
44
37
39
45
44
34
34
40
41
32
33
34
40
30
29
28
37
29
26
26
34
29
26
27
35
35
31
32
36
38
32
33
39
42
34
35
39
44
37
36
39
47
39
35
38
47
39
37
39
46
41
33
36
42
43
33
36
42
45
36
36
40
47
39
37
39
49
41
39
39
49
43
38
39
48
45
38
41
45
45
38
40
43
47
39
39
42
49
43
48
53
66
62
60
62
70
66
65
70
83
82
82
88
98
100
83
79
78
78
60
58
60
61
51
48
44
47
37
31
29
36
30
26
24
33
32
23
23
29
34
31
42
78
112
147
244
346
403
348
242
134
40
-89
-149
-150
-101
-62
-39
-22
-1
7
11
14
19
24
17
20
25
31
20
23
26
35
24
24
28
38
31
23
24
34
31
24
27
37
35
28
27
34
38
30
32
36
44
37
38
36
47
39
37
43
52
48
47
46
55
53
52
58
65
65
63
68
76
81
80
82
92
99
94
97
104
117
105
107
107
114
105
100
100
103
97
85
83
82
76
65
62
64
65
54
51
52
55
45
42
43
53
44
40
41
50
41
35
33
40
35
26
28
34
34
24
24
28
32
24
24
26
31
24
28
31
38
31
31
31
39
34
31
33
41
36
29
31
41
41
33
35
37
41
34
33
36
44
38
35
37
45
33
31
33
46
42
34
33
41
38
34
38
42
39
34
37
39
45
40
36
36
44
37
37
38
47
40
39
39
45
39
41
41
53
58
61
61
65
66
58
61
70
82
80
85
89
102
93
86
85
88
75
63
60
66
53
45
43
50
43
32
27
25
27
22
21
20
29
20
19
19
27
22
21
21
55
77
94
155
264
346
356
271
181
114
-9
-113
-135
-135
-107
-69
-39
-14
-7
5
9
14
8
11
13
23
17
16
18
24
21
13
14
26
27
20
22
27
22
12
17
25
29
21
19
21
30
22
23
25
35
28
27
28
36
38
32
32
41
41
33
35
44
46
40
43
48
59
58
58
64
76
68
74
79
92
90
90
92
104
104
95
96
102
100
94
96
93
88
79
75
72
77
66
62
55
52
41
40
39
46
36
33
32
39
32
29
29
33
33
29
30
31
31
21
21
24
29
22
19
23
33
24
21
21
28
26
27
21
29
32
24
21
34
35
24
25
34
38
28
27
33
34
25
26
31
36
30
28
30
39
34
29
26
36
34
32
29
30
35
27
29
34
37
31
31
31
39
32
31
32
39
31
30
30
38
35
32
29
36
36
29
27
34
39
28
29
36
41
36
40
48
59
48
50
50
64
63
60
67
82
83
81
87
100
94
80
69
68
65
56
54
48
49
41
32
28
41
27
18
15
21
18
14
13
19
18
16
13
18
21
21
45
85
111
178
292
385
395
296
183
95
-19
-126
-155
-150
-96
-68
-51
-31
-4
0
-4
1
13
12
6
7
14
16
12
9
13
21
14
11
13
24
17
15
16
24
19
17
17
23
25
21
19
25
28
22
24
31
31
26
25
30
37
34
34
36
45
34
39
43
54
49
47
50
64
62
58
63
77
83
78
80
91
99
93
94
101
110
103
100
101
112
101
93
91
99
89
78
68
72
64
52
47
54
54
42
37
38
44
34
34
34
37
32
31
32
40
34
31
28
36
29
26
24
35
28
22
23
31
32
25
26
29
33
28
27
30
37
31
29
33
41
36
31
32
44
42
37
36
47
45
40
38
45
46
38
37
41
47
40
40
43
53
44
41
39
48
46
40
38
46
43
38
39
48
46
41
42
48
48
41
41
48
55
46
43
45
53
43
42
41
50
45
40
39
53
48
43
43
50
48
43
40
49
56
52
55
67
72
66
65
67
81
76
78
82
97
94
95
96
100
90
81
76
74
67
59
54
56
54
42
34
36
39
26
24
23
28
19
19
16
28
20
19
18
34
36
56
94
136
217
324
405
417
334
197
79
-34
-120
-154
-125
-74
-33
-25
-14
-6
13
16
14
12
23
23
19
19
27
29
24
25
29
33
26
24
28
33
28
27
28
36
27
27
25
34
27
28
27
36
34
32
34
41
42
33
36
45
49
43
44
49
57
52
50
55
65
63
65
65
80
77
76
74
89
90
90
91
104
108
105
107
112
119
112
109
113
117
109
101
95
98
88
81
75
79
69
61
56
62
54
48
44
51
49
41
39
44
47
38
37
41
45
37
36
36
42
33
30
28
37
31
26
22
32
32
24
21
32
35
29
28
32
38
30
31
33
42
36
35
35
44
39
36
35
45
43
40
38
47
46
41
38
45
46
40
39
41
46
38
39
42
49
41
41
39
50
44
41
40
50
48
42
42
53
51
43
41
50
52
46
41
47
52
43
41
42
52
45
41
38
51
44
41
40
47
46
40
38
45
44
37
39
51
57
55
55
59
66
58
60
64
78
72
77
79
93
88
83
75
80
72
57
55
64
56
43
43
45
42
33
27
30
32
24
20
23
31
25
26
23
35
32
35
39
73
107
133
203
319
410
423
339
218
108
-13
-114
-141
-109
-66
-33
-15
4
10
17
22
34
28
26
23
34
31
25
23
32
32
25
25
31
34
25
24
28
34
27
24
26
33
28
25
24
34
31
26
22
34
33
29
26
34
38
33
30
35
43
36
35
39
47
43
41
43
52
49
51
53
65
65
66
66
79
80
79
79
89
90
85
85
93
96
86
84
83
87
74
65
58
60
48
37
32
39
31
26
23
33
31
24
21
29
30
23
18
23
28
21
19
20
30
23
20
18
28
22
18
17
23
21
18
16
23
24
22
19
28
31
28
27
32
37
33
30
34
42
36
35
35
46
41
37
35
45
42
37
37
48
49
42
39
48
51
43
39
45
50
43
41
42
53
48
45
43
53
48
44
41
51
48
43
39
47
46
43
40
46
47
41
40
43
48
43
41
42
50
45
46
45
54
47
43
42
54
48
44
44
53
55
45
41
55
64
60
62
74
82
69
55
61
76
72
75
75
87
85
92
88
96
87
77
65
66
64
61
55
53
51
38
30
40
42
29
21
20
26
17
19
19
28
20
15
15
30
29
47
80
115
180
277
359
383
300
172
80
-20
-110
-150
-147
-108
-64
-45
-39
-27
-6
-3
-4
-8
4
4
1
-3
8
16
9
4
4
10
5
-1
4
13
6
3
3
9
7
12
8
16
13
9
5
16
15
17
14
19
18
14
14
20
24
19
24
27
39
35
27
26
44
47
46
38
52
54
55
61
68
66
68
72
82
87
81
78
86
90
85
87
87
90
81
70
65
76
67
56
45
47
45
40
34
40
32
24
16
21
20
17
14
24
23
18
17
18
25
15
11
10
17
7
4
1
13
11
2
2
9
6
2
-1
7
13
7
4
11
17
11
9
9
19
18
14
12
23
18
14
13
24
22
18
16
26
29
23
15
19
24
19
18
18
24
21
18
20
26
20
16
15
25
19
16
13
25
20
16
12
21
19
14
12
18
21
13
9
16
23
16
12
14
23
21
13
12
25
18
11
9
22
22
20
21
36
43
41
37
41
49
47
46
56
65
63
63
70
81
72
61
54
59
47
39
33
36
28
23
15
20
17
8
-2
4
7
0
-5
2
8
0
-6
-4
7
7
10
37
81
116
203
312
397
378
272
142
46
-76
-162
-189
-151
-98
-74
-59
-43
-21
-19
-19
-18
-7
-7
-11
-9
1
-3
-4
-7
2
2
-1
-7
-1
1
-2
-10
-2
2
-5
-3
3
6
1
-2
-3
6
5
0
0
12
7
4
2
15
18
13
8
17
20
21
15
21
31
28
22
30
42
40
40
40
53
53
56
58
71
73
68
63
75
78
76
72
80
81
76
67
69
69
60
51
48
50
39
31
29
32
22
19
12
20
20
14
7
15
17
7
4
10
12
6
-1
6
10
2
-4
-3
5
-1
-5
-8
2
0
-3
-6
4
2
-3
-8
0
4
0
-6
0
5
1
-3
2
7
2
-3
0
6
3
-1
-2
9
4
3
1
6
4
1
-6
1
1
-3
-6
2
4
-3
-6
0
8
1
-4
0
10
6
-1
-3
9
5
2
-2
11
10
6
-2
9
11
7
2
7
12
9
5
6
15
10
8
10
17
16
18
22
36
37
36
32
41
43
43
42
56
64
61
61
72
76
64
55
53
52
38
33
31
31
27
17
9
18
14
1
-6
5
4
-2
-7
3
4
-2
-8
-3
5
5
21
59
96
153
255
347
383
300
176
72
-26
-132
-175
-172
-121
-79
-63
-52
-30
-18
-16
-16
-10
-4
-7
-9
-3
4
-2
-4
-4
5
1
-3
-6
5
3
-1
-4
4
6
-2
-7
3
6
-1
-7
0
7
3
-6
-1
8
4
2
0
12
10
8
7
19
17
16
14
22
27
25
23
34
42
40
38
48
54
54
54
60
68
68
67
68
79
76
77
72
82
80
73
67
74
73
64
58
62
61
51
44
46
50
44
37
39
48
41
35
33
42
37
31
26
37
33
28
19
24
28
22
15
19
23
16
10
14
20
15
9
12
19
17
14
15
22
20
19
13
21
20
17
14
22
23
17
12
19
22
14
12
16
20
14
7
8
17
12
5
3
12
11
7
3
13
11
7
-3
7
9
3
-2
5
9
3
-1
2
8
4
-2
-2
9
5
3
2
12
15
15
17
30
30
27
23
33
36
38
38
47
56
52
53
60
59
48
37
33
35
29
23
14
23
20
9
2
8
4
-7
-15
-7
-5
-11
-22
-13
-3
-9
-18
-12
2
9
35
63
116
207
306
364
333
220
103
4
-110
-169
-181
-154
-98
-66
-54
-45
-29
-20
-19
-21
-18
-13
-19
-21
-21
-13
-14
-15
-16
-6
-5
-12
-13
-1
-1
-5
-8
2
5
0
-6
3
8
3
-2
3
9
5
1
-1
11
7
4
1
12
12
10
6
14
17
13
11
19
25
23
20
26
34
33
31
39
48
49
49
50
63
61
58
56
65
62
57
53
61
62
52
43
46
44
32
23
27
24
14
6
4
9
2
-6
-9
0
-1
-6
-13
-4
-5
-8
-18
-9
-9
-16
-21
-17
-11
-18
-24
-20
-15
-21
-24
-18
-12
-14
-17
-19
-11
-13
-14
-17
-8
-5
-9
-13
-5
-3
-5
-11
-3
3
-4
-8
-5
3
-3
-6
-4
5
0
-8
-5
3
0
-5
-9
-2
-2
-4
-13
-2
1
-4
-12
-4
1
-4
-9
-7
1
-2
-7
-10
-2
-3
-4
-3
10
16
13
8
17
19
18
15
29
34
36
36
46
53
49
39
36
36
26
13
13
19
7
0
-4
1
-6
-15
-20
-16
-18
-23
-30
-21
-20
-25
-32
-22
-18
-20
-23
-6
34
59
97
197
304
350
291
170
71
-23
-145
-204
-201
-154
-118
-96
-68
-53
-45
-44
-34
-29
-29
-32
-29
-22
-24
-28
-28
-20
-20
-24
-27
-18
-20
-23
-27
-17
-15
-23
-29
-22
-15
-22
-30
-21
-15
-21
-26
-21
-15
-17
-21
-19
-10
-10
-15
-18
-7
-6
-8
-14
-1
1
-2
-5
4
11
10
8
15
25
27
25
31
41
42
41
40
51
48
46
43
50
48
44
37
42
40
29
17
22
21
12
1
4
8
-1
-9
-7
-1
-7
-16
-17
-9
-11
-16
-22
-11
-13
-19
-26
-17
-14
-21
-28
-23
-17
-22
-28
-23
-17
-19
-23
-20
-14
-15
-20
-20
-13
-11
-13
-15
-6
-6
-10
-15
-6
-4
-8
-13
-7
-3
-10
-14
-11
-4
-9
-13
-12
-4
-6
-12
-13
-5
-6
-11
-14
-5
-4
-9
-16
-8
-3
-9
-17
-8
-3
-7
-12
-6
8
8
5
8
17
18
14
15
25
33
31
32
46
52
48
37
40
35
27
13
17
18
9
-1
2
2
-8
-15
-17
-14
-20
-22
-27
-19
-19
-24
-28
-19
-16
-23
-25
-10
19
45
66
152
265
334
311
209
102
16
-106
-187
-198
-175
-133
-104
-74
-60
-52
-48
-34
-29
-31
-37
-28
-23
-26
-32
-27
-21
-24
-30
-26
-18
-21
-27
-24
-16
-19
-22
-24
-14
-15
-20
-24
-14
-10
-15
-21
-13
-9
-14
-19
-10
-6
-10
-16
-10
-1
-4
-10
-8
1
0
-2
-4
8
13
12
6
20
26
24
20
31
40
39
33
41
49
47
42
45
52
48
42
39
42
37
29
21
24
18
10
1
6
4
-5
-13
-6
-6
-11
-18
-14
-9
-15
-23
-22
-15
-19
-28
-28
-20
-21
-28
-32
-21
-22
-28
-35
-26
-21
-26
-33
-24
-18
-20
-26
-22
-16
-16
-24
-21
-11
-13
-18
-17
-10
-10
-14
-17
-11
-9
-13
-20
-11
-9
-13
-20
-12
-8
-12
-18
-14
-6
-11
-16
-15
-9
-11
-18
-18
-10
-10
-17
-19
-10
-10
-15
-22
-12
-7
-9
-12
2
12
9
4
9
17
16
11
17
30
33
31
34
44
42
30
19
21
20
10
0
3
1
-3
-16
-14
-12
-18
-29
-28
-21
-25
-32
-32
-23
-27
-31
-34
-25
-21
-23
-6
37
65
120
220
311
328
233
109
32
-72
-174
-214
-193
-139
-105
-89
-73
-49
-42
-42
-44
-33
-31
-34
-39
-29
-27
-31
-39
-33
-27
-29
-38
-33
-28
-30
-38
-32
-27
-25
-32
-32
-24
-25
-28
-31
-22
-20
-25
-28
-18
-15
-22
-28
-18
-13
-17
-24
-17
-11
-13
-20
-14
-4
-3
-12
-6
5
6
4
4
16
21
19
16
31
36
34
27
36
44
40
32
37
43
38
30
27
28
24
14
10
13
8
-1
-8
-2
-4
-11
-18
-12
-12
-14
-21
-16
-12
-19
-26
-21
-16
-21
-30
-27
-21
-26
-34
-32
-22
-23
-30
-32
-23
-20
-25
-32
-22
-17
-20
-29
-19
-12
-14
-24
-16
-10
-14
-21
-19
-13
-14
-20
-21
-15
-12
-17
-21
-15
-12
-16
-22
-14
-10
-14
-22
-15
-11
-15
-22
-16
-9
-14
-21
-18
-11
-13
-19
-19
-11
-13
-19
-20
-12
-9
-12
-12
1
9
7
-2
9
16
14
7
19
32
33
30
35
48
43
28
19
23
17
7
2
5
4
-3
-15
-13
-12
-18
-31
-27
-24
-25
-33
-30
-24
-26
-31
-32
-26
-25
-25
-18
20
50
82
168
273
323
267
147
60
-18
-143
-211
-210
-166
-122
-103
-79
-58
-45
-47
-39
-29
-31
-37
-41
-28
-28
-30
-36
-25
-21
-30
-36
-29
-22
-24
-31
-29
-20
-24
-34
-26
-23
-21
-28
-26
-18
-21
-27
-28
-19
-20
-26
-30
-19
-14
-20
-27
-18
-10
-11
-17
-7
-3
-10
-16
-6
6
8
2
9
19
25
20
20
31
36
33
29
39
42
37
27
35
41
37
23
23
31
25
12
9
12
6
-6
-9
-5
-7
-15
-18
-9
-8
-21
-25
-17
-16
-22
-31
-20
-18
-23
-33
-27
-19
-27
-36
-32
-25
-28
-37
-36
-31
-29
-35
-37
-27
-24
-26
-35
-26
-22
-23
-32
-26
-17
-20
-31
-22
-15
-17
-26
-28
-18
-18
-26
-27
-20
-14
-22
-30
-15
-12
-22
-26
-20
-20
-19
-21
-20
-22
-27
-31
-25
-13
-20
-29
-29
-18
-21
-30
-32
-14
-14
-15
-17
-7
-4
-9
-16
-3
8
7
3
17
29
31
21
17
7
1
-13
-17
-8
-12
-25
-29
-20
-22
-35
-46
-41
-40
-46
-54
-45
-41
-46
-53
-45
-39
-43
-51
-47
-41
-20
2
26
100
203
275
278
187
98
37
-89
-179
-197
-203
-180
-132
-97
-79
-70
-57
-45
-46
-53
-45
-38
-39
-47
-45
-38
-32
-41
-49
-39
-33
-38
-44
-32
-30
-35
-41
-33
-29
-30
-37
-29
-24
-26
-33
-28
-22
-22
-29
-27
-21
-17
-21
-21
-17
-16
-17
-18
-9
-6
-7
-12
3
10
5
4
11
17
14
11
21
31
35
31
38
46
47
39
34
41
43
35
28
37
38
26
14
19
20
15
2
-1
2
-2
-15
-16
-8
-9
-18
-18
-14
-14
-24
-26
-20
-17
-23
-29
-22
-21
-24
-34
-27
-22
-24
-30
-22
-16
-20
-25
-20
-11
-15
-22
-21
-14
-11
-19
-19
-11
-7
-12
-17
-8
-2
-5
-18
-10
-3
-7
-17
-11
-4
-3
-12
-9
-1
-3
-13
-16
-7
-2
-8
-14
-8
-3
-9
-15
-10
-5
-8
-15
-8
-4
-8
-15
-12
-7
-7
-16
-16
-8
-8
-14
-11
1
7
6
4
15
20
14
11
25
33
31
25
37
48
51
37
32
31
25
10
7
14
9
-7
-9
-4
-6
-16
-22
-20
-20
-27
-32
-26
-19
-25
-35
-30
-21
-21
-25
-18
-1
32
53
101
212
317
361
304
201
96
-11
-141
-194
-192
-159
-121
-90
-68
-58
-53
-39
-31
-30
-39
-34
-25
-24
-33
-31
-20
-19
-27
-28
-19
-16
-20
-27
-19
-15
-21
-28
-20
-13
-17
-25
-19
-10
-10
-19
-16
-8
-7
-18
-16
-7
-2
-10
-13
-3
1
-2
-5
6
10
8
3
14
21
21
14
22
33
33
28
36
45
49
42
45
56
60
52
51
60
63
56
49
54
55
47
34
37
34
26
13
14
19
15
2
2
7
4
-7
-8
-3
1
-7
-9
-3
0
-6
-14
-7
-3
-9
-17
-11
-8
-10
-21
-15
-9
-13
-19
-17
-9
-9
-16
-16
-6
-6
-14
-14
-7
-3
-7
-11
-4
3
-1
-12
-5
0
-1
-13
-6
2
0
-11
-9
-1
-1
-10
-11
-2
1
-6
-10
-4
3
-5
-11
-6
0
-3
-11
-6
-2
-4
-14
-6
-2
-3
-12
-11
-4
-5
-11
-11
-4
-3
-9
-7
5
15
14
10
19
25
21
17
26
37
39
30
40
51
53
41
38
40
39
24
16
21
21
7
2
5
3
-7
-13
-13
-10
-14
-24
-19
-11
-14
-23
-18
-15
-15
-20
-11
6
44
66
110
214
315
360
306
202
87
-15
-142
-199
-194
-152
-116
-84
-60
-52
-50
-38
-28
-27
-35
-31
-23
-21
-29
-29
-21
-16
-23
-28
-20
-15
-21
-30
-23
-15
-18
-27
-22
-13
-14
-24
-22
-12
-11
-21
-21
-14
-10
-18
-18
-10
-7
-13
-17
-10
-6
-9
-13
-7
0
-3
-8
0
8
6
3
11
21
24
19
25
35
40
32
33
43
50
44
38
46
52
48
35
41
43
38
23
24
25
19
6
2
7
7
-6
-8
-3
1
-10
-16
-11
-7
-14
-21
-14
-9
-15
-25
-18
-13
-17
-27
-23
-18
-21
-32
-28
-21
-22
-31
-29
-22
-20
-27
-28
-21
-15
-22
-24
-18
-12
-16
-23
-16
-8
-11
-21
-14
-6
-7
-19
-16
-9
-8
-16
-20
-10
-7
-15
-19
-13
-8
-16
-22
-18
-11
-13
-21
-16
-9
-10
-21
-17
-9
-10
-22
-19
-13
-11
-19
-19
-14
-12
-16
-20
-12
-10
-16
-21
-16
-7
-11
-19
-12
-4
-5
-13
-6
5
6
-1
13
29
38
34
37
48
56
53
53
69
81
82
80
90
100
95
79
79
85
79
65
69
72
68
57
55
56
57
46
40
43
49
41
36
42
45
39
32
39
44
43
41
69
110
134
191
300
387
393
289
176
87
-27
-142
-176
-149
-94
-68
-53
-30
-13
-12
-17
-10
-3
-5
-15
-13
-2
-1
-13
-11
-1
-1
-11
-11
-5
-2
-10
-15
-10
-3
-11
-16
-11
-8
-12
-19
-14
-9
-11
-20
-15
-9
-11
-20
-17
-10
-8
-16
-16
-9
-5
-14
-14
-5
0
-7
-9
1
7
4
-2
9
18
17
10
18
28
30
21
22
32
35
26
26
32
33
24
20
21
23
11
1
2
4
-4
-16
-15
-14
-17
-29
-27
-23
-22
-33
-31
-25
-25
-36
-36
-31
-29
-38
-41
-35
-30
-39
-45
-41
-33
-40
-48
-41
-33
-36
-46
-38
-31
-29
-40
-36
-27
-26
-36
-36
-27
-24
-32
-36
-30
-24
-29
-34
-29
-19
-22
-30
-28
-19
-20
-30
-25
-20
-19
-29
-27
-23
-20
-28
-27
-20
-18
-23
-28
-23
-17
-22
-27
-22
-16
-21
-29
-22
-17
-19
-28
-25
-19
-17
-28
-25
-18
-15
-25
-22
-14
-10
-18
-22
-14
-9
-13
-21
-11
-6
-8
-16
-14
-4
-1
-9
-1
15
21
12
16
23
27
20
23
33
44
41
42
54
61
53
39
39
41
33
19
22
24
18
9
7
11
9
-4
-7
-2
0
-10
-8
-1
3
-7
-10
-3
6
6
2
35
75
102
163
271
352
352
247
139
62
-55
-159
-186
-158
-104
-79
-59
-36
-16
-14
-12
-4
2
-1
-8
-3
3
1
-8
-4
4
4
-5
-4
2
3
-6
-5
1
4
-6
-7
-2
5
-3
-8
-2
5
-1
-8
-2
3
3
-10
-5
3
3
-9
-6
2
5
-6
-3
5
11
4
3
10
19
12
11
19
30
30
24
32
40
40
34
38
43
46
37
38
43
46
36
32
36
36
24
17
19
21
7
-1
2
6
-3
-13
-11
-4
-8
-19
-17
-10
-11
-25
-23
-18
-18
-29
-30
-23
-20
-30
-35
-27
-21
-30
-36
-32
-24
-29
-38
-35
-26
-26
-35
-32
-27
-23
-34
-31
-26
-17
-27
-30
-22
-19
-27
-28
-23
-18
-25
-28
-24
-18
-23
-31
-24
-17
-21
-29
-26
-20
-21
-32
-29
-22
-19
-32
-31
-24
-18
-26
-34
-27
-21
-28
-34
-28
-22
-25
-35
-30
-20
-20
-31
-34
-23
-21
-30
-31
-23
-16
-25
-26
-23
-17
-25
-30
-21
-19
-27
-33
-23
-18
-23
-33
-22
-10
-3
-8
-4
4
5
-7
-5
9
18
12
19
31
36
23
13
11
14
5
-13
-13
-7
-12
-25
-23
-22
-24
-33
-39
-38
-33
-42
-44
-42
-40
-53
-54
-48
-42
-47
-44
-33
5
29
50
139
241
293
251
155
76
-4
-143
-203
-214
-196
-160
-124
-97
-77
-74
-67
-56
-50
-56
-58
-52
-44
-50
-57
-46
-35
-40
-57
-50
-40
-38
-52
-49
-42
-36
-45
-46
-41
-35
-45
-45
-37
-27
-36
-42
-34
-29
-35
-45
-39
-29
-28
-35
-30
-24
-22
-30
-26
-15
-7
-15
-13
-3
1
-8
-3
5
15
12
11
20
31
25
23
30
35
35
29
38
48
42
28
32
35
35
25
21
24
26
8
1
4
6
0
-10
-4
-3
-13
-23
-17
-5
-2
-21
-20
-16
-16
-26
-21
-13
-10
-21
-23
-19
-16
-24
-25
-20
-11
-20
-22
-15
-12
-14
-20
-16
-9
-8
-18
-13
-4
-2
-19
-17
-8
-6
-19
-17
-10
-3
-10
-12
-9
-3
-7
-18
-15
-6
-11
-17
-12
-3
-11
-17
-11
-3
-1
-11
-12
-12
-6
-15
-20
-15
-7
-18
-22
-15
-8
-11
-17
-21
-12
-13
-20
-16
-7
-5
-13
-13
-10
-6
-13
-14
-8
0
-9
-3
10
22
10
6
9
24
24
22
29
41
45
40
49
54
48
32
27
25
26
13
2
5
9
-3
-10
-10
-5
-21
-23
-21
-16
-21
-27
-27
-19
-17
-27
-25
-18
-16
-14
19
52
108
204
299
332
260
149
78
-27
-140
-187
-189
-159
-117
-96
-75
-54
-36
-34
-44
-39
-33
-28
-40
-36
-27
-24
-35
-31
-23
-26
-34
-30
-22
-17
-28
-30
-25
-15
-17
-29
-27
-17
-16
-23
-23
-15
-15
-27
-20
-9
-4
-17
-15
-9
-7
-12
-12
-6
2
1
1
5
11
9
3
12
27
26
20
28
37
40
38
51
57
59
50
53
61
69
55
49
56
61
50
39
42
43
34
23
19
22
16
5
3
1
2
-12
-13
-9
0
-11
-14
-11
-7
-18
-19
-12
-4
-15
-23
-19
-13
-15
-18
-18
-13
-15
-25
-21
-13
-11
-20
-18
-11
-7
-17
-16
-10
0
-8
-12
-7
1
-5
-10
-4
1
-4
-14
-9
0
-2
-14
-11
-1
2
-11
-14
-7
0
-11
-10
-5
4
-9
-12
-10
-1
-5
-11
-4
0
-1
-10
-9
0
-3
-14
-8
-1
-3
-16
-14
-7
-3
-14
-13
-6
0
-12
-12
-5
0
-10
-14
-7
3
4
-4
3
14
19
8
11
20
29
20
24
38
48
39
41
49
54
38
30
24
26
16
7
2
8
3
-12
-11
-7
-10
-29
-28
-24
-20
-28
-27
-19
-19
-29
-32
-24
-10
-14
13
52
95
175
283
367
355
253
129
28
-92
-173
-202
-173
-118
-84
-79
-67
-47
-33
-40
-41
-34
-24
-30
-33
-30
-22
-25
-31
-30
-19
-20
-30
-26
-16
-17
-28
-26
-20
-11
-22
-22
-15
-10
-21
-20
-13
-10
-16
-18
-13
-7
-11
-16
-9
-3
-3
-8
-2
6
7
-5
0
11
20
8
10
17
26
19
24
35
47
40
39
47
57
55
49
54
66
66
56
58
66
66
48
47
49
50
31
26
25
29
15
9
12
16
9
2
1
6
2
-5
-2
4
3
-8
-8
-4
-5
-17
-14
-8
-3
-17
-16
-8
-3
-15
-16
-10
-2
-8
-16
-10
1
-3
-12
-5
6
6
-3
-5
6
10
-3
-2
7
14
4
4
7
15
7
4
8
18
14
6
6
13
12
5
6
12
16
7
7
12
13
5
6
14
17
8
7
12
18
10
6
10
19
12
7
7
18
15
5
9
13
14
2
4
10
14
5
3
10
14
2
-1
5
16
11
15
21
36
32
27
26
38
40
34
41
51
58
52
54
62
65
48
41
42
39
26
23
21
21
14
4
3
8
0
-9
-11
-4
-9
-17
-16
-10
-8
-20
-18
-9
0
-3
29
66
110
193
300
378
362
254
125
21
-96
-179
-200
-161
-101
-74
-68
-56
-37
-28
-33
-31
-26
-18
-28
-27
-24
-18
-23
-25
-20
-16
-21
-26
-22
-15
-18
-22
-22
-13
-16
-23
-22
-14
-14
-22
-23
-15
-11
-23
-20
-13
-4
-15
-16
-11
-2
-8
-13
-9
1
-2
-7
-4
7
7
2
6
15
23
17
19
30
41
33
35
41
50
46
46
52
62
58
53
53
60
57
47
42
45
40
28
24
26
22
9
4
9
14
0
-4
-1
6
-7
-9
-5
3
-5
-11
-8
-1
-6
-17
-15
-6
-8
-20
-20
-13
-10
-20
-23
-15
-9
-19
-19
-16
-6
-14
-15
-10
0
-5
-10
-8
0
-1
-6
-4
3
4
-5
-4
2
5
-3
-3
2
8
0
-2
2
9
0
-2
2
10
3
0
2
13
11
1
2
12
13
1
4
12
17
7
5
12
19
9
7
13
24
14
11
13
23
18
12
12
22
19
12
12
18
20
10
11
14
18
8
7
12
20
14
18
26
35
30
28
30
38
34
33
37
49
49
45
48
60
59
40
36
38
36
17
16
18
18
8
0
-1
5
-6
-15
-16
-10
-15
-22
-22
-14
-15
-22
-25
-15
-8
-15
7
47
82
144
254
342
362
266
147
40
-73
-181
-215
-181
-123
-93
-78
-65
-44
-38
-37
-35
-28
-26
-32
-31
-25
-19
-30
-29
-24
-16
-28
-30
-28
-17
-24
-30
-27
-17
-21
-28
-26
-18
-18
-28
-28
-20
-15
-25
-25
-18
-11
-20
-20
-16
-7
-15
-17
-14
-2
-6
-9
-8
1
0
-3
-2
7
10
4
9
21
25
20
26
34
42
36
38
43
53
43
45
46
56
46
39
36
41
32
20
18
22
17
3
0
3
5
-10
-13
-8
-2
-13
-17
-14
-7
-14
-17
-15
-7
-16
-20
-21
-16
-18
-27
-27
-24
-22
-29
-29
-20
-16
-25
-26
-21
-16
-24
-24
-19
-13
-22
-25
-22
-11
-18
-20
-15
-6
-11
-22
-22
-15
-14
-19
-18
-15
-14
-21
-18
-12
-9
-24
-26
-20
-15
-25
-24
-19
-11
-18
-21
-24
-17
-20
-24
-24
-17
-15
-23
-25
-20
-18
-29
-28
-24
-18
-26
-26
-21
-14
-21
-27
-22
-14
-25
-29
-28
-21
-20
-26
-29
-24
-21
-28
-31
-24
-17
-31
-30
-17
-3
-11
-11
-5
5
-7
-5
0
14
13
13
18
30
36
26
16
21
15
-4
-11
-6
-4
-18
-19
-19
-16
-33
-37
-39
-37
-42
-43
-40
-37
-44
-47
-47
-41
-40
-45
-44
-20
13
30
84
192
283
298
220
124
67
-52
-166
-198
-196
-178
-138
-105
-76
-64
-55
-49
-40
-41
-47
-46
-36
-29
-35
-37
-30
-26
-38
-37
-33
-25
-31
-33
-28
-19
-29
-30
-29
-18
-20
-24
-25
-18
-14
-22
-22
-14
-10
-19
-20
-11
-5
-12
-14
-13
-1
-8
-6
-4
6
0
3
6
19
15
12
15
27
31
27
36
51
52
39
43
58
63
53
51
59
67
48
44
46
52
39
30
24
29
15
8
7
6
2
-9
-12
-10
-9
-19
-19
-20
-17
-25
-22
-18
-21
-31
-36
-34
-22
-34
-37
-37
-30
-37
-42
-40
-30
-31
-42
-41
-35
-35
-43
-40
-34
-32
-43
-40
-33
-26
-37
-40
-36
-27
-38
-40
-39
-27
-28
-36
-39
-34
-35
-40
-40
-37
-33
-48
-45
-43
-34
-46
-46
-45
-38
-44
-48
-48
-41
-47
-48
-49
-40
-44
-53
-51
-46
-48
-57
-55
-50
-45
-51
-51
-48
-41
-56
-59
-56
-46
-50
-49
-49
-44
-52
-56
-50
-37
-37
-41
-35
-23
-26
-36
-29
-19
-10
-15
-9
-6
6
2
-1
-9
-8
-19
-29
-32
-26
-35
-48
-48
-42
-48
-58
-59
-63
-63
-66
-72
-69
-66
-72
-72
-71
-61
-74
-70
-65
-35
-13
15
77
197
288
312
245
147
52
-75
-191
-227
-223
-191
-150
-118
-95
-88
-78
-64
-54
-66
-68
-66
-54
-61
-63
-58
-48
-52
-57
-56
-50
-49
-54
-51
-45
-41
-50
-52
-44
-38
-46
-45
-44
-37
-46
-45
-43
-32
-38
-36
-38
-28
-37
-42
-38
-24
-22
-33
-31
-25
-19
-26
-22
-13
-8
-18
-13
-5
7
-1
0
6
20
16
18
22
35
30
26
27
36
31
23
23
25
27
14
9
3
2
-13
-18
-21
-23
-36
-38
-35
-33
-47
-50
-47
-39
-45
-52
-53
-48
-49
-58
-57
-51
-48
-61
-62
-55
-50
-62
-63
-63
-53
-63
-67
-62
-52
-58
-63
-61
-50
-51
-59
-59
-47
-49
-58
-57
-48
-40
-56
-55
-48
-39
-51
-52
-48
-39
-51
-55
-52
-41
-45
-49
-49
-42
-46
-52
-51
-43
-42
-51
-47
-42
-39
-53
-51
-45
-38
-53
-54
-48
-39
-49
-54
-53
-44
-51
-55
-51
-40
-44
-52
-52
-43
-42
-53
-56
-47
-40
-54
-55
-50
-39
-49
-51
-49
-39
-46
-41
-32
-16
-24
-32
-30
-22
-18
-21
-15
-1
4
-4
-1
10
11
-7
-11
-10
-8
-26
-30
-30
-27
-39
-46
-48
-44
-51
-62
-60
-50
-54
-63
-62
-56
-55
-64
-65
-57
-46
-51
-31
12
54
115
227
324
356
268
144
28
-80
-192
-234
-209
-149
-115
-106
-95
-73
-59
-65
-63
-55
-49
-56
-56
-49
-43
-52
-52
-48
-36
-48
-50
-46
-36
-45
-49
-47
-37
-38
-45
-42
-34
-32
-44
-41
-35
-29
-39
-39
-33
-26
-38
-40
-35
-23
-28
-32
-30
-19
-22
-27
-25
-12
-11
-18
-16
-7
2
-6
-3
6
18
12
16
24
34
27
27
32
41
36
34
36
45
38
29
27
32
24
10
6
10
9
-11
-15
-13
-11
-24
-28
-26
-19
-31
-37
-35
-25
-34
-41
-38
-31
-36
-43
-44
-33
-35
-47
-49
-43
-39
-51
-51
-47
-41
-48
-50
-45
-37
-45
-45
-43
-33
-40
-42
-40
-32
-35
-40
-39
-31
-30
-40
-38
-32
-28
-38
-36
-30
-24
-36
-37
-31
-21
-31
-32
-27
-15
-25
-30
-24
-14
-16
-25
-24
-15
-12
-20
-23
-14
-7
-16
-18
-13
-5
-14
-15
-11
-2
-11
-11
-11
-2
-9
-12
-10
-3
-6
-13
-12
-5
-7
-13
-12
-7
-5
-15
-14
-9
-1
-9
-3
6
18
9
5
8
20
15
14
22
36
36
30
35
41
36
20
16
20
16
2
-3
-6
0
-13
-20
-22
-13
-27
-35
-38
-28
-33
-38
-37
-31
-32
-38
-40
-31
-24
-23
10
45
101
195
299
354
311
196
72
-36
-150
-216
-214
-164
-113
-98
-87
-74
-56
-52
-57
-54
-45
-39
-50
-47
-41
-33
-43
-42
-37
-29
-39
-40
-37
-26
-33
-35
-34
-20
-23
-27
-26
-16
-15
-21
-20
-13
-7
-14
-10
-7
1
-8
-5
0
10
2
3
9
17
13
14
17
28
23
25
29
40
42
42
46
57
64
59
67
77
89
81
85
91
102
90
89
92
101
92
86
84
88
79
69
62
66
60
47
42
48
49
38
35
39
46
34
31
31
40
31
30
31
36
27
23
22
26
23
16
16
21
19
14
15
20
21
13
16
24
30
20
26
30
39
29
34
39
51
47
46
52
62
60
55
59
69
70
64
65
75
80
71
70
75
81
71
73
75
85
76
72
73
84
76
72
72
80
75
68
68
75
76
67
66
70
72
64
65
70
74
63
64
65
73
60
58
61
69
60
57
57
66
62
53
53
60
59
50
48
54
57
45
43
48
56
49
51
61
72
63
63
60
72
68
67
70
83
84
80
85
89
86
71
68
67
66
54
53
50
55
43
39
40
46
34
29
30
40
31
30
32
41
38
32
35
45
50
55
94
129
193
290
385
426
364
243
122
12
-92
-146
-133
-82
-34
-17
-9
2
21
25
21
21
28
31
23
25
29
37
25
25
29
39
28
27
29
39
30
28
32
38
34
33
33
46
41
36
37
45
45
35
39
43
48
40
43
48
54
45
47
53
60
52
52
54
63
59
56
59
67
69
64
68
78
84
81
84
92
100
92
94
98
107
96
93
93
100
89
83
82
84
77
64
58
62
54
39
34
39
38
28
24
26
29
19
20
20
28
17
16
14
17
9
10
11
16
12
0
3
10
9
0
1
6
7
-1
-1
1
8
-3
-2
4
16
6
5
4
10
6
3
3
10
10
7
6
13
14
6
4
7
13
5
7
10
17
4
4
6
11
-1
0
4
7
-2
-4
-1
8
6
-3
0
12
14
1
0
6
11
-1
-2
6
13
1
3
9
18
8
6
10
18
10
7
11
22
19
11
11
16
21
15
16
20
29
28
34
40
49
42
38
46
60
57
60
65
79
76
77
74
76
68
56
51
50
49
32
22
28
32
15
15
14
19
6
3
10
15
0
-5
1
9
3
-2
-3
9
17
40
66
111
208
298
349
303
205
120
28
-101
-150
-169
-151
-106
-69
-53
-39
-25
-13
-14
-16
-14
-3
-7
-13
-12
-3
-2
-12
-12
-7
0
-8
-8
-4
8
0
-5
-3
7
-3
-11
-9
3
-1
-4
1
2
-1
-6
-7
6
7
-2
-1
6
16
5
3
7
13
3
5
10
24
15
13
20
29
28
31
36
44
49
44
47
55
61
57
60
66
69
63
62
63
63
52
47
48
51
37
36
34
36
27
19
24
26
27
22
12
19
26
17
15
22
29
14
13
19
30
18
10
14
25
16
14
22
29
25
23
26
34
27
20
25
34
33
23
25
25
29
25
22
28
32
22
20
25
37
26
22
22
30
25
22
22
31
38
29
24
30
39
29
28
35
40
30
28
36
45
35
27
30
41
30
24
22
34
31
25
20
28
34
21
18
28
31
17
18
24
31
17
14
17
26
18
14
14
24
15
9
10
25
25
25
26
31
33
25
24
35
43
37
42
50
59
49
47
51
57
36
26
19
26
16
-1
-4
9
2
-10
-15
-12
-18
-30
-32
-27
-19
-28
-31
-31
-23
-36
-38
-31
-16
7
33
69
165
271
343
336
251
139
36
-97
-178
-199
-187
-145
-109
-82
-77
-68
-58
-44
-54
-54
-51
-41
-49
-53
-54
-38
-38
-48
-48
-38
-39
-44
-46
-40
-35
-43
-45
-35
-30
-38
-41
-39
-28
-37
-40
-37
-23
-30
-37
-35
-25
-27
-33
-33
-22
-19
-26
-27
-18
-12
-12
-14
-8
-1
-8
-7
2
17
8
7
14
33
27
24
27
40
37
33
36
45
48
36
33
42
43
29
19
20
21
8
1
1
6
-10
-20
-22
-13
-21
-25
-27
-20
-26
-32
-34
-26
-26
-32
-36
-32
-25
-33
-39
-33
-27
-34
-38
-35
-29
-35
-39
-39
-28
-36
-38
-33
-19
-22
-27
-25
-13
-11
-21
-20
-11
-7
-16
-16
-11
-2
-12
-13
-10
0
-9
-16
-12
-3
-12
-16
-17
-3
-8
-14
-16
-9
-9
-17
-19
-12
-6
-15
-19
-15
-6
-16
-18
-14
-4
-13
-15
-10
-4
-8
-13
-12
-2
-5
-9
-12
-3
0
-7
-8
-3
3
-10
-12
-4
2
-10
-10
-7
2
-5
-10
-6
3
-3
-7
-1
17
17
11
11
22
24
20
21
35
45
40
38
43
56
43
34
30
33
18
10
8
9
-4
-11
-18
-15
-20
-28
-35
-30
-30
-41
-45
-39
-30
-42
-46
-42
-34
-40
-37
-12
30
56
132
246
344
353
262
142
40
-86
-193
-223
-192
-143
-122
-109
-87
-71
-71
-69
-62
-52
-61
-62
-59
-46
-54
-58
-55
-44
-50
-55
-56
-47
-46
-54
-54
-48
-44
-51
-52
-44
-40
-48
-51
-46
-37
-45
-47
-42
-31
-39
-41
-40
-29
-32
-36
-38
-27
-26
-34
-35
-22
-15
-22
-23
-17
-6
-10
-14
-4
10
6
5
11
28
24
23
25
38
33
30
28
37
38
29
26
29
29
14
4
5
6
-8
-17
-16
-11
-22
-27
-25
-18
-30
-35
-38
-26
-32
-38
-38
-28
-32
-41
-42
-36
-31
-43
-46
-40
-32
-44
-50
-43
-33
-43
-48
-42
-32
-42
-45
-45
-34
-34
-37
-40
-28
-27
-35
-38
-29
-21
-30
-32
-28
-21
-32
-35
-33
-23
-31
-35
-34
-23
-28
-33
-33
-24
-28
-34
-37
-29
-28
-35
-35
-29
-24
-33
-35
-30
-22
-35
-39
-35
-25
-32
-37
-32
-22
-29
-35
-34
-23
-25
-32
-33
-22
-21
-27
-31
-23
-15
-23
-24
-19
-7
-16
-19
-12
-1
-10
-14
-12
0
-2
-5
-6
6
10
8
15
31
34
31
30
38
46
42
46
56
70
63
66
74
82
67
58
54
59
51
44
40
45
42
31
27
34
35
22
17
26
34
25
21
30
40
31
29
31
49
45
61
97
143
212
319
409
443
369
246
130
23
-80
-123
-106
-47
-5
7
19
38
55
54
55
59
71
64
63
62
77
73
70
72
82
82
73
71
79
80
69
66
74
83
78
73
81
91
82
74
75
85
76
72
69
78
73
68
63
74
76
67
63
70
74
65
62
66
74
67
63
69
79
73
71
77
88
83
79
81
94
89
86
85
95
93
87
85
92
90
79
74
75
76
60
49
49
53
40
29
27
34
25
17
13
23
15
9
4
12
11
1
-3
5
8
-1
-4
-1
7
-4
-8
-9
2
-6
-12
-11
1
-6
-12
-12
-1
-3
-9
-12
-2
-1
-6
-8
2
4
-6
-9
-3
4
-5
-8
-4
5
-6
-11
-9
0
-8
-16
-17
-6
-12
-20
-23
-11
-12
-22
-27
-18
-16
-26
-31
-27
-21
-30
-34
-35
-25
-32
-38
-39
-29
-36
-41
-42
-32
-34
-42
-45
-36
-36
-43
-47
-42
-40
-48
-51
-48
-41
-52
-55
-52
-40
-51
-54
-52
-43
-50
-57
-55
-46
-48
-57
-58
-51
-49
-57
-62
-51
-42
-45
-42
-34
-25
-33
-37
-30
-15
-17
-16
-13
3
1
0
-3
1
-6
-15
-25
-24
-24
-34
-43
-36
-35
-49
-56
-51
-48
-58
-60
-57
-47
-57
-60
-60
-48
-57
-60
-55
-43
-26
1
31
110
223
302
318
246
137
19
-106
-202
-226
-217
-174
-137
-108
-103
-96
-88
-72
-76
-80
-80
-68
-68
-74
-75
-66
-62
-70
-74
-69
-62
-70
-73
-69
-62
-68
-73
-70
-59
-66
-72
-71
-59
-65
-69
-70
-59
-60
-66
-67
-60
-55
-67
-68
-62
-55
-63
-63
-56
-46
-57
-61
-56
-44
-51
-54
-49
-33
-34
-37
-36
-21
-19
-25
-26
-15
-9
-15
-17
-13
-4
-14
-16
-15
-7
-19
-27
-31
-26
-37
-50
-54
-50
-56
-65
-69
-62
-65
-73
-79
-71
-68
-79
-83
-76
-69
-81
-84
-82
-72
-85
-90
-88
-77
-87
-92
-92
-81
-85
-93
-96
-85
-84
-93
-95
-84
-79
-88
-91
-81
-71
-81
-86
-84
-73
-80
-85
-83
-72
-79
-85
-85
-74
-74
-84
-82
-74
-73
-82
-86
-76
-73
-81
-86
-79
-72
-83
-89
-83
-71
-80
-88
-87
-75
-83
-91
-91
-78
-81
-91
-93
-82
-82
-91
-96
-86
-79
-89
-97
-90
-79
-87
-95
-91
-77
-85
-93
-94
-78
-82
-90
-93
-78
-80
-86
-91
-81
-74
-83
-90
-83
-74
-81
-87
-81
-71
-78
-83
-79
-64
-63
-65
-64
-50
-55
-59
-60
-45
-40
-43
-42
-28
-22
-30
-40
-39
-39
-51
-62
-63
-56
-71
-83
-80
-74
-85
-94
-96
-88
-93
-100
-105
-96
-95
-102
-106
-98
-95
-101
-101
-90
-54
-30
4
99
215
273
245
150
45
-61
-192
-267
-270
-239
-198
-170
-144
-133
-125
-120
-109
-103
-109
-112
-105
-98
-104
-108
-103
-94
-101
-106
-103
-90
-94
-102
-99
-87
-90
-97
-100
-88
-87
-93
-97
-90
-83
-90
-94
-88
-77
-85
-90
-88
-76
-82
-84
-82
-70
-73
-78
-76
-64
-64
-69
-70
-57
-55
-59
-59
-48
-41
-44
-43
-33
-24
-27
-26
-21
-8
-13
-15
-14
-2
-7
-14
-14
-5
-11
-24
-31
-25
-29
-41
-52
-46
-44
-53
-62
-58
-53
-62
-67
-65
-54
-62
-68
-69
-57
-62
-69
-72
-63
-64
-71
-73
-66
-63
-70
-75
-69
-66
-73
-78
-70
-62
-67
-71
-67
-56
-61
-66
-66
-53
-59
-65
-64
-49
-52
-61
-64
-56
-53
-64
-66
-58
-52
-62
-69
-61
-48
-56
-69
-68
-57
-62
-69
-72
-58
-63
-71
-74
-62
-66
-73
-79
-68
-62
-69
-76
-73
-64
-70
-74
-69
-65
-73
-75
-73
-68
-70
-71
-72
-70
-74
-78
-79
-70
-72
-79
-86
-77
-71
-76
-77
-69
-66
-74
-79
-76
-68
-75
-81
-76
-64
-70
-77
-77
-66
-61
-60
-61
-48
-49
-53
-59
-49
-41
-41
-42
-30
-17
-22
-23
-22
-19
-35
-47
-50
-46
-54
-64
-73
-61
-63
-76
-84
-78
-83
-92
-94
-90
-85
-89
-94
-89
-86
-95
-99
-93
-83
-75
-47
-21
43
139
224
255
196
86
9
-91
-200
-241
-255
-237
-188
-153
-135
-121
-105
-92
-98
-105
-103
-90
-92
-97
-95
-83
-89
-96
-97
-85
-86
-91
-92
-80
-79
-86
-89
-79
-78
-86
-90
-83
-76
-83
-84
-83
-71
-78
-84
-81
-70
-76
-76
-72
-61
-64
-71
-69
-56
-51
-59
-66
-54
-48
-49
-51
-42
-31
-34
-43
-35
-19
-21
-21
-21
-7
-8
-13
-10
0
-4
-9
-9
-7
-10
-20
-27
-26
-25
-32
-41
-42
-40
-47
-61
-60
-54
-61
-68
-69
-58
-67
-74
-74
-61
-68
-78
-80
-72
-70
-80
-84
-77
-70
-78
-85
-79
-71
-77
-84
-77
-66
-74
-78
-74
-60
-67
-73
-75
-64
-62
-65
-72
-68
-63
-71
-73
-66
-59
-65
-71
-70
-60
-62
-65
-63
-58
-64
-72
-74
-62
-64
-67
-71
-61
-64
-72
-72
-58
-59
-69
-70
-61
-52
-65
-73
-67
-59
-65
-70
-66
-56
-63
-70
-69
-58
-62
-69
-73
-62
-61
-66
-71
-64
-60
-65
-70
-62
-56
-63
-69
-70
-57
-61
-68
-67
-56
-58
-65
-65
-53
-55
-59
-61
-47
-44
-46
-48
-38
-34
-38
-38
-29
-17
-16
-16
-11
5
1
-11
-16
-12
-22
-36
-38
-30
-43
-53
-56
-51
-55
-63
-74
-67
-63
-71
-79
-74
-64
-69
-73
-74
-65
-66
-70
-64
-19
10
47
143
261
319
278
168
75
-18
-155
-228
-231
-205
-168
-145
-119
-94
-85
-86
-82
-70
-74
-75
-75
-60
-64
-69
-73
-60
-59
-69
-73
-61
-57
-64
-70
-59
-53
-60
-67
-59
-48
-57
-65
-63
-50
-54
-61
-64
-46
-49
-53
-57
-43
-43
-48
-50
-42
-39
-44
-44
-38
-29
-32
-39
-28
-18
-19
-22
-18
-4
-4
-7
-3
14
12
11
10
24
25
19
16
26
26
18
11
17
20
9
-2
-2
1
-10
-21
-23
-15
-23
-37
-40
-31
-35
-43
-50
-37
-39
-48
-55
-43
-42
-49
-56
-51
-41
-48
-59
-55
-46
-51
-58
-56
-47
-51
-57
-56
-44
-46
-50
-53
-41
-41
-47
-52
-42
-39
-44
-49
-40
-33
-41
-45
-42
-34
-40
-45
-43
-31
-35
-45
-44
-33
-35
-44
-49
-35
-34
-40
-45
-37
-37
-42
-52
-44
-36
-41
-48
-45
-33
-39
-46
-46
-33
-37
-44
-46
-32
-34
-42
-46
-35
-35
-39
-44
-33
-32
-40
-45
-36
-28
-34
-44
-36
-26
-32
-39
-36
-23
-29
-37
-37
-25
-27
-36
-37
-24
-24
-33
-36
-25
-24
-30
-39
-30
-22
-25
-29
-20
-3
-6
-12
-9
4
4
-1
1
17
21
21
19
35
39
26
14
17
16
3
-6
-1
-2
-8
-17
-19
-13
-20
-30
-34
-23
-28
-34
-39
-27
-28
-35
-36
-26
-21
-24
-13
29
63
117
219
326
382
324
202
79
-25
-149
-205
-196
-134
-99
-86
-76
-54
-45
-44
-46
-35
-30
-34
-39
-30
-23
-27
-32
-26
-18
-21
-28
-24
-16
-17
-24
-21
-9
-13
-19
-22
-8
-11
-15
-19
-8
-6
-13
-17
-8
-2
-8
-13
-5
5
2
-7
1
14
11
3
7
22
20
15
14
31
33
30
28
43
51
48
47
58
69
66
60
66
79
76
67
69
80
76
66
64
72
68
54
47
52
44
35
27
35
33
26
19
26
30
21
12
17
28
21
12
14
26
21
11
12
24
20
10
7
18
19
11
5
18
20
14
5
16
23
18
11
15
26
21
13
14
28
25
19
18
28
28
20
17
30
30
22
19
28
29
23
16
23
30
27
17
23
31
28
20
22
33
29
20
17
29
29
19
17
29
29
19
15
26
28
23
15
25
32
26
17
22
30
26
19
23
35
32
23
20
32
30
25
19
28
30
25
20
29
34
27
21
25
30
27
19
24
33
30
22
23
35
33
26
25
35
36
28
26
43
50
47
47
57
62
54
53
62
73
73
68
78
91
90
82
77
82
75
64
54
65
62
47
41
50
47
37
31
33
34
27
19
24
31
27
18
21
29
26
21
24
52
84
108
164
282
376
411
349
245
124
6
-111
-148
-132
-91
-59
-33
-12
-4
-2
9
21
20
13
15
29
29
22
20
33
34
27
21
35
38
30
24
34
40
35
27
30
41
37
29
31
42
42
34
35
43
45
37
35
46
47
41
37
49
50
46
42
51
58
54
52
58
69
66
62
68
81
83
77
82
95
98
92
93
108
112
106
101
112
116
109
101
107
109
101
88
87
91
82
68
62
73
66
55
49
57
55
46
41
49
51
44
38
45
46
41
35
42
44
39
29
33
39
34
26
26
36
32
24
24
35
34
27
25
36
38
30
25
36
40
34
26
35
41
36
27
32
41
39
27
26
38
36
27
25
37
37
31
25
34
39
31
26
34
39
33
24
31
36
31
23
25
34
31
21
21
32
28
22
23
32
29
24
20
32
33
24
18
28
31
25
19
26
33
27
19
23
33
28
19
21
31
30
18
16
30
30
23
19
32
36
29
22
29
35
29
22
27
34
29
21
24
32
35
34
39
53
54
46
41
51
52
51
55
69
76
75
72
79
75
59
50
53
54
44
34
31
38
35
19
15
30
26
12
10
16
12
5
0
14
21
14
3
15
23
34
60
89
149
243
327
373
333
218
99
-1
-103
-149
-161
-128
-75
-51
-42
-31
-9
2
1
-3
5
14
11
6
9
16
14
7
13
24
21
13
12
24
26
18
17
27
32
27
21
31
35
27
19
31
37
35
26
30
37
33
29
29
40
42
34
36
49
48
40
41
55
57
55
53
62
67
65
63
74
87
88
81
94
102
97
88
91
105
107
101
96
103
102
92
85
88
84
69
62
64
62
52
40
41
45
37
24
27
35
29
17
14
24
24
15
11
24
22
10
2
7
13
11
2
5
9
2
-7
0
6
4
-4
-2
7
4
-3
-2
3
5
-3
-5
4
7
1
-3
7
6
-1
-8
3
9
1
-7
-5
3
0
-9
-9
-1
-1
-11
-10
0
0
-11
-18
-7
-7
-13
-20
-9
-5
-10
-18
-13
-6
-13
-22
-15
-9
-12
-19
-11
-5
-14
-22
-18
-10
-8
-16
-18
-10
-14
-24
-28
-14
-12
-18
-27
-18
-13
-12
-18
-18
-11
-17
-21
-23
-19
-19
-28
-26
-9
-7
-14
-9
0
3
-3
-9
8
14
8
5
19
28
31
30
29
31
23
9
4
9
6
-9
-18
-12
-16
-32
-37
-32
-34
-44
-51
-43
-40
-39
-50
-50
-43
-43
-49
-44
-38
-30
-5
25
80
181
272
312
253
136
49
-52
-168
-209
-223
-200
-148
-115
-96
-84
-68
-59
-62
-70
-62
-50
-48
-57
-58
-49
-45
-52
-55
-44
-42
-49
-54
-45
-42
-47
-53
-45
-38
-43
-46
-42
-40
-40
-48
-45
-37
-36
-40
-40
-33
-34
-36
-37
-29
-28
-30
-32
-19
-16
-24
-29
-20
-15
-16
-16
-6
7
4
-7
1
11
14
11
18
31
32
25
23
35
37
31
26
38
37
26
15
16
15
6
-8
-10
-7