-45
-47
-47
-46
-44
-41
-37
-27
-14
-12
-13
-6
-4
0
5
4
16
15
10
4
-5
-7
-4
-13
-32
-50
-59
-55
-55
-60
-62
-64
-66
-71
-70
-70
-69
-72
-71
-71
-70
-70
-70
-67
-70
-84
-111
-122
-84
3
139
303
530
745
920
910
677
376
122
-100
-221
-220
-178
-132
-88
-75
-79
-79
-75
-69
-67
-66
-61
-59
-56
-57
-54
-52
-51
-47
-44
-39
-39
-37
-33
-31
-27
-26
-24
-22
-18
-15
-17
-12
-7
-6
-6
-1
4
9
12
17
25
33
36
39
48
56
61
63
68
76
81
81
84
89
92
87
84
84
82
72
63
54
45
35
29
19
10
3
-5
-9
-17
-22
-30
-31
-34
-39
-40
-39
-40
-43
-45
-45
-43
-42
-43
-41
-40
-38
-40
-40
-40
-38
-42
-44
-42
-41
-43
-47
-45
-45
-45
-48
-50
-48
-49
-53
-58
-56
-56
-58
-59
-60
-59
-60
-61
-63
-60
-63
-65
-65
-64
-65
-66
-67
-67
-68
-70
-70
-70
-73
-74
-76
-72
-74
-76
-75
-75
-75
-78
-77
-78
-77
-82
-79
-78
-77
-79
-79
-79
-77
-79
-82
-81
-79
-77
-80
-79
-76
-76
-76
-80
-78
-79
-79
-80
-82
-78
-79
-80
-82
-81
-83
-84
-82
-82
-83
-84
-83
-81
-75
-72
-58
-50
-52
-49
-44
-40
-34
-33
-27
-17
-22
-32
-37
-35
-33
-43
-56
-74
-90
-87
-89
-91
-94
-97
-102
-103
-102
-101
-103
-104
-103
-102
-102
-103
-102
-99
-100
-111
-134
-158
-147
-87
35
190
399
629
825
920
762
468
190
-36
-217
-266
-232
-182
-135
-106
-108
-110
-106
-105
-102
-98
-93
-91
-89
-85
-82
-83
-80
-75
-71
-67
-68
-64
-60
-56
-59
-56
-52
-48
-47
-46
-41
-37
-37
-35
-31
-23
-20
-16
-14
-6
-2
3
7
15
21
27
33
38
46
48
53
57
63
66
67
73
73
73
69
66
60
52
41
31
25
15
6
-1
-7
-13
-20
-27
-30
-34
-41
-43
-43
-44
-48
-50
-48
-45
-46
-51
-47
-44
-44
-47
-46
-43
-43
-45
-44
-42
-43
-45
-48
-47
-47
-49
-48
-50
-49
-49
-51
-53
-52
-54
-56
-55
-56
-54
-57
-58
-59
-60
-59
-60
-60
-61
-63
-62
-62
-64
-65
-65
-67
-66
-69
-69
-69
-67
-70
-72
-72
-69
-68
-72
-71
-70
-71
-72
-72
-69
-66
-68
-71
-66
-66
-68
-69
-67
-64
-65
-65
-68
-64
-65
-63
-64
-64
-63
-63
-62
-64
-63
-64
-64
-64
-64
-66
-64
-63
-64
-63
-63
-62
-64
-65
-65
-65
-63
-62
-61
-60
-56
-51
-43
-31
-31
-28
-28
-24
-15
-5
-6
4
7
0
-7
-15
-11
-10
-23
-43
-64
-63
-62
-63
-66
-66
-67
-71
-70
-71
-72
-73
-73
-73
-67
-68
-69
-69
-68
-70
-85
-111
-121
-79
11
139
307
523
742
912
888
649
358
113
-98
-203
-206
-171
-125
-85
-69
-72
-69
-61
-57
-55
-50
-45
-43
-44
-42
-36
-34
-33
-31
-26
-25
-24
-23
-20
-16
-16
-13
-11
-8
-7
-5
-2
2
6
9
12
18
24
27
33
38
44
51
56
62
69
74
81
88
92
97
101
106
110
109
112
114
116
111
107
102
99
91
80
74
68
61
51
43
39
32
23
18
18
16
11
4
5
6
2
1
0
2
0
0
-2
2
2
2
2
3
5
3
3
3
3
0
1
2
1
1
1
2
-1
-2
-2
-1
0
-1
-1
-1
0
-3
-3
-4
-3
-5
-8
-6
-5
-4
-7
-6
-6
-6
-7
-11
-7
-5
-8
-12
-10
-8
-11
-11
-13
-12
-15
-15
-15
-13
-14
-16
-16
-16
-15
-17
-17
-18
-17
-19
-19
-17
-18
-20
-19
-17
-19
-18
-21
-19
-18
-22
-23
-22
-22
-25
-24
-22
-22
-22
-26
-25
-23
-23
-26
-25
-24
-22
-22
-24
-20
-17
-11
1
9
9
12
13
16
26
27
30
38
34
26
21
17
19
16
2
-15
-34
-30
-30
-35
-39
-40
-42
-46
-45
-46
-48
-48
-46
-45
-47
-47
-44
-40
-44
-53
-74
-98
-88
-33
86
235
438
661
857
977
850
567
278
41
-144
-196
-170
-124
-75
-47
-50
-54
-49
-45
-41
-40
-35
-31
-29
-28
-26
-21
-20
-18
-15
-11
-9
-8
-6
-4
0
0
2
6
8
9
12
16
18
20
23
29
34
35
40
46
53
55
61
69
75
80
85
92
98
101
103
107
113
115
116
117
120
120
116
111
106
99
90
80
71
65
57
48
39
34
26
21
15
12
12
7
6
4
4
2
1
2
3
2
0
2
3
2
2
3
5
1
1
2
5
1
0
0
3
0
-2
-4
-4
-5
-9
-8
-7
-9
-13
-14
-12
-11
-14
-17
-17
-14
-16
-17
-19
-17
-17
-17
-20
-18
-18
-21
-24
-25
-22
-24
-25
-28
-28
-31
-31
-33
-34
-33
-35
-34
-33
-34
-34
-34
-33
-36
-35
-35
-35
-37
-36
-38
-35
-35
-39
-39
-37
-36
-39
-38
-37
-36
-37
-40
-39
-37
-39
-42
-37
-35
-35
-37
-39
-36
-36
-37
-40
-38
-39
-40
-40
-41
-37
-39
-36
-36
-32
-27
-16
-9
-9
-6
-3
2
9
9
15
24
19
12
7
4
8
-1
-17
-36
-50
-47
-49
-52
-54
-55
-61
-62
-62
-60
-64
-67
-65
-63
-62
-64
-62
-59
-60
-71
-98
-119
-99
-31
97
258
478
703
892
950
767
468
202
-26
-187
-218
-184
-137
-88
-63
-68
-70
-67
-62
-61
-57
-53
-52
-49
-48
-45
-43
-41
-38
-36
-33
-33
-32
-27
-23
-24
-24
-22
-16
-13
-14
-10
-5
-4
-3
2
8
13
15
19
26
33
38
41
48
56
63
69
72
81
86
89
93
98
100
102
103
102
103
99
94
88
80
70
62
54
43
34
28
19
12
7
0
-4
-7
-12
-16
-19
-19
-21
-24
-24
-20
-21
-24
-24
-20
-20
-24
-25
-24
-22
-23
-27
-25
-24
-25
-30
-28
-25
-27
-29
-31
-30
-32
-34
-37
-37
-37
-35
-35
-37
-34
-36
-39
-40
-39
-40
-40
-40
-43
-44
-44
-44
-44
-44
-46
-47
-44
-45
-45
-48
-48
-48
-50
-50
-49
-49
-51
-51
-51
-49
-51
-54
-50
-46
-45
-49
-47
-46
-48
-50
-49
-48
-49
-50
-54
-50
-51
-52
-53
-51
-49
-50
-52
-54
-50
-51
-53
-53
-53
-52
-50
-50
-49
-48
-50
-48
-48
-50
-49
-49
-48
-48
-47
-45
-41
-38
-29
-18
-17
-12
-11
-7
-2
5
6
16
16
10
5
-2
1
0
-11
-31
-52
-52
-49
-50
-57
-59
-60
-63
-65
-66
-64
-65
-67
-67
-65
-65
-66
-66
-63
-68
-87
-115
-117
-67
37
176
364
588
794
933
850
590
306
63
-138
-214
-206
-165
-118
-77
-69
-73
-70
-64
-60
-59
-54
-48
-45
-44
-44
-40
-36
-35
-34
-30
-26
-25
-24
-19
-15
-14
-13
-13
-10
-6
-6
-5
0
3
5
7
9
17
21
23
27
34
40
45
50
56
60
65
68
72
78
82
85
90
90
91
91
93
89
85
81
75
68
55
49
42
36
27
18
13
7
2
-5
-9
-11
-15
-19
-20
-20
-21
-22
-24
-22
-20
-20
-22
-19
-20
-22
-23
-24
-22
-21
-23
-24
-21
-23
-25
-25
-26
-27
-28
-28
-29
-30
-31
-32
-30
-34
-34
-34
-34
-35
-35
-37
-36
-34
-37
-39
-39
-38
-40
-42
-41
-41
-44
-48
-47
-46
-46
-50
-50
-49
-49
-52
-55
-52
-51
-51
-55
-54
-53
-54
-57
-58
-56
-54
-56
-58
-54
-55
-55
-56
-56
-55
-58
-57
-57
-57
-59
-60
-60
-61
-60
-61
-59
-59
-60
-60
-59
-57
-61
-61
-62
-59
-60
-62
-62
-60
-62
-64
-62
-60
-59
-60
-55
-52
-40
-29
-31
-27
-20
-18
-15
-11
-10
3
2
-8
-10
-14
-14
-20
-28
-42
-64
-70
-67
-66
-71
-74
-77
-79
-81
-83
-81
-84
-81
-84
-84
-83
-84
-83
-81
-84
-105
-133
-135
-86
15
157
344
575
781
930
852
590
298
62
-149
-240
-222
-177
-131
-91
-83
-87
-87
-84
-81
-78
-75
-74
-70
-65
-63
-64
-59
-55
-54
-53
-50
-45
-43
-42
-39
-35
-34
-34
-31
-30
-26
-25
-22
-17
-15
-10
-8
-3
1
5
9
16
21
26
33
40
47
49
54
61
68
69
69
73
83
82
81
82
80
75
68
60
52
45
36
26
20
12
4
-3
-9
-12
-18
-24
-29
-29
-33
-34
-37
-37
-38
-40
-39
-40
-39
-39
-40
-38
-39
-39
-40
-39
-41
-41
-43
-42
-41
-45
-47
-47
-45
-48
-47
-49
-47
-47
-51
-51
-49
-50
-53
-52
-50
-52
-56
-60
-57
-58
-59
-60
-59
-59
-62
-63
-63
-62
-64
-67
-69
-67
-67
-68
-69
-70
-69
-71
-73
-71
-69
-70
-70
-71
-71
-70
-71
-70
-69
-70
-71
-72
-69
-71
-71
-72
-69
-72
-74
-72
-71
-72
-74
-74
-71
-68
-71
-71
-70
-68
-70
-73
-72
-71
-72
-75
-74
-72
-72
-73
-74
-70
-73
-74
-75
-71
-70
-73
-74
-72
-70
-68
-64
-56
-42
-41
-41
-37
-34
-26
-21
-19
-8
-7
-16
-21
-24
-25
-24
-33
-47
-70
-73
-72
-69
-74
-79
-81
-82
-80
-83
-84
-84
-83
-84
-86
-85
-82
-80
-82
-86
-99
-126
-134
-94
5
143
317
537
754
916
867
620
331
90
-130
-231
-228
-187
-141
-99
-84
-86
-85
-82
-79
-74
-68
-66
-62
-60
-56
-56
-55
-49
-47
-45
-41
-38
-35
-35
-33
-31
-27
-26
-24
-21
-18
-16
-16
-12
-7
-2
0
4
9
14
19
22
30
38
42
47
53
61
66
69
73
79
81
82
85
89
89
87
86
83
79
71
63
55
48
38
30
24
16
11
4
-1
-5
-11
-14
-17
-18
-24
-26
-27
-27
-28
-30
-31
-28
-26
-29
-28
-27
-27
-27
-30
-27
-25
-27
-30
-29
-29
-31
-33
-34
-33
-32
-34
-37
-35
-33
-34
-37
-37
-37
-37
-38
-38
-37
-38
-41
-41
-42
-42
-43
-42
-44
-47
-47
-47
-47
-50
-50
-51
-49
-52
-53
-53
-52
-54
-55
-54
-54
-53
-57
-58
-56
-56
-58
-59
-57
-55
-57
-59
-58
-57
-56
-57
-59
-55
-56
-59
-61
-57
-57
-59
-60
-60
-59
-59
-61
-61
-58
-60
-61
-62
-59
-58
-60
-60
-59
-59
-59
-59
-59
-60
-61
-62
-59
-61
-61
-60
-55
-50
-42
-30
-28
-27
-25
-20
-14
-9
-10
2
4
-4
-9
-17
-16
-15
-27
-44
-66
-68
-66
-68
-74
-73
-74
-76
-79
-80
-80
-80
-82
-83
-78
-78
-79
-78
-77
-84
-105
-132
-129
-75
34
181
378
609
810
940
827
550
264
34
-165
-236
-214
-166
-116
-79
-81
-85
-83
-77
-73
-72
-68
-63
-61
-59
-57
-54
-51
-50
-49
-45
-41
-40
-40
-37
-35
-33
-32
-31
-25
-24
-22
-22
-17
-13
-10
-8
-5
1
6
7
11
19
24
31
38
44
50
54
61
68
73
76
81
86
86
88
87
88
85
80
73
67
61
48
39
35
26
18
11
5
0
-7
-15
-18
-20
-23
-29
-30
-28
-30
-33
-34
-32
-31
-31
-35
-30
-29
-30
-33
-33
-30
-30
-30
-31
-28
-29
-32
-32
-31
-31
-33
-33
-35
-35
-37
-39
-38
-38
-37
-38
-38
-38
-41
-41
-42
-40
-43
-44
-43
-43
-45
-47
-47
-46
-46
-49
-48
-44
-45
-50
-52
-51
-49
-49
-55
-53
-51
-52
-55
-54
-52
-52
-51
-53
-52
-51
-53
-54
-51
-50
-51
-53
-52
-49
-50
-49
-52
-52
-52
-53
-51
-50
-49
-50
-50
-49
-49
-50
-49
-45
-48
-49
-50
-47
-48
-49
-49
-47
-48
-52
-51
-48
-49
-51
-47
-43
-35
-26
-17
-17
-15
-10
-8
-1
8
8
20
15
10
6
0
0
1
-8
-28
-48
-52
-47
-47
-53
-54
-54
-59
-61
-61
-64
-63
-63
-62
-61
-58
-58
-58
-56
-65
-82
-109
-106
-55
51
189
377
600
802
938
843
578
296
55
-137
-203
-192
-154
-107
-67
-58
-63
-61
-56
-51
-49
-47
-40
-37
-35
-35
-34
-30
-29
-28
-23
-17
-18
-18
-15
-13
-11
-9
-7
-5
-1
3
6
9
9
13
16
22
26
29
34
40
46
49
55
62
70
74
79
85
93
96
98
102
108
111
109
111
112
109
100
95
88
79
70
61
55
49
42
33
25
18
10
5
2
0
-4
-8
-8
-8
-8
-11
-12
-14
-14
-14
-14
-11
-12
-11
-9
-11
-11
-10
-10
-9
-8
-10
-13
-13
-13
-17
-19
-18
-15
-13
-18
-19
-17
-16
-20
-20
-20
-19
-20
-24
-23
-23
-25
-28
-28
-24
-25
-27
-29
-27
-27
-29
-30
-27
-29
-30
-32
-32
-30
-32
-34
-32
-31
-32
-33
-34
-36
-34
-36
-34
-35
-35
-36
-35
-36
-38
-35
-35
-35
-36
-35
-35
-34
-35
-38
-38
-37
-36
-40
-39
-37
-36
-37
-40
-41
-38
-37
-41
-39
-38
-40
-40
-40
-35
-30
-22
-11
-9
-7
-5
-2
4
11
10
21
23
19
13
7
6
5
-4
-19
-38
-46
-44
-46
-50
-52
-54
-55
-58
-57
-59
-62
-62
-60
-59
-61
-58
-57
-55
-61
-79
-106
-104
-60
38
175
357
583
788
940
881
632
341
89
-120
-201
-190
-154
-107
-66
-60
-64
-64
-57
-55
-53
-50
-46
-45
-44
-40
-37
-35
-35
-32
-31
-29
-26
-24
-21
-19
-18
-16
-11
-11
-9
-6
-3
-1
0
3
5
10
13
16
21
29
32
35
41
48
53
57
64
69
75
79
80
86
91
92
90
91
93
91
83
75
71
62
52
45
36
30
21
13
6
1
-6
-11
-14
-16
-21
-23
-24
-26
-26
-27
-26
-27
-27
-25
-24
-23
-23
-24
-22
-21
-20
-22
-21
-20
-21
-24
-23
-23
-24
-26
-29
-28
-27
-28
-32
-32
-30
-32
-35
-36
-34
-35
-37
-39
-39
-38
-39
-40
-42
-42
-43
-45
-45
-46
-47
-49
-51
-51
-50
-53
-52
-53
-54
-55
-55
-54
-55
-56
-56
-54
-57
-56
-55
-55
-56
-58
-58
-57
-57
-60
-61
-60
-58
-58
-61
-60
-57
-57
-61
-59
-56
-55
-57
-58
-57
-57
-60
-61
-59
-59
-59
-61
-62
-59
-60
-61
-62
-57
-56
-54
-50
-39
-27
-29
-28
-26
-20
-17
-13
-12
0
-3
-11
-14
-20
-18
-21
-33
-48
-69
-72
-68
-69
-73
-78
-80
-82
-83
-87
-88
-85
-84
-86
-84
-83
-81
-82
-85
-90
-111
-136
-126
-66
55
204
406
632
831
940
794
505
223
-2
-186
-239
-208
-159
-113
-86
-87
-86
-84
-81
-79
-75
-70
-68
-63
-61
-60
-59
-56
-52
-51
-48
-44
-41
-40
-37
-35
-32
-32
-33
-28
-24
-20
-22
-19
-16
-12
-10
-9
-2
4
10
11
20
27
33
38
44
54
60
64
68
73
78
80
84
85
88
88
87
82
78
71
63
56
47
38
28
20
11
5
-3
-10
-14
-19
-25
-28
-29
-31
-33
-34
-32
-32
-35
-36
-33
-32
-34
-34
-33
-31
-34
-37
-32
-31
-32
-36
-34
-33
-32
-34
-36
-35
-36
-38
-40
-39
-39
-41
-41
-44
-42
-44
-45
-47
-45
-46
-48
-47
-50
-49
-49
-51
-52
-51
-54
-54
-53
-55
-56
-57
-56
-57
-58
-59
-59
-59
-61
-62
-62
-62
-63
-63
-62
-63
-61
-66
-65
-64
-63
-65
-66
-63
-64
-66
-67
-64
-63
-63
-65
-64
-62
-64
-65
-68
-66
-65
-65
-66
-65
-65
-67
-67
-70
-67
-70
-68
-69
-68
-70
-70
-69
-70
-70
-69
-69
-69
-70
-68
-65
-60
-54
-42
-37
-36
-34
-32
-25
-16
-16
-10
-4
-11
-15
-22
-22
-20
-30
-48
-70
-77
-74
-73
-79
-82
-81
-85
-87
-87
-85
-87
-87
-88
-86
-86
-86
-87
-85
-86
-103
-128
-136
-103
-13
125
300
523
738
911
891
649
352
113
-102
-222
-225
-184
-136
-93
-81
-88
-85
-82
-78
-76
-71
-66
-63
-64
-65
-59
-55
-51
-53
-50
-46
-44
-45
-41
-36
-34
-35
-34
-29
-26
-24
-22
-18
-14
-11
-7
-1
5
10
15
19
24
30
35
45
49
55
60
68
74
78
82
86
88
90
92
94
96
92
86
79
72
62
52
46
39
33
23
11
7
2
-3
-13
-17
-20
-23
-27
-28
-27
-28
-31
-35
-32
-33
-33
-34
-33
-32
-32
-31
-31
-29
-31
-32
-31
-30
-30
-32
-33
-32
-33
-36
-35
-35
-39
-40
-40
-38
-40
-42
-42
-39
-39
-43
-44
-43
-42
-44
-47
-47
-46
-46
-50
-47
-46
-48
-49
-50
-47
-47
-49
-52
-49
-48
-49
-51
-49
-48
-49
-50
-51
-50
-49
-51
-52
-51
-51
-52
-50
-51
-50
-52
-51
-52
-51
-50
-49
-48
-49
-50
-51
-50
-50
-50
-51
-49
-48
-51
-52
-50
-48
-50
-51
-50
-48
-49
-51
-50
-47
-47
-52
-49
-48
-48
-49
-52
-45
-42
-38
-28
-16
-14
-14
-12
-10
-2
1
1
12
15
7
2
-3
-1
0
-14
-31
-52
-55
-53
-53
-56
-61
-62
-65
-64
-65
-66
-69
-66
-64
-67
-66
-65
-63
-64
-70
-88
-113
-116
-75
26
168
354
578
783
934
861
603
310
70
-136
-220
-209
-165
-116
-76
-70
-75
-71
-68
-64
-64
-58
-52
-50
-48
-46
-42
-41
-40
-38
-34
-33
-31
-28
-26
-22
-22
-20
-16
-14
-12
-9
-6
-5
-3
2
5
9
12
15
21
29
31
37
45
52
56
62
68
74
79
80
86
93
95
96
98
100
101
97
90
85
79
70
62
54
46
38
29
19
14
8
2
-5
-9
-12
-15
-16
-18
-17
-20
-21
-22
-21
-21
-20
-19
-18
-18
-19
-17
-17
-18
-18
-18
-17
-18
-17
-18
-19
-21
-23
-21
-21
-22
-25
-25
-25
-26
-28
-30
-29
-28
-30
-33
-33
-32
-33
-33
-32
-33
-34
-37
-39
-36
-36
-38
-40
-41
-41
-44
-45
-46
-46
-47
-48
-47
-49
-47
-49
-49
-49
-49
-50
-49
-47
-49
-49
-49
-49
-49
-48
-48
-46
-48
-50
-49
-48
-48
-52
-51
-51
-49
-50
-51
-49
-46
-47
-50
-50
-50
-47
-50
-52
-49
-48
-49
-51
-51
-49
-52
-52
-54
-52
-52
-52
-54
-52
-51
-53
-55
-54
-52
-51
-50
-50
-51
-50
-48
-44
-41
-31
-20
-18
-17
-14
-10
-2
2
1
14
12
6
-2
-6
-3
-7
-21
-40
-56
-58
-55
-59
-63
-63
-64
-69
-71
-68
-70
-71
-74
-72
-70
-70
-69
-68
-67
-72
-91
-120
-120
-75
26
172
360
591
795
941
852
591
299
69
-136
-225
-206
-160
-109
-74
-69
-73
-71
-66
-65
-60
-56
-52
-51
-49
-47
-44
-41
-44
-40
-34
-30
-32
-30
-25
-22
-22
-22
-18
-13
-13
-10
-7
-3
0
3
6
13
16
20
25
34
41
44
50
57
65
69
76
83
88
92
98
101
106
107
108
111
110
108
103
98
92
81
72
64
55
44
38
29
22
16
8
4
1
-2
-7
-10
-10
-11
-14
-16
-15
-14
-14
-19
-17
-16
-15
-16
-17
-13
-14
-17
-18
-14
-14
-16
-16
-14
-13
-16
-17
-18
-18
-19
-21
-20
-22
-22
-24
-24
-25
-26
-27
-25
-25
-27
-28
-27
-28
-28
-31
-31
-33
-34
-36
-35
-33
-33
-35
-36
-35
-35
-37
-40
-38
-36
-36
-39
-38
-37
-37
-38
-41
-38
-36
-38
-39
-36
-34
-37
-39
-40
-36
-37
-40
-39
-37
-36
-36
-36
-35
-36
-39
-36
-37
-36
-36
-36
-35
-37
-38
-37
-35
-35
-37
-36
-36
-35
-38
-37
-38
-36
-36
-37
-34
-32
-32
-36
-35
-34
-34
-35
-34
-32
-32
-32
-36
-33
-33
-32
-31
-29
-24
-19
-8
-3
-1
4
5
9
18
19
23
34
32
26
19
14
17
13
0
-21
-32
-35
-32
-37
-40
-43
-45
-46
-45
-45
-49
-49
-48
-48
-48
-49
-47
-45
-43
-53
-73
-98
-86
-29
83
224
417
635
831
939
810
535
265
29
-145
-192
-176
-135
-88
-52
-47
-49
-47
-42
-39
-34
-30
-26
-26
-23
-19
-17
-15
-15
-15
-15
-11
-9
-5
-2
-1
0
3
7
7
10
12
16
19
21
26
32
37
40
43
49
57
61
67
74
81
88
92
98
103
109
110
114
121
122
122
122
127
126
123
116
111
106
98
90
81
74
64
56
49
42
38
31
27
22
20
16
16
17
14
13
14
16
14
11
9
11
13
9
11
14
13
10
11
13
15
14
11
14
13
14
9
9
12
10
8
8
10
8
7
4
5
6
6
5
4
7
7
5
3
3
2
0
2
1
0
-1
-1
-2
-3
-5
-5
-5
-7
-7
-6
-5
-4
-6
-7
-5
-5
-8
-7
-5
-4
-6
-6
-5
-4
-3
-8
-7
-2
-3
-7
-6
-6
-5
-5
-6
-5
-4
-4
-6
-6
-5
-5
-4
-6
-4
-4
-7
-7
-5
-6
-8
-9
-9
-7
-10
-11
-12
-11
-10
-11
-10
-13
-12
-13
-11
-9
-7
-4
6
22
21
21
26
30
34
39
40
54
60
47
43
40
38
35
26
16
-3
-18
-17
-12
-14
-19
-24
-25
-25
-26
-31
-35
-33
-32
-34
-35
-32
-31
-31
-32
-47
-72
-86
-52
32
168
332
553
769
945
947
727
434
178
-51
-172
-175
-134
-88
-47
-33
-35
-35
-34
-31
-26
-22
-23
-20
-15
-10
-12
-11
-8
-3
-2
-2
3
7
7
7
11
16
17
15
18
25
27
28
30
35
41
43
46
51
57
60
64
70
76
82
88
97
102
106
109
115
118
120
122
126
128
129
127
126
123
117
109
98
91
83
72
64
57
51
42
32
29
25
21
12
11
12
12
7
4
7
7
3
2
5
7
5
3
3
6
4
4
4
5
4
4
2
3
3
2
0
-2
-1
-3
-4
-3
-4
-7
-7
-8
-10
-12
-13
-12
-12
-15
-16
-15
-13
-18
-19
-19
-18
-19
-21
-22
-19
-22
-28
-26
-25
-25
-30
-32
-29
-28
-30
-33
-32
-31
-32
-34
-33
-30
-33
-34
-36
-32
-31
-32
-34
-34
-33
-36
-35
-34
-35
-35
-35
-35
-36
-37
-37
-36
-36
-37
-38
-37
-35
-38
-41
-37
-37
-40
-40
-40
-38
-38
-42
-40
-39
-38
-42
-40
-40
-38
-37
-41
-40
-38
-39
-41
-38
-36
-39
-40
-39
-32
-26
-15
-9
-7
-5
-4
1
7
9
14
22
17
13
6
4
7
-1
-16
-35
-47
-46
-45
-50
-52
-54
-60
-63
-61
-60
-63
-65
-64
-63
-62
-64
-61
-60
-61
-78
-106
-119
-88
-8
123
290
513
730
911
932
717
416
162
-60
-198
-210
-172
-126
-81
-64
-69
-71
-68
-63
-61
-59
-55
-49
-49
-49
-48
-43
-41
-40
-37
-35
-32
-32
-31
-27
-25
-23
-20
-15
-15
-15
-12
-5
-3
0
4
11
17
19
23
28
36
41
44
53
64
70
72
80
87
92
93
95
101
106
106
106
106
105
102
94
86
81
71
60
52
46
37
27
19
12
7
-1
-5
-8
-10
-15
-18
-19
-22
-23
-23
-22
-23
-24
-25
-25
-24
-26
-25
-24
-23
-26
-29
-25
-25
-25
-29
-28
-29
-29
-31
-31
-30
-31
-32
-36
-36
-34
-37
-41
-42
-39
-40
-43
-44
-41
-41
-44
-44
-44
-44
-45
-46
-43
-43
-46
-46
-47
-48
-49
-50
-49
-47
-48
-50
-50
-49
-50
-52
-52
-49
-51
-50
-49
-48
-50
-51
-48
-47
-49
-54
-52
-49
-48
-49
-52
-50
-47
-49
-52
-51
-49
-49
-52
-52
-49
-48
-51
-51
-50
-49
-49
-50
-50
-49
-49
-49
-49
-47
-47
-48
-46
-50
-53
-56
-58
-56
-50
-52
-47
-47
-49
-52
-41
-39
-38
-17
-6
-8
-2
4
12
10
24
22
8
7
12
12
2
-5
-17
-38
-47
-43
-41
-48
-53
-61
-62
-63
-65
-69
-68
-71
-78
-72
-69
-66
-67
-67
-74
-89
-118
-124
-79
20
160
338
567
773
927
864
621
332
76
-136
-224
-211
-173
-128
-89
-76
-79
-81
-75
-72
-68
-69
-67
-61
-56
-54
-55
-51
-47
-45
-46
-42
-37
-33
-35
-38
-33
-29
-28
-28
-18
-14
-15
-15
-12
-5
-3
-1
3
8
7
8
21
30
39
40
48
55
61
62
65
71
73
78
81
86
87
88
85
84
81
77
70
59
55
43
35
27
22
15
6
3
0
-8
-18
-23
-19
-16
-24
-30
-23
-26
-28
-30
-29
-29
-28
-28
-32
-31
-24
-24
-28
-24
-28
-30
-34
-29
-28
-33
-30
-31
-31
-33
-35
-35
-35
-38
-36
-37
-39
-39
-41
-40
-41
-42
-47
-46
-42
-43
-44
-44
-45
-47
-48
-49
-47
-47
-49
-54
-48
-46
-51
-54
-54
-48
-50
-54
-51
-51
-56
-58
-57
-55
-54
-55
-59
-57
-51
-57
-56
-53
-55
-57
-56
-55
-54
-55
-55
-53
-56
-54
-54
-55
-52
-52
-55
-59
-58
-57
-56
-54
-54
-55
-59
-65
-58
-53
-58
-57
-58
-57
-61
-64
-63
-54
-56
-57
-58
-57
-59
-64
-59
-54
-50
-47
-35
-24
-21
-21
-22
-20
-9
-10
-8
4
3
-3
-9
-12
-8
-13
-32
-49
-64
-63
-63
-66
-66
-71
-73
-75
-74
-76
-77
-76
-76
-74
-77
-77
-74
-72
-78
-89
-117
-129
-98
-14
127
297
522
733
920
927
703
391
134
-87
-217
-217
-175
-125
-81
-78
-90
-84
-77
-76
-74
-73
-68
-69
-69
-66
-62
-57
-56
-52
-51
-47
-45
-41
-38
-37
-34
-32
-31
-29
-25
-24
-18
-13
-12
-11
-5
4
5
7
13
20
25
28
40
47
56
53
59
72
75
65
80
102
107
102
97
94
95
87
93
94
77
75
75
61
55
40
38
26
24
14
-8
-1
-5
-8
-22
-28
-30
-22
-28
-32
-31
-18
-24
-22
-22
-24
-26
-30
-31
-34
-29
-22
-31
-31
-29
-26
-21
-39
-25
-28
-30
-31
-35
-38
-45
-41
-35
-45
-49
-47
-40
-46
-55
-60
-51
-49
-49
-58
-53
-50
-44
-52
-60
-61
-55
-57
-64
-62
-62
-64
-61
-61
-66
-68
-71
-71
-73
-76
-74
-74
-78
-78
-79
-75
-78
-77
-77
-77
-76
-82
-81
-79
-81
-88
-89
-84
-78
-80
-87
-83
-84
-80
-83
-82
-82
-81
-81
-81
-79
-75
-76
-80
-80
-74
-74
-77
-77
-76
-74
-75
-73
-75
-72
-69
-70
-74
-72
-70
-65
-54
-39
-35
-30
-25
-25
-21
-14
-11
3
7
-3
-4
-7
-16
-18
-25
-38
-64
-76
-72
-62
-65
-69
-68
-66
-66
-72
-80
-76
-81
-87
-88
-77
-70
-71
-74
-78
-92
-123
-136
-100
-5
134
315
538
762
929
883
626
329
99
-120
-235
-235
-187
-134
-92
-77
-73
-75
-80
-74
-67
-62
-59
-58
-53
-54
-54
-51
-45
-40
-37
-31
-31
-33
-40
-36
-32
-30
-28
-28
-23
-22
-21
-13
-3
0
7
9
8
9
7
14
27
31
49
45
54
68
76
78
88
91
99
105
104
103
107
105
103
102
105
101
88
77
68
50
33
21
14
5
3
1
-3
-10
-18
-23
-27
-27
-34
-35
-34
-30
-23
-22
-24
-30
-40
-44
-41
-39
-35
-42
-46
-35
-28
-22
-13
-26
-28
-12
-18
-31
-17
-30
-43
-52
-51
-60
-56
-61
-57
-29
-10
-26
-15
-2
4
25
13
-13
-59
-78
-84
-74
-69
-64
-44
-37
-58
-58
-63
-65
-64
-64
-69
-58
-66
-55
-30
-53
-61
-64
-61
-62
-78
-81
-73
-52
-40
-59
-94
-102
-94
-96
-78
-73
-77
-81
-75
-72
-72
-62
-47
-42
-47
-57
-70
-59
-52
-66
-92
-101
-87
-74
-84
-84
-86
-94
-98
-94
-92
-83
-73
-51
-53
-88
-99
-92
-74
-57
-51
-47
-27
3
9
-15
-28
-17
-33
-52
-51
-33
0
-22
-70
-92
-100
-100
-78
-75
-88
-99
-93
-102
-94
-102
-99
-95
-91
-83
-100
-106
-102
-86
-87
-98
-113
-164
-146
-89
32
191
407
635
845
957
800
480
196
-35
-214
-260
-221
-164
-120
-83
-83
-96
-97
-101
-93
-90
-84
-67
-75
-55
-48
-54
-69
-51
-36
-55
-77
-83
-67
-44
-43
-49
-54
-39
-28
0
-1
-36
-54
-54
-17
-11
-26
-30
-11
23
42
29
12
-6
14
89
115
62
23
20
23
38
57
65
77
81
90
112
89
39
11
13
14
10
18
12
1
0
-11
-16
-35
-59
-61
-37
-48
-63
-65
-45
-21
-26
-40
-66
-86
-77
-72
-71
-73
-68
-65
-37
3
-24
-65
-89
-89
-76
-60
-54
-58
-76
-76
-56
-47
-45
-45
-56
-79
-75
-55
-49
-71
-80
-73
-59
-69
-68
-69
-60
-43
-28
-69
-102
-107
-91
-85
-73
-76
-73
-68
-63
-52
-58
-86
-97
-84
-68
-54
-58
-56
-65
-95
-98
-90
-81
-76
-62
-48
-49
-55
-60
-93
-127
-108
-92
-87
-75
-77
-79
-84
-81
-63
-74
-96
-100
-91
-91
-80
-91
-85
-62
-62
-61
-46
-54
-69
-71
-62
-58
-65
-64
-53
-40
-37
-34
0
2
-29
-55
-56
-45
-40
-56
-62
-52
-58
-92
-118
-117
-93
-82
-90
-117
-125
-117
-115
-112
-108
-110
-107
-104
-92
-73
-93
-136
-163
-137
-74
56
191
374
607
811
891
705
404
153
-68
-227
-243
-212
-180
-145
-121
-130
-124
-128
-119
-106
-103
-88
-60
-58
-66
-79
-79
-102
-114
-110
-95
-88
-81
-73
-71
-68
-68
-61
-56
-56
-60
-60
-57
-43
-40
-34
-34
-34
-35
-29
-14
-3
-1
9
35
49
19
-3
0
14
26
37
37
48
50
48
51
52
48
44
42
34
21
6
5
7
0
-16
-32
-40
-51
-43
-3
-30
-88
-108
-105
-99
-86
-85
-83
-80
-81
-76
-71
-66
-59
-59
-72
-90
-95
-80
-72
-74
-64
-62
-76
-75
-70
-71
-83
-90
-94
-88
-90
-80
-63
-64
-75
-86
-94
-94
-92
-91
-83
-80
-83
-88
-83
-77
-74
-75
-57
-30
-40
-99
-127
-132
-121
-112
-103
-98
-97
-104
-102
-100
-95
-92
-92
-95
-98
-99
-97
-89
-98
-97
-94
-89
-101
-102
-100
-100
-89
-88
-96
-102
-98
-95
-101
-102
-101
-100
-101
-99
-99
-89
-80
-91
-99
-103
-96
-69
-48
-53
-55
-62
-70
-63
-49
-36
-36
-49
-60
-66
-64
-54
-55
-75
-81
-75
-80
-117
-137
-142
-138
-129
-119
-119
-121
-116
-105
-102
-112
-124
-120
-103
-103
-119
-139
-152
-171
-139
-45
102
291
518
720
870
792
533
246
16
-179
-267
-235
-199
-171
-138
-114
-126
-132
-123
-123
-130
-131
-126
-116
-112
-108
-105
-98
-96
-95
-83
-80
-82
-75
-45
-47
-71
-92
-99
-89
-61
-59
-66
-62
-62
-56
-57
-53
-46
-43
-37
-25
-20
-11
-8
9
15
21
29
28
33
55
53
25
24
34
38
38
43
43
35
20
13
15
8
-13
-26
-29
-26
-45
-59
-63
-73
-85
-84
-81
-83
-88
-88
-91
-87
-89
-94
-93
-87
-89
-91
-86
-93
-94
-92
-90
-82
-87
-95
-92
-88
-90
-90
-90
-90
-86
-81
-63
-64
-83
-106
-106
-101
-83
-101
-112
-110
-107
-107
-103
-92
-71
-40
-42
-68
-105
-121
-139
-139
-127
-112
-110
-114
-115
-107
-115
-115
-108
-111
-107
-85
-89
-107
-95
-91
-106
-130
-129
-128
-122
-121
-126
-133
-135
-123
-121
-123
-128
-120
-118
-116
-107
-102
-84
-73
-89
-114
-119
-122
-125
-128
-113
-108
-113
-109
-97
-80
-82
-71
-62
-60
-55
-44
-30
-16
-23
-51
-73
-59
-22
-2
-39
-81
-116
-130
-132
-115
-106
-113
-122
-133
-134
-118
-110
-128
-149
-147
-109
-88
-110
-151
-165
-151
-139
-154
-172
-134
-29
106
273
484
690
855
798
533
258
38
-192
-279
-261
-221
-176
-152
-132
-123
-115
-109
-91
-92
-103
-104
-98
-73
-70
-75
-77
-72
-84
-96
-91
-79
-69
-49
-43
-51
-54
-50
-47
-33
-14
-3
-15
-20
-29
-32
-26
-11
5
11
32
48
42
31
28
47
62
75
82
87
74
66
66
75
90
125
132
128
100
60
50
44
44
51
66
67
58
45
23
-12
-27
-26
-30
-31
-23
-15
-10
-20
-31
-37
-33
-32
-20
16
15
-9
-29
-35
-37
-20
-4
-18
-29
-25
-21
-9
-10
-23
-35
-52
-51
-45
-45
-36
-35
-34
-23
0
-12
-25
-35
-42
-44
-38
-43
-48
-40
-44
-32
-31
-22
-7
-31
-51
-66
-62
-22
-4
-38
-65
-64
-56
-56
-27
-19
-54
-77
-90
-75
-66
-61
-67
-57
-61
-15
67
29
-65
-107
-124
-122
-92
-90
-80
-61
-71
-68
-71
-79
-77
-82
-74
-53
-22
-45
-74
-74
-52
-44
-58
-48
-40
-37
-6
-24
-48
-54
-56
-32
-26
-8
-2
-23
-40
-33
-53
-27
-15
-38
-52
-103
-133
-140
-123
-125
-132
-119
-88
-101
-119
-124
-105
-79
-57
-56
-62
-88
-115
-143
-154
-123
-3
148
376
600
801
896
731
446
200
10
-142
-220
-252
-231
-166
-104
-62
-79
-109
-125
-130
-116
-104
-100
-85
-67
-65
-80
-93
-86
-57
-21
-51
-82
-108
-110
-91
-76
-54
-24
-9
-32
-61
-37
4
-3
-54
-59
-52
-51
-70
-64
-41
-22
-18
-9
32
96
77
18
12
21
41
73
69
61
42
19
24
27
23
27
38
68
72
26
13
11
-25
-63
-88
-74
-51
-43
-48
-70
-74
-88
-88
-77
-66
-72
-72
-62
-76
-75
-79
-35
62
60
-23
-128
-159
-137
-118
-101
-88
-74
-75
-66
-52
-57
-71
-77
-75
-56
-45
-37
-32
-35
-81
-119
-119
-103
-92
-87
-85
-69
-48
-53
-81
-98
-88
-88
-93
-86
-64
-43
-79
-100
-101
-95
-90
-87
-81
-77
-68
-51
-77
-110
-115
-109
-101
-88
-83
-81
-96
-103
-106
-103
-96
-85
-76
-80
-76
-58
-50
-67
-87
-78
-73
-104
-118
-118
-109
-105
-98
-89
-86
-87
-87
-80
-74
-64
-57
-48
-45
-42
-43
-38
-26
-21
-17
-14
-18
-25
-31
-36
-33
-40
-58
-77
-86
-82
-86
-88
-93
-87
-93
-96
-90
-89
-100
-104
-102
-98
-93
-73
-42
-51
-102
-139
-161
-167
-131
-44
95
266
493
709
889
889
659
352
113
-102
-238
-248
-203
-151
-101
-84
-91
-92
-88
-83
-80
-78
-72
-67
-69
-69
-65
-58
-54
-57
-55
-47
-45
-45
-42
-36
-34
-35
-32
-29
-24
-24
-20
-13
-9
-9
-5
3
7
11
16
23
30
33
41
50
59
62
65
76
85
86
89
91
99
103
97
101
103
102
91
84
80
73
61
48
43
36
27
16
10
7
-1
-11
-14
-15
-20
-25
-26
-22
-21
-25
-28
-29
-23
-25
-26
-25
-25
-26
-27
-25
-23
-24
-26
-26
-23
-25
-26
-26
-22
-24
-26
-26
-24
-24
-26
-27
-24
-25
-29
-29
-24
-24
-29
-31
-27
-25
-30
-34
-31
-30
-30
-34
-36
-35
-35
-37
-40
-35
-32
-34
-35
-35
-34
-37
-40
-39
-36
-38
-40
-38
-36
-36
-38
-37
-38
-38
-37
-35
-35
-37
-37
-34
-31
-33
-33
-35
-32
-30
-33
-34
-31
-29
-33
-34
-32
-29
-32
-35
-33
-25
-23
-23
-11
3
2
2
4
9
17
18
19
34
38
29
21
16
22
18
8
-13
-30
-34
-35
-35
-37
-39
-44
-46
-45
-43
-45
-48
-46
-46
-47
-46
-44
-41
-42
-50
-63
-90
-93
-45
59
194
368
588
799
951
877
613
337
102
-99
-182
-177
-137
-91
-52
-41
-41
-38
-34
-34
-26
-21
-20
-20
-16
-11
-10
-10
-7
-2
1
-2
-1
2
7
9
9
11
16
16
17
22
27
29
29
34
40
44
44
50
59
63
63
70
78
82
85
90
98
104
106
110
116
122
121
122
127
131
128
120
119
115
107
97
91
87
77
66
57
55
49
42
35
33
30
25
22
20
19
16
14
15
19
18
15
15
14
14
13
13
15
15
12
13
14
12
11
10
13
11
9
7
9
11
7
5
6
8
5
4
5
7
4
-1
0
2
2
-3
-3
0
-3
-6
-7
-5
-4
-7
-11
-9
-8
-10
-12
-13
-10
-12
-14
-12
-12
-14
-17
-16
-15
-15
-18
-18
-17
-16
-19
-19
-18
-19
-19
-21
-19
-18
-19
-21
-20
-19
-23
-24
-23
-20
-23
-26
-25
-17
-15
-15
-2
10
9
7
11
15
23
24
23
38
36
27
17
15
20
15
1
-17
-32
-37
-37
-39
-41
-43
-47
-50
-51
-51
-54
-55
-55
-52
-54
-54
-51
-50
-51
-61
-79
-103
-96
-42
76
222
416
644
844
970
849
566
284
46
-145
-206
-183
-136
-87
-59
-61
-60
-55
-53
-55
-49
-44
-41
-41
-37
-31
-30
-31
-31
-25
-23
-25
-24
-16
-14
-15
-16
-11
-8
-7
-5
-2
2
3
5
9
15
18
20
27
32
36
39
46
55
58
62
66
75
79
80
84
91
96
97
98
102
104
100
93
90
87
76
64
59
52
43
32
25
22
16
6
0
-1
-3
-9
-12
-12
-11
-15
-19
-19
-14
-16
-19
-19
-15
-17
-18
-18
-16
-17
-19
-18
-17
-21
-23
-23
-22
-25
-25
-24
-23
-22
-27
-27
-26
-25
-31
-32
-32
-29
-32
-38
-36
-32
-35
-39
-39
-37
-37
-41
-43
-40
-40
-45
-49
-45
-44
-47
-51
-51
-49
-50
-53
-54
-50
-52
-57
-57
-56
-55
-58
-58
-55
-56
-59
-59
-55
-57
-60
-63
-60
-58
-59
-61
-59
-56
-61
-64
-62
-58
-59
-60
-55
-45
-32
-32
-30
-23
-19
-20
-13
-11
-3
0
-11
-13
-13
-17
-21
-26
-39
-59
-76
-75
-71
-74
-81
-83
-82
-85
-88
-89
-87
-85
-87
-90
-90
-86
-88
-90
-90
-103
-130
-146
-111
-23
113
280
505
730
902
891
662
368
120
-107
-237
-237
-196
-151
-108
-89
-91
-93
-91
-87
-82
-79
-81
-76
-69
-67
-68
-66
-60
-58
-60
-58
-52
-50
-49
-50
-44
-43
-42
-40
-37
-32
-31
-32
-30
-24
-23
-20
-16
-9
-4
-3
4
12
16
20
28
37
38
44
49
56
60
63
63
70
74
70
68
67
65
57
47
39
33
24
13
7
1
-5
-16
-20
-24
-30
-36
-42
-39
-40
-45
-48
-46
-46
-48
-50
-51
-47
-45
-47
-48
-44
-45
-48
-48
-47
-47
-50
-51
-50
-49
-51
-52
-51
-50
-54
-57
-55
-53
-57
-60
-58
-58
-62
-64
-64
-62
-64
-66
-66
-62
-64
-70
-71
-67
-68
-73
-75
-71
-71
-74
-77
-74
-72
-75
-76
-74
-70
-72
-75
-76
-73
-74
-77
-77
-76
-75
-77
-79
-80
-76
-79
-80
-79
-80
-81
-82
-82
-83
-84
-88
-88
-87
-88
-86
-83
-72
-60
-57
-57
-52
-51
-49
-40
-37
-29
-26
-34
-37
-40
-43
-46
-49
-63
-84
-102
-98
-94
-97
-104
-108
-106
-108
-111
-113
-110
-112
-115
-114
-112
-111
-110
-110
-112
-124
-152
-169
-137
-49
86
253
475
698
878
880
653
357
113
-117
-254
-262
-227
-178
-132
-107
-110
-112
-108
-102
-97
-96
-93
-88
-82
-83
-86
-80
-75
-75
-75
-72
-66
-64
-63
-63
-56
-54
-55
-54
-50
-46
-44
-44
-40
-33
-30
-28
-24
-15
-12
-8
0
5
11
15
20
28
35
38
42
50
52
55
58
62
63
64
59
60
56
46
37
31
24
13
5
-1
-7
-14
-24
-28
-29
-32
-41
-43
-43
-45
-48
-51
-49
-48
-51
-55
-52
-50
-52
-55
-54
-50
-52
-55
-56
-52
-54
-56
-56
-56
-55
-58
-62
-60
-57
-60
-60
-60
-59
-62
-63
-62
-61
-60
-63
-63
-62
-65
-68
-68
-64
-68
-68
-69
-66
-69
-74
-76
-70
-70
-76
-80
-80
-79
-80
-83
-83
-76
-80
-86
-82
-79
-81
-85
-85
-81
-83
-86
-87
-85
-85
-86
-87
-87
-83
-83
-83
-76
-64
-52
-53
-52
-48
-44
-40
-34
-32
-22
-24
-29
-33
-41
-41
-41
-49
-69
-88
-98
-91
-89
-97
-100
-100
-101
-105
-109
-110
-107
-107
-112
-109
-107
-107
-111
-108
-109
-127
-155
-162
-114
-13
123
304
538
751
898
821
559
275
39
-174
-267
-251
-207
-157
-114
-106
-112
-112
-104
-99
-97
-94
-90
-86
-86
-85
-83
-77
-74
-73
-70
-67
-63
-61
-60
-56
-53
-51
-52
-50
-45
-44
-45
-40
-34
-31
-31
-25
-16
-11
-10
-7
1
7
11
14
24
31
34
39
43
53
54
55
56
60
62
58
56
55
50
41
33
26
18
7
-2
-5
-15
-22
-28
-32
-37
-42
-45
-46
-46
-49
-52
-51
-49
-51
-56
-53
-52
-52
-57
-56
-53
-52
-52
-55
-52
-51
-51
-56
-53
-50
-52
-58
-58
-57
-59
-61
-61
-57
-61
-65
-66
-63
-64
-67
-68
-68
-66
-70
-71
-69
-69
-71
-73
-73
-73
-74
-76
-74
-74
-78
-79
-79
-77
-81
-84
-84
-81
-83
-86
-86
-84
-85
-88
-89
-86
-84
-85
-87
-84
-79
-73
-65
-51
-48
-51
-51
-46
-36
-34
-34
-25
-22
-30
-36
-44
-40
-41
-57
-76
-94
-97
-96
-99
-103
-103
-106
-111
-111
-111
-113
-114
-114
-110
-111
-111
-110
-107
-107
-114
-135
-159
-153
-103
9
155
349
571
772
896
776
490
209
-13
-206
-274
-252
-203
-148
-112
-113
-115
-110
-107
-104
-103
-97
-93
-90
-89
-85
-79
-78
-77
-75
-69
-67
-66
-63
-59
-58
-59
-56
-53
-49
-47
-43
-39
-37
-34
-32
-25
-20
-16
-13
-5
3
5
11
20
29
32
37
45
52
57
57
62
70
71
68
68
69
67
61
49
45
37
27
15
9
2
-7
-14
-22
-25
-33
-40
-45
-46
-48
-50
-51
-50
-50
-53
-53
-53
-52
-53
-53
-51
-50
-50
-51
-50
-52
-52
-52
-52
-50
-52
-54
-53
-48
-52
-54
-56
-54
-55
-57
-58
-55
-54
-59
-63
-59
-56
-56
-62
-59
-59
-62
-63
-63
-59
-59
-64
-68
-65
-66
-72
-72
-68
-69
-71
-70
-70
-68
-71
-71
-73
-74
-76
-76
-73
-73
-73
-76
-74
-71
-68
-67
-60
-47
-40
-40
-39
-35
-31
-25
-22
-13
-1
-9
-16
-16
-19
-23
-25
-37
-54
-72
-78
-76
-75
-81
-87
-89
-89
-87
-89
-92
-88
-90
-91
-93
-88
-84
-86
-88
-91
-104
-126
-126
-78
26
153
320
534
742
891
809
541
265
35
-162
-233
-221
-184
-134
-94
-82
-83
-80
-79
-73
-67
-68
-64
-58
-53
-53
-53
-51
-46
-44
-49
-46
-36
-33
-37
-37
-32
-29
-27
-27
-22
-19
-18
-18
-11
-5
-2
-1
4
10
15
18
24
35
41
44
50
57
61
66
70
75
78
81
84
87
87
87
81
78
73
63
55
49
43
32
23
17
13
5
-5
-8
-10
-13
-19
-20
-20
-20
-24
-27
-25
-23
-24
-28
-24
-21
-23
-25
-25
-20
-19
-22
-23
-19
-18
-20
-22
-21
-20
-22
-24
-21
-21
-23
-25
-25
-25
-25
-29
-29
-29
-31
-34
-32
-29
-31
-33
-35
-33
-35
-35
-36
-35
-36
-40
-40
-39
-39
-42
-43
-42
-42
-43
-48
-45
-43
-46
-49
-48
-45
-47
-50
-52
-49
-50
-53
-55
-50
-49
-52
-51
-48
-43
-37
-24
-19
-17
-16
-15
-9
-1
-1
5
12
5
0
-8
-12
-8
-15
-34
-50
-64
-65
-65
-68
-69
-71
-76
-78
-78
-75
-81
-83
-81
-77
-78
-79
-78
-75
-75
-85
-104
-124
-114
-58
56
199
393
614
810
929
798
511
229
-8
-186
-234
-207
-162
-111
-82
-84
-85
-82
-80
-76
-73
-69
-66
-66
-63
-59
-59
-56
-55
-49
-48
-46
-44
-40
-36
-37
-36
-33
-29
-29
-29
-26
-20
-18
-18
-13
-7
-4
-3
2
9
16
20
23
32
38
43
46
53
60
67
68
71
78
79
78
80
83
80
74
68
60
52
40
32
24
17
7
-1
-5
-11
-18
-24
-25
-29
-30
-36
-36
-35
-37
-38
-37
-35
-37
-38
-37
-32
-33
-37
-36
-35
-32
-36
-36
-34
-35
-37
-40
-39
-38
-40
-45
-45
-43
-44
-47
-49
-47
-49
-52
-55
-54
-52
-53
-56
-56
-54
-56
-57
-57
-57
-60
-60
-60
-61
-62
-64
-63
-62
-65
-67
-67
-65
-68
-70
-70
-68
-69
-72
-73
-70
-70
-74
-75
-71
-71
-74
-74
-74
-71
-72
-76
-75
-73
-75
-79
-79
-76
-76
-78
-78
-76
-76
-76
-74
-68
-58
-48
-46
-46
-40
-38
-35
-30
-27
-15
-17
-23
-26
-31
-35
-34
-44
-63
-82
-90
-86
-87
-92
-94
-93
-97
-100
-101
-100
-101
-106
-106
-103
-101
-103
-104
-100
-100
-111
-138
-156
-132
-62
64
216
432
653
840
888
693
395
138
-83
-235
-254
-215
-167
-122
-102
-105
-107
-104
-99
-95
-94
-91
-86
-83
-82
-79
-76
-74
-70
-68
-65
-63
-60
-59
-55
-53
-51
-49
-45
-41
-41
-41
-37
-30
-28
-27
-23
-17
-12
-10
-4
3
8
12
17
25
32
37
37
46
53
58
61
65
70
71
69
66
68
63
55
47
40
33
23
13
3
-2
-11
-18
-21
-28
-32
-37
-37
-42
-44
-46
-47
-46
-47
-49
-48
-45
-46
-47
-46
-44
-44
-49
-47
-45
-44
-49
-51
-49
-46
-50
-54
-52
-51
-52
-57
-55
-54
-55
-59
-60
-58
-57
-59
-62
-58
-59
-63
-65
-66
-64
-66
-67
-67
-66
-67
-70
-70
-71
-73
-73
-72
-73
-73
-76
-76
-74
-78
-79
-78
-79
-79
-81
-81
-80
-79
-82
-83
-81
-81
-84
-85
-83
-81
-83
-87
-83
-81
-83
-86
-83
-81
-83
-85
-87
-86
-84
-84
-87
-86
-83
-86
-87
-87
-86
-86
-88
-86
-84
-86
-88
-87
-85
-82
-81
-75
-63
-52
-54
-53
-47
-46
-36
-32
-27
-18
-22
-33
-36
-39
-42
-47
-62
-78
-95
-96
-94
-95
-99
-105
-105
-104
-106
-108
-110
-109
-110
-110
-112
-109
-106
-105
-108
-111
-126
-154
-160
-120
-18
126
310
537
747
898
813
546
260
36
-172
-264
-249
-204
-155
-116
-108
-112
-110
-110
-107
-103
-101
-98
-93
-89
-88
-85
-84
-80
-78
-77
-73
-68
-66
-67
-65
-62
-57
-58
-57
-53
-49
-45
-45
-40
-36
-32
-30
-23
-18
-13
-9
-3
5
12
16
21
31
35
38
42
48
53
58
61
63
65
63
63
61
57
53
45
39
31
20
11
5
-2
-11
-17
-24
-29
-35
-42
-47
-46
-46
-51
-51
-52
-53
-54
-56
-54
-52
-51
-55
-53
-51
-52
-56
-56
-53
-53
-56
-59
-57
-56
-59
-60
-60
-60
-60
-62
-63
-61
-62
-62
-63
-61
-64
-66
-66
-65
-67
-69
-69
-69
-72
-76
-76
-74
-74
-75
-77
-75
-76
-79
-80
-79
-78
-81
-79
-76
-78
-81
-84
-83
-82
-85
-84
-82
-79
-80
-84
-85
-82
-82
-83
-83
-80
-79
-82
-83
-82
-80
-81
-82
-82
-79
-80
-85
-83
-80
-81
-83
-82
-82
-81
-82
-82
-80
-82
-83
-84
-82
-82
-80
-83
-81
-81
-84
-85
-83
-79
-82
-82
-77
-73
-66
-57
-52
-51
-46
-48
-43
-30
-26
-21
-15
-18
-24
-32
-36
-32
-38
-53
-77
-89
-84
-81
-85
-88
-87
-90
-93
-92
-94
-92
-96
-97
-97
-93
-93
-94
-91
-89
-97
-120
-144
-130
-68
44
187
385
600
792
876
724
444
190
-40
-201
-237
-220
-177
-129
-93
-91
-93
-87
-85
-85
-86
-80
-75
-70
-69
-66
-61
-59
-61
-62
-56
-55
-52
-51
-45
-44
-44
-42
-41
-36
-34
-32
-30
-25
-23
-19
-12
-10
-4
-2
5
11
15
19
26
35
39
42
48
53
57
59
62
70
72
71
74
76
75
66
62
60
55
46
34
28
23
15
3
0
-3
-10
-17
-22
-24
-27
-31
-34
-35
-34
-34
-35
-37
-35
-36
-36
-38
-37
-36
-38
-37
-38
-37
-38
-37
-38
-38
-40
-40
-39
-41
-43
-43
-41
-43
-44
-44
-43
-42
-46
-47
-47
-47
-48
-50
-50
-47
-48
-52
-52
-50
-51
-56
-58
-56
-55
-57
-60
-58
-56
-58
-60
-58
-57
-58
-60
-63
-60
-61
-64
-63
-63
-62
-63
-63
-64
-61
-61
-62
-62
-60
-60
-62
-62
-62
-62
-64
-63
-61
-63
-62
-61
-59
-61
-65
-65
-65
-64
-68
-66
-62
-63
-68
-67
-64
-63
-64
-66
-64
-60
-61
-63
-60
-58
-57
-56
-46
-32
-31
-33
-30
-26
-19
-13
-12
0
3
-6
-13
-19
-16
-17
-30
-48
-64
-70
-67
-67
-70
-73
-74
-79
-79
-79
-81
-81
-80
-83
-83
-83
-79
-78
-80
-84
-100
-126
-132
-87
15
154
333
553
760
910
836
576
293
53
-152
-232
-218
-172
-127
-92
-87
-88
-86
-83
-80
-77
-72
-71
-69
-68
-62
-61
-60
-56
-54
-51
-50
-47
-44
-40
-42
-41
-37
-36
-35
-34
-29
-27
-25
-24
-20
-16
-15
-11
-6
0
5
7
15
21
26
26
33
41
46
47
52
58
61
61
63
68
70
66
60
59
55
48
38
29
27
17
7
-1
-5
-11
-19
-24
-27
-29
-34
-35
-38
-38
-42
-43
-43
-42
-43
-43
-42
-41
-41
-43
-41
-40
-44
-45
-43
-41
-46
-46
-48
-48
-47
-51
-50
-50
-49
-53
-55
-54
-54
-57
-58
-56
-55
-56
-61
-60
-60
-61
-64
-65
-63
-64
-65
-68
-66
-66
-68
-69
-70
-69
-71
-73
-73
-75
-74
-76
-76
-77
-78
-80
-78
-78
-76
-78
-76
-75
-78
-79
-77
-76
-78
-80
-80
-78
-78
-83
-82
-80
-79
-81
-82
-80
-80
-82
-85
-83
-81
-81
-84
-83
-80
-81
-85
-86
-84
-81
-83
-85
-84
-82
-84
-85
-86
-82
-83
-84
-84
-82
-83
-86
-85
-83
-83
-82
-78
-74
-64
-53
-52
-50
-48
-47
-39
-31
-33
-21
-19
-26
-31
-39
-36
-38
-50
-68
-88
-91
-86
-87
-96
-97
-96
-99
-102
-102
-103
-101
-104
-104
-102
-101
-101
-102
-101
-109
-130
-158
-149
-88
33
180
385
612
807
904
754
470
197
-27
-208
-259
-228
-182
-134
-102
-107
-112
-109
-104
-98
-96
-94
-88
-86
-85
-84
-80
-76
-74
-74
-70
-66
-64
-64
-60
-57
-53
-56
-54
-50
-47
-47
-48
-41
-36
-33
-30
-27
-19
-16
-14
-9
0
5
10
15
21
28
34
39
43
49
50
55
58
62
63
62
62
60
55
48
43
37
27
18
10
5
-7
-15
-21
-26
-33
-40
-42
-45
-46
-51
-53
-52
-53
-56
-57
-55
-52
-54
-58
-56
-54
-56
-58
-57
-55
-53
-55
-58
-56
-57
-58
-61
-61
-59
-63
-65
-65
-64
-65
-66
-66
-65
-66
-69
-68
-69
-69
-72
-71
-70
-72
-74
-71
-72
-74
-76
-78
-77
-75
-79
-80
-77
-79
-84
-83
-82
-80
-82
-85
-83
-84
-85
-89
-86
-84
-84
-88
-87
-86
-87
-90
-91
-87
-86
-87
-88
-88
-89
-89
-90
-90
-86
-87
-88
-88
-87
-88
-91
-91
-90
-89
-91
-90
-90
-92
-94
-92
-91
-90
-91
-93
-92
-91
-92
-92
-91
-89
-93
-95
-92
-91
-93
-97
-95
-91
-91
-94
-93
-88
-80
-70
-63
-62
-58
-57
-54
-42
-41
-37
-28
-34
-39
-43
-46
-44
-49
-64
-86
-100
-100
-96
-100
-103
-104
-104
-107
-109
-110
-112
-112
-113
-113
-113
-113
-114
-109
-110
-125
-151
-165
-135
-52
75
234
451
673
850
863
648
360
112
-113
-243
-255
-223
-179
-133
-109
-112
-116
-109
-105
-101
-100
-98
-93
-90
-90
-86
-82
-79
-79
-77
-76
-72
-69
-68
-69
-67
-63
-62
-61
-60
-57
-54
-48
-45
-42
-37
-33
-29
-28
-24
-18
-12
-6
-2
5
14
21
21
26
35
40
42
42
44
48
51
47
50
49
45
36
32
27
21
8
-2
-5
-13
-22
-30
-35
-41
-46
-51
-55
-56
-60
-62
-65
-65
-65
-66
-65
-65
-65
-65
-64
-66
-66
-65
-64
-63
-63
-64
-65
-63
-65
-66
-68
-68
-67
-69
-69
-67
-65
-68
-70
-69
-68
-68
-72
-70
-69
-68
-74
-73
-72
-72
-74
-75
-74
-73
-74
-76
-76
-74
-77
-79
-78
-76
-77
-79
-77
-78
-77
-78
-78
-79
-77
-79
-80
-78
-77
-78
-79
-76
-76
-77
-78
-76
-77
-78
-78
-77
-76
-78
-77
-75
-76
-76
-75
-75
-73
-72
-74
-73
-71
-71
-73
-75
-73
-72
-72
-74
-72
-71
-72
-74
-74
-72
-72
-74
-75
-71
-68
-66
-62
-49
-38
-41
-40
-36
-33
-25
-23
-20
-5
-8
-19
-24
-27
-24
-28
-39
-56
-76
-79
-74
-75
-81
-84
-86
-87
-86
-90
-91
-91
-90
-92
-92
-89
-87
-86
-90
-99
-121
-142
-126
-57
69
219
431
654
845
915
739
449
185
-50
-209
-235
-204
-156
-111
-89
-93
-93
-91
-88
-83
-80
-76
-73
-69
-67
-63
-63
-61
-57
-58
-55
-51
-47
-46
-44
-42
-38
-35
-36
-32
-30
-27
-27
-23
-19
-15
-11
-10
-4
2
7
8
15
21
28
32
35
43
48
51
52
61
65
68
70
72
73
72
70
64
61
54
46
39
28
22
14
7
0
-6
-12
-19
-23
-27
-32
-34
-34
-37
-39
-42
-40
-38
-40
-40
-40
-36
-37
-39
-39
-38
-37
-40
-36
-36
-36
-39
-39
-38
-38
-42
-44
-43
-41
-43
-48
-46
-45
-45
-47
-49
-47
-49
-49
-50
-50
-50
-51
-50
-52
-52
-52
-54
-54
-51
-54
-55
-55
-56
-57
-59
-59
-59
-61
-62
-62
-61
-63
-64
-63
-62
-65
-64
-63
-61
-62
-65
-64
-65
-62
-64
-63
-62
-61
-62
-64
-62
-62
-63
-66
-63
-62
-63
-64
-64
-62
-63
-63
-65
-63
-62
-62
-63
-66
-62
-64
-64
-66
-64
-64
-65
-64
-65
-65
-66
-62
-59
-54
-43
-34
-33
-34
-30
-24
-14
-14
-11
-1
-3
-12
-19
-21
-16
-23
-39
-58
-74
-71
-71
-76
-79
-78
-80
-85
-85
-84
-85
-87
-87
-86
-86
-86
-86
-84
-85
-101
-129
-144
-108
-22
117
288
514
732
904
891
658
362
118
-101
-227
-229
-188
-139
-95
-83
-86
-85
-82
-79
-78
-74
-69
-66
-66
-63
-59
-54
-54
-54
-50
-46
-43
-44
-39
-34
-33
-33
-31
-26
-25
-23
-23
-18
-15
-14
-10
-5
1
3
9
13
20
26
33
38
45
52
57
62
66
72
75
79
83
86
89
88
87
83
79
72
66
59
50
39
32
25
16
11
4
0
-8
-15
-17
-19