-39
-24
-39
-50
-39
-23
-30
-45
-39
-25
-26
-40
-38
-24
-20
-37
-41
-26
-21
-36
-38
-27
-20
-32
-40
-30
-23
-32
-42
-32
-19
-27
-39
-36
-22
-23
-37
-37
-24
-24
-44
-44
-29
-23
-41
-47
-34
-28
-44
-55
-40
-27
-35
-44
-35
-27
-32
-43
-35
-20
-26
-38
-40
-25
-25
-40
-35
-20
-16
-30
-36
-23
-12
-23
-35
-26
-17
-26
-36
-33
-23
-30
-35
-28
-12
-14
-33
-37
-25
-24
-29
-37
-31
-25
-45
-45
-27
-14
-32
-45
-33
-19
-36
-52
-47
-32
-37
-51
-38
-29
-29
-42
-43
-34
-29
-44
-47
-48
-36
-47
-44
-37
-25
-39
-44
-33
-22
-40
-62
-49
-36
-42
-60
-58
-41
-37
-51
-47
-34
-36
-46
-40
-24
-21
-25
-17
-1
7
-13
-25
-20
-12
-25
-54
-53
-46
-38
-54
-62
-46
-51
-66
-87
-71
-56
-54
-58
-24
17
43
95
179
219
192
98
-39
-171
-269
-316
-303
-238
-172
-135
-92
-45
-27
-31
-7
14
22
15
12
28
38
24
14
29
43
35
26
39
52
44
27
39
52
50
31
36
52
59
52
52
65
66
44
39
57
61
52
43
61
80
73
61
65
73
69
60
77
105
103
91
101
129
142
131
133
150
161
153
150
159
163
154
150
167
179
163
157
165
177
168
152
155
168
156
134
132
142
134
109
106
114
116
100
90
96
109
93
77
80
96
90
78
85
97
89
70
76
94
89
70
73
96
102
87
82
93
100
94
93
96
100
91
91
110
120
111
92
97
114
115
97
94
107
109
99
93
102
111
92
84
103
112
90
81
97
106
91
83
95
102
100
80
85
100
94
81
95
104
99
90
95
110
110
95
94
110
118
104
98
115
125
118
109
117
125
121
118
132
139
128
117
128
136
135
119
122
139
141
130
122
134
142
133
126
135
142
122
113
126
133
130
117
118
132
127
107
102
121
126
109
105
123
117
105
107
119
122
110
99
110
126
119
104
108
123
116
102
106
117
114
99
110
128
131
126
125
135
148
131
132
154
160
151
142
158
169
156
140
147
164
150
133
136
148
141
127
129
139
146
134
129
144
156
144
138
155
196
239
295
395
447
423
311
152
10
-68
-113
-113
-57
1
41
75
123
140
127
132
140
155
144
138
133
152
140
133
145
160
153
137
148
164
166
153
149
166
158
142
142
148
144
135
138
151
155
137
135
157
161
145
137
154
166
157
151
158
173
164
154
167
176
174
166
173
192
191
183
181
203
215
213
208
209
218
214
215
237
246
231
220
230
249
244
225
221
232
215
202
201
205
199
185
172
183
188
166
161
176
182
162
149
152
169
159
153
155
159
159
152
154
159
158
143
149
157
160
148
142
158
169
156
142
147
156
158
154
171
192
185
157
147
157
158
151
157
171
176
164
151
158
165
168
163
167
173
159
151
164
172
162
151
162
178
166
155
155
169
162
142
150
161
159
156
153
166
170
153
145
156
167
153
135
145
168
165
163
159
157
151
151
149
159
161
147
148
158
154
144
151
192
222
186
125
113
126
125
132
145
151
137
125
138
149
128
127
146
155
140
109
109
140
149
125
105
108
114
94
78
91
101
86
51
62
77
67
33
27
53
37
15
25
29
-11
-66
-97
-109
-134
-207
-263
-299
-351
-431
-505
-531
-527
-554
-614
-668
-654
-664
-705
-740
-785
-804
-838
-839
-805
-806
-855
-852
-825
-801
-795
-820
-815
-761
-729
-689
-641
-595
-564
-514
-436
-326
-239
-209
-186
-230
-343
-453
-497
-488
-464
-416
-348
-273
-218
-187
-163
-119
-77
-57
-47
-39
-41
-51
-43
-15
6
21
-4
-29
-5
-8
-24
-12
-2
9
-4
-6
29
37
19
22
28
34
36
31
60
87
89
59
63
78
80
94
127
153
134
84
80
113
128
113
122
147
166
167
150
163
210
299
324
245
126
98
114
157
209
227
204
204
233
242
226
232
249
254
248
248
259
254
232
241
310
330
251
168
184
277
308
261
210
194
172
180
197
224
256
269
319
389
356
238
194
181
215
269
330
323
285
228
196
240
287
306
321
334
312
305
270
294
382
387
296
226
238
256
290
341
357
333
283
263
298
324
320
310
329
360
344
298
286
322
379
438
386
309
255
236
313
401
382
303
251
268
390
455
373
266
197
249
356
429
340
209
154
184
271
318
289
309
392
394
269
199
228
254
271
320
341
288
250
285
320
346
277
222
248
261
269
246
204
149
114
139
264
306
194
19
-39
-37
-31
-82
-141
-165
-177
-260
-440
-916
-1717
-32768
-32768
-32768
-32768
-32768
-32768
-32768
-32768
-32768
-32768
-32768
-32768
-32768
-32768
-32768
-32768
-32768
-32768
-32768
-32768
-32768
-32768
-32768
-32768
-32768
-32768
-32768
-32768
-32768
-32768
-32768
-32768
-32768
-32768
-32768
-32768
-32768
-32768
-32768
-1931
-1782
-1638
-1545
-1463
-1346
-1237
-1152
-1069
-980
-893
-830
-775
-687
-586
-487
-380
-296
-237
-273
-366
-437
-454
-450
-440
-377
-285
-214
-176
-134
-81
-37
-20
-11
15
47
66
68
90
125
138
144
156
176
192
194
207
241
262
257
264
294
317
328
335
332
325
324
331
357
384
388
384
400
427
435
430
447
476
488
484
496
519
527
524
531
554
573
580
582
589
594
595
599
633
661
655
646
665
689
698
691
693
713
714
705
699
714
714
696
693
701
704
678
657
655
672
647
623
634
641
616
603
607
615
607
587
602
635
617
606
594
600
613
603
590
605
604
598
606
619
620
616
605
614
630
623
606
614
636
631
620
628
639
647
623
613
637
643
632
627
638
648
640
630
638
656
654
637
640
660
657
649
652
664
666
655
656
666
670
655
657
675
682
668
663
675
674
656
647
657
665
655
645
654
669
656
639
643
659
661
642
643
650
651
640
634
652
646
629
626
638
643
633
616
628
638
630
609
615
632
621
621
615
626
626
615
613
628
630
609
609
625
630
619
613
619
630
628
614
613
635
640
617
602
617
618
603
598
614
620
610
605
618
625
612
604
620
624
613
605
611
625
625
613
625
643
634
615
620
638
635
624
620
626
626
608
593
598
603
590
568
567
584
567
566
574
584
573
561
574
583
595
619
666
743
791
781
736
642
514
403
340
339
361
392
437
494
531
516
520
534
551
545
533
543
549
540
531
542
554
556
537
533
557
565
537
528
543
547
531
519
534
545
531
521
531
539
528
502
510
521
530
525
520
515
504
480
482
506
511
496
472
479
495
484
471
476
493
499
499
501
512
518
515
522
540
545
527
529
542
559
556
552
564
570
556
563
572
569
543
529
529
532
531
505
505
510
533
538
517
487
463
450
469
513
542
514
454
418
414
407
417
437
455
474
472
468
475
505
488
464
454
471
518
522
485
448
406
395
419
436
440
447
471
474
458
451
461
472
459
441
441
456
450
441
443
456
453
442
437
447
437
422
417
429
433
423
422
433
432
413
410
423
442
435
424
433
449
438
422
424
436
424
414
427
447
446
433
444
454
447
427
417
439
451
433
425
440
453
437
424
431
447
443
423
427
440
435
425
435
451
442
421
408
425
431
405
390
418
428
409
392
405
424
409
388
393
398
380
364
397
433
417
367
348
360
377
372
371
382
376
369
365
382
394
401
426
431
400
362
360
381
396
395
390
404
419
415
406
419
433
414
382
374
410
416
365
342
369
383
375
370
378
367
335
334
343
376
404
444
534
604
614
565
447
313
204
139
137
158
171
175
204
273
329
339
301
287
295
299
291
289
285
269
256
255
251
248
240
254
268
246
217
221
234
228
200
188
193
160
87
21
14
21
-17
-87
-124
-172
-224
-287
-256
-193
-192
-236
-241
-191
-146
-117
-65
18
94
124
159
215
260
295
323
354
389
412
417
443
473
475
463
476
503
518
510
512
528
528
519
506
509
506
480
458
458
459
428
401
401
397
377
348
343
350
340
309
300
300
297
276
271
279
272
253
245
251
240
206
192
199
209
207
188
191
185
175
168
174
202
203
166
148
156
174
172
175
199
209
195
190
209
222
206
195
211
224
214
197
192
204
202
186
194
207
210
193
199
212
204
180
173
181
179
168
159
167
166
145
134
136
153
150
140
144
143
119
104
107
122
115
96
102
123
116
96
82
92
95
92
99
112
107
82
61
69
84
80
73
75
85
79
65
71
88
91
76
76
80
74
57
58
71
77
61
58
76
88
74
62
68
69
64
58
70
86
82
55
55
63
65
54
56
66
66
60
68
68
56
44
36
48
57
42
32
41
45
35
25
38
48
47
40
44
50
36
22
20
43
48
27
17
30
40
24
17
33
44
24
4
13
26
17
-3
8
22
20
4
5
36
73
109
192
296
337
305
169
-22
-162
-229
-244
-227
-185
-136
-100
-58
-26
-17
-25
-16
0
0
-13
-9
5
6
-7
-10
5
11
-4
-9
8
16
-1
-11
3
16
4
-10
1
17
16
0
1
10
4
-9
3
20
14
0
3
14
18
6
1
23
32
25
22
27
38
36
30
37
55
61
48
46
63
71
55
59
79
84
74
78
93
98
88
82
99
107
92
78
90
98
81
58
60
70
56
35
34
44
35
13
13
25
24
4
2
13
17
2
-6
9
17
3
-10
0
13
3
-11
-6
9
2
-12
-8
6
5
-11
-12
3
6
-8
-10
5
12
-2
-12
2
11
-1
-10
2
12
1
-10
-2
10
2
-16
-12
4
4
-15
-18
-3
0
-18
-23
-8
-6
-20
-28
-16
-7
-19
-32
-22
-11
-21
-38
-31
-14
-21
-37
-37
-18
-17
-36
-36
-22
-21
-36
-40
-27
-21
-35
-42
-33
-22
-31
-43
-36
-26
-33
-46
-41
-28
-32
-48
-44
-26
-28
-44
-47
-30
-26
-43
-47
-33
-26
-39
-47
-37
-29
-40
-51
-40
-26
-34
-52
-46
-29
-30
-47
-48
-33
-32
-47
-50
-36
-33
-47
-52
-37
-30
-45
-54
-39
-28
-43
-54
-46
-33
-39
-55
-48
-37
-40
-55
-49
-32
-21
-31
-34
-19
-11
-19
-32
-19
-11
-21
-25
-18
-13
-27
-41
-35
-27
-36
-53
-54
-43
-48
-67
-67
-53
-50
-68
-70
-54
-45
-57
-46
9
74
149
194
207
164
5
-190
-295
-320
-329
-327
-268
-190
-143
-122
-99
-71
-63
-78
-82
-69
-59
-66
-76
-60
-53
-61
-69
-57
-47
-55
-63
-59
-49
-49
-61
-56
-39
-48
-65
-63
-49
-48
-64
-69
-55
-48
-60
-67
-55
-43
-54
-62
-48
-33
-39
-55
-48
-30
-26
-36
-30
-13
-10
-22
-21
-8
0
-9
-7
10
23
14
5
23
37
32
17
30
46
40
25
33
48
45
25
19
27
25
4
-2
10
5
-18
-33
-20
-11
-26
-39
-32
-30
-45
-59
-51
-36
-42
-59
-47
-41
-48
-63
-59
-36
-33
-54
-59
-43
-44
-52
-58
-45
-40
-51
-59
-45
-38
-46
-56
-48
-40
-44
-58
-59
-48
-44
-60
-61
-40
-40
-52
-60
-48
-47
-62
-61
-47
-46
-55
-65
-56
-47
-59
-71
-67
-56
-63
-79
-69
-56
-58
-73
-70
-54
-60
-77
-87
-74
-65
-74
-82
-57
-54
-79
-85
-73
-67
-82
-94
-81
-66
-71
-89
-90
-77
-77
-97
-98
-82
-85
-98
-100
-76
-73
-89
-102
-89
-89
-109
-118
-100
-84
-87
-105
-100
-84
-94
-112
-118
-96
-88
-95
-98
-98
-96
-101
-100
-106
-97
-103
-107
-87
-86
-106
-125
-108
-95
-107
-122
-105
-86
-96
-125
-124
-108
-108
-118
-125
-109
-98
-108
-101
-96
-82
-93
-95
-82
-82
-100
-112
-92
-69
-80
-101
-103
-98
-111
-126
-126
-117
-120
-139
-149
-138
-127
-145
-155
-137
-133
-141
-147
-115
-57
-18
48
122
144
75
-96
-277
-382
-434
-458
-415
-336
-289
-263
-238
-195
-171
-190
-188
-169
-158
-163
-180
-172
-160
-173
-183
-170
-159
-168
-184
-181
-164
-169
-183
-184
-170
-171
-184
-180
-164
-163
-179
-184
-166
-159
-173
-179
-160
-147
-161
-176
-164
-146
-153
-168
-151
-130
-131
-146
-147
-124
-121
-126
-126
-113
-103
-112
-117
-96
-74
-85
-102
-90
-71
-77
-85
-71
-49
-52
-75
-69
-56
-59
-78
-81
-68
-75
-92
-101
-92
-95
-113
-126
-118
-115
-136
-147
-136
-126
-142
-158
-151
-135
-144
-161
-166
-147
-145
-163
-162
-145
-141
-160
-168
-149
-138
-158
-173
-154
-140
-153
-163
-151
-135
-142
-154
-152
-140
-145
-158
-153
-138
-135
-150
-154
-140
-137
-151
-157
-142
-136
-149
-162
-149
-140
-148
-157
-148
-138
-147
-164
-157
-141
-146
-156
-158
-146
-150
-166
-170
-150
-143
-161
-165
-152
-149
-163
-170
-147
-141
-157
-175
-162
-148
-155
-169
-163
-145
-145
-168
-169
-152
-147
-166
-173
-153
-146
-164
-169
-150
-137
-162
-176
-158
-146
-159
-169
-161
-148
-156
-172
-168
-146
-152
-166
-164
-151
-150
-166
-172
-154
-147
-159
-167
-154
-146
-158
-165
-148
-144
-155
-160
-151
-145
-149
-163
-157
-144
-147
-162
-159
-138
-135
-154
-154
-134
-123
-134
-136
-117
-108
-123
-135
-122
-103
-111
-130
-125
-121
-126
-145
-142
-131
-141
-160
-163
-151
-152
-167
-173
-155
-152
-161
-168
-156
-130
-101
-57
43
150
192
165
41
-146
-316
-412
-429
-402
-356
-314
-272
-222
-190
-188
-185
-163
-154
-163
-178
-167
-156
-161
-175
-163
-147
-153
-163
-159
-148
-150
-162
-158
-145
-145
-159
-165
-146
-139
-158
-163
-148
-139
-152
-159
-141
-131
-143
-155
-147
-126
-129
-147
-136
-115
-119
-134
-128
-107
-105
-115
-118
-100
-87
-100
-106
-85
-73
-82
-93
-76
-52
-59
-73
-59
-34
-40
-59
-52
-30
-36
-52
-55
-44
-48
-67
-73
-64
-65
-88
-103
-92
-88
-102
-115
-109
-101
-112
-129
-120
-108
-115
-136
-129
-115
-118
-137
-142
-117
-114
-133
-137
-120
-114
-132
-141
-123
-106
-121
-139
-128
-111
-114
-128
-121
-102
-106
-123
-115
-95
-106
-121
-121
-104
-101
-116
-124
-109
-98
-114
-124
-113
-103
-115
-123
-116
-106
-114
-125
-116
-103
-110
-125
-124
-110
-113
-127
-126
-112
-110
-124
-129
-115
-110
-128
-135
-121
-109
-125
-134
-123
-112
-123
-139
-133
-118
-122
-138
-134
-120
-121
-141
-143
-125
-118
-133
-144
-128
-121
-135
-149
-135
-121
-134
-141
-134
-126
-134
-148
-139
-125
-130
-147
-139
-118
-120
-139
-140
-123
-121
-134
-140
-132
-120
-129
-138
-127
-116
-126
-144
-129
-116
-124
-142
-130
-111
-115
-137
-137
-121
-116
-134
-138
-121
-116
-128
-134
-120
-112
-128
-138
-121
-105
-109
-116
-108
-91
-94
-107
-108
-91
-92
-102
-96
-89
-99
-116
-115
-105
-103
-118
-130
-125
-120
-132
-144
-137
-125
-135
-149
-139
-123
-132
-134
-94
-29
46
134
199
218
124
-92
-294
-367
-383
-394
-370
-302
-235
-206
-190
-159
-130
-138
-157
-143
-129
-132
-142
-143
-125
-124
-142
-141
-126
-123
-138
-134
-121
-113
-130
-137
-125
-114
-128
-132
-123
-111
-115
-128
-120
-108
-113
-126
-118
-103
-105
-121
-117
-96
-94
-107
-107
-89
-77
-88
-95
-83
-66
-76
-84
-69
-48
-52
-65
-56
-40
-34
-43
-42
-21
-16
-30
-32
-13
-8
-21
-24
-9
-5
-19
-30
-24
-16
-31
-44
-39
-31
-49
-72
-70
-57
-65
-90
-88
-70
-68
-91
-99
-81
-75
-88
-100
-84
-76
-90
-102
-91
-77
-86
-97
-88
-76
-86
-100
-96
-79
-78
-93
-91
-75
-74
-94
-100
-82
-70
-81
-88
-76
-69
-83
-93
-80
-64
-77
-90
-82
-65
-74
-91
-85
-70
-74
-88
-89
-78
-74
-88
-91
-78
-71
-83
-90
-80
-74
-87
-98
-84
-72
-84
-99
-91
-75
-81
-93
-92
-76
-75
-94
-92
-75
-79
-94
-99
-83
-74
-88
-95
-83
-74
-86
-97
-87
-70
-80
-98
-92
-76
-84
-96
-98
-83
-80
-94
-97
-82
-82
-97
-101
-82
-73
-87
-99
-87
-77
-88
-95
-86
-73
-81
-96
-97
-79
-83
-92
-96
-76
-71
-79
-89
-76
-69
-84
-89
-72
-65
-83
-97
-80
-58
-71
-88
-80
-64
-74
-94
-89
-59
-61
-81
-86
-66
-62
-74
-71
-50
-47
-60
-60
-42
-32
-44
-54
-39
-22
-38
-57
-54
-40
-45
-65
-68
-57
-66
-81
-83
-69
-74
-86
-92
-72
-68
-81
-92
-71
-28
1
54
150
208
176
61
-107
-252
-345
-390
-382
-319
-254
-215
-174
-127
-107
-108
-102
-86
-80
-93
-102
-82
-76
-91
-101
-90
-71
-83
-98
-92
-71
-77
-96
-91
-71
-70
-86
-87
-74
-73
-86
-87
-69
-63
-78
-87
-72
-62
-74
-80
-69
-51
-61
-72
-67
-48
-50
-59
-47
-26
-40
-50
-43
-19
-14
-32
-30
-11
3
-15
-25
-3
8
-5
-9
7
24
11
-8
3
25
17
-3
-7
10
4
-16
-26
-21
-15
-32
-41
-41
-39
-56
-69
-63
-59
-75
-89
-87
-78
-85
-104
-103
-84
-90
-96
-94
-80
-74
-94
-96
-81
-73
-86
-93
-80
-72
-86
-94
-79
-65
-79
-93
-83
-63
-69
-85
-83
-65
-69
-85
-86
-64
-65
-80
-85
-71
-64
-82
-86
-75
-67
-77
-88
-88
-74
-78
-89
-86
-72
-80
-98
-99
-79
-81
-93
-97
-77
-80
-95
-97
-83
-76
-92
-97
-84
-69
-84
-94
-86
-72
-83
-96
-94
-74
-81
-96
-94
-73
-78
-98
-102
-79
-71
-91
-98
-81
-76
-92
-103
-91
-74
-85
-99
-95
-77
-85
-97
-96
-79
-84
-99
-93
-70
-68
-87
-92
-75
-77
-92
-95
-79
-74
-87
-96
-85
-70
-86
-95
-88
-71
-83
-95
-93
-74
-76
-87
-88
-70
-71
-91
-91
-71
-70
-86
-91
-77
-69
-83
-93
-78
-58
-59
-68
-60
-38
-43
-58
-60
-39
-37
-50
-50
-41
-43
-65
-73
-62
-57
-78
-86
-76
-73
-85
-96
-91
-81
-91
-100
-92
-74
-84
-81
-40
33
109
167
191
171
32
-181
-323
-359
-364
-368
-325
-248
-187
-164
-149
-125
-101
-106
-120
-113
-96
-100
-114
-114
-93
-93
-106
-108
-89
-86
-103
-105
-87
-77
-95
-104
-91
-78
-85
-92
-87
-69
-77
-89
-84
-68
-73
-88
-86
-65
-67
-80
-79
-58
-53
-66
-72
-54
-42
-54
-57
-44
-29
-40
-46
-35
-18
-20
-28
-18
1
0
-13
-9
14
13
0
1
19
25
9
4
24
29
10
-2
4
18
2
-18
-22
-9
-21
-41
-40
-25
-35
-55
-57
-42
-47
-65
-67
-52
-50
-65
-71
-59
-51
-67
-74
-64
-51
-66
-76
-69
-49
-59
-70
-71
-51
-57
-73
-72
-52
-50
-69
-73
-55
-50
-66
-72
-59
-47
-60
-69
-65
-47
-59
-72
-68
-49
-58
-74
-72
-52
-58
-75
-77
-62
-57
-73
-78
-64
-63
-78
-85
-69
-61
-74
-84
-76
-64
-76
-91
-86
-62
-71
-87
-86
-69
-71
-87
-90
-73
-72
-89
-91
-75
-69
-87
-91
-76
-67
-81
-93
-85
-66
-78
-89
-85
-72
-76
-87
-86
-69
-72
-86
-85
-71
-67
-82
-87
-73
-66
-83
-90
-79
-68
-81
-88
-80
-67
-77
-87
-84
-67
-73
-87
-87
-69
-72
-88
-89
-70
-72
-87
-90
-77
-70
-85
-88
-76
-65
-80
-91
-86
-71
-77
-89
-84
-70
-76
-91
-86
-68
-65
-75
-72
-51
-46
-59
-63
-48
-38
-53
-58
-44
-30
-50
-63
-61
-51
-64
-76
-72
-57
-69
-93
-94
-76
-77
-95
-96
-80
-74
-88
-93
-63
-15
26
96
173
199
134
-19
-195
-303
-363
-382
-356
-287
-227
-194
-154
-109
-95
-102
-104
-88
-79
-92
-99
-85
-74
-90
-98
-87
-73
-86
-93
-88
-69
-74
-87
-85
-69
-72
-87
-86
-69
-68
-84
-85
-71
-63
-77
-81
-69
-56
-68
-74
-65
-48
-60
-67
-57
-39
-46
-54
-49
-28
-28
-37
-32
-14
-7
-22
-20
-2
11
-2
-6
7
24
15
10
20
38
28
18
24
43
34
18
19
34
28
7
0
13
10
-15
-22
-16
-13
-30
-38
-34
-24
-40
-52
-46
-31
-42
-53
-52
-37
-44
-60
-58
-41
-45
-61
-58
-42
-38
-57
-58
-43
-36
-52
-58
-45
-29
-43
-52
-44
-26
-36
-50
-45
-30
-32
-46
-44
-28
-27
-45
-45
-31
-27
-45
-47
-35
-24
-40
-48
-41
-30
-43
-50
-42
-30
-38
-51
-50
-34
-37
-54
-53
-35
-34
-50
-50
-37
-32
-51
-54
-43
-32
-49
-55
-47
-32
-45
-55
-49
-34
-41
-56
-52
-37
-40
-53
-52
-35
-34
-52
-55
-40
-34
-49
-54
-40
-30
-49
-56
-48
-29
-43
-52
-48
-33
-43
-52
-47
-33
-35
-51
-51
-36
-33
-50
-53
-37
-34
-48
-50
-38
-27
-42
-53
-44
-27
-41
-52
-46
-29
-34
-48
-45
-30
-32
-48
-47
-32
-26
-45
-50
-36
-25
-43
-49
-37
-22
-33
-42
-32
-14
-18
-27
-18
3
1
-16
-16
2
8
-4
-10
-3
-3
-22
-27
-21
-17
-32
-38
-34
-27
-42
-53
-45
-32
-42
-54
-46
-30
-34
-23
23
93
170
200
194
138
-12
-200
-304
-327
-321
-308
-254
-179
-124
-98
-88
-65
-46
-53
-66
-58
-42
-44
-57
-52
-36
-37
-50
-50
-36
-36
-50
-50
-36
-27
-43
-49
-37
-25
-35
-49
-39
-25
-32
-46
-36
-21
-24
-39
-33
-17
-18
-30
-27
-11
-7
-21
-21
-1
9
-5
-11
5
24
16
5
21
36
35
25
35
55
56
40
47
69
75
59
52
73
74
59
58
71
76
60
51
59
67
45
28
32
36
25
6
8
14
0
-18
-21
-26
-32
-51
-60
-52
-53
-69
-80
-78
-85
-111
-127
-111
-102
-122
-133
-125
-126
-133
-143
-132
-120
-120
-148
-160
-142
-133
-150
-153
-139
-136
-157
-162
-146
-149
-158
-165
-167
-161
-178
-186
-179
-168
-182
-199
-192
-179
-185
-214
-220
-213
-219
-237
-243
-237
-241
-262
-271
-253
-252
-273
-285
-284
-289
-307
-320
-319
-311
-320
-335
-334
-324
-336
-367
-377
-376
-369
-387
-391
-376
-381
-408
-419
-406
-395
-404
-421
-412
-398
-404
-415
-408
-388
-382
-393
-397
-386
-398
-418
-417
-398
-376
-389
-400
-386
-386
-400
-401
-396
-384
-392
-409
-403
-395
-402
-424
-426
-415
-432
-452
-452
-442
-448
-470
-475
-471
-472
-483
-498
-489
-471
-489
-500
-492
-476
-482
-496
-482
-462
-467
-481
-473
-448
-443
-457
-451
-428
-414
-415
-407
-383
-362
-364
-356
-334
-316
-326
-324
-302
-277
-288
-300
-291
-273
-277
-290
-279
-257
-257
-269
-260
-236
-230
-241
-234
-212
-199
-204
-211
-191
-146
-114
-60
30
72
43
-62
-216
-343
-428
-472
-460
-402
-333
-291
-243
-195
-171
-179
-178
-154
-144
-159
-162
-145
-132
-148
-152
-140
-123
-135
-146
-138
-115
-120
-137
-132
-113
-112
-129
-126
-106
-102
-120
-116
-98
-86
-102
-106
-88
-68
-80
-80
-64
-43
-52
-61
-48
-23
-26
-39
-32
-9
-6
-21
-17
4
14
-1
1
19
34
21
18
35
51
37
30
40
62
54
42
49
71
65
48
48
64
59
36
35
46
46
22
14
21
24
3
-9
-3
11
-9
-22
-17
-2
-16
-27
-26
-10
-17
-33
-32
-13
-13
-36
-37
-25
-15
-33
-37
-24
-9
-26
-35
-25
-7
-24
-35
-22
-6
-19
-29
-29
-14
-18
-35
-32
-9
-9
-30
-32
-17
-8
-27
-34
-25
-10
-26
-34
-23
-5
-20
-34
-29
-17
-27
-39
-38
-21
-23
-38
-37
-23
-22
-37
-38
-25
-17
-36
-41
-32
-19
-37
-45
-38
-20
-34
-46
-39
-19
-28
-45
-42
-24
-26
-44
-42
-27
-25
-45
-47
-35
-27
-43
-48
-34
-15
-32
-49
-42
-23
-38
-49
-43
-25
-32
-46
-42
-25
-29
-50
-47
-29
-27
-48
-50
-38
-24
-39
-46
-36
-23
-39
-48
-41
-21
-34
-46
-39
-22
-29
-47
-41
-23
-24
-44
-41
-25
-22
-41
-45
-28
-11
-21
-24
-13
6
-1
-12
-8
11
3
-6
-5
6
-7
-26
-23
-13
-15
-36
-36
-28
-25
-47
-51
-44
-35
-51
-54
-42
-26
-44
-44
-4
62
117
169
195
181
68
-120
-256
-306
-321
-331
-285
-207
-143
-122
-98
-72
-48
-60
-62
-52
-36
-51
-65
-58
-39
-47
-59
-53
-34
-38
-54
-53
-37
-34
-51
-50
-38
-28
-44
-49
-41
-26
-43
-48
-36
-21
-37
-46
-34
-16
-24
-37
-30
-13
-16
-28
-23
-6
0
-15
-13
-4
14
-4
-1
15
30
21
17
27
48
37
27
36
59
54
40
46
65
65
52
53
68
70
50
47
53
60
37
26
31
39
15
3
5
19
4
-12
-10
0
-7
-25
-24
-9
-9
-29
-30
-19
-14
-30
-34
-21
-12
-30
-36
-25
-11
-29
-39
-28
-10
-22
-36
-30
-9
-17
-34
-28
-11
-10
-30
-29
-16
-6
-27
-30
-17
-6
-21
-29
-23
-8
-22
-29
-23
-5
-18
-34
-31
-10
-15
-31
-33
-20
-17
-32
-32
-19
-10
-30
-35
-25
-15
-29
-37
-28
-15
-30
-42
-34
-16
-29
-43
-38
-18
-24
-42
-39
-24
-21
-43
-41
-30
-21
-38
-41
-30
-18
-35
-44
-35
-18
-31
-44
-37
-20
-33
-49
-44
-24
-24
-43
-42
-29
-26
-44
-45
-33
-23
-41
-46
-35
-23
-41
-47
-38
-25
-36
-47
-39
-23
-33
-48
-45
-27
-29
-45
-42
-28
-20
-38
-34
-17
-4
-21
-15
-2
12
-6
-11
4
22
2
-16
-10
3
-7
-27
-27
-12
-14
-39
-45
-36
-32
-51
-49
-38
-26
-43
-49
-40
-18
-3
32
102
194
211
174
80
-71
-224
-317
-333
-311
-269
-222
-164
-109
-72
-69
-61
-47
-33
-50
-53
-41
-26
-40
-51
-41
-23
-30
-44
-38
-20
-26
-43
-38
-24
-23
-37
-36
-22
-13
-30
-36
-25
-12
-28
-36
-26
-9
-22
-31
-21
-2
-9
-22
-16
3
1
-11
-3
11
18
2
6
24
34
23
21
32
50
38
33
49
71
62
53
62
80
72
63
69
86
86
66
70
81
82
57
52
61
61
38
25
31
41
18
3
11
27
7
-8
-2
15
3
-15
-11
3
-1
-19
-18
-6
0
-18
-18
-10
-1
-18
-21
-11
1
-16
-24
-11
7
-4
-17
-10
6
-2
-16
-12
2
0
-17
-11
6
10
-10
-11
0
8
-15
-22
-10
5
-3
-17
-7
6
-7
-22
-15
-1
-7
-23
-21
-4
-8
-24
-24
-6
-3
-22
-25
-15
-8
-23
-31
-19
-8
-19
-30
-24
-14
-21
-34
-21
-12
-18
-34
-29
-12
-15
-32
-30
-12
-9
-26
-31
-19
-10
-23
-26
-15
-6
-18
-29
-18
-6
-14
-29
-20
-4
-11
-29
-26
-9
-6
-24
-26
-9
-6
-23
-24
-8
-1
-18
-27
-17
-5
-18
-29
-17
-3
-12
-27
-21
-7
-8
-24
-22
-9
-6
-23
-24
-2
2
-10
-13
5
15
4
1
19
31
20
11
22
37
28
8
9
22
16
-5
-9
6
6
-18
-29
-16
-12
-30
-39
-23
-14
-25
-33
-22
-11
2
28
88
174
219
201
145
20
-147
-273
-314
-306
-279
-239
-176
-110
-71
-63
-56
-34
-25
-34
-42
-30
-19
-30
-42
-31
-17
-25
-39
-33
-22
-22
-37
-35
-19
-15
-32
-35
-21
-14
-28
-36
-22
-13
-25
-33
-17
-3
-17
-30
-19
-5
-11
-22
-14
1
2
-9
-4
11
19
7
7
21
32
23
20
34
47
40
36
48
61
57
48
59
76
70
60
68
85
82
67
69
81
81
60
54
62
61
42
30
38
41
23
7
14
23
13
-4
4
14
7
-10
-8
4
2
-14
-15
-2
0
-15
-18
-5
2
-11
-19
-9
2
-7
-16
-7
3
-1
-16
-8
5
4
-13
-5
7
5
-11
-10
6
8
-5
-9
4
10
-4
-10
2
8
0
-12
-2
7
0
-16
-9
3
1
-20
-14
-4
-2
-14
-13
-2
-1
-15
-20
-5
1
-12
-21
-12
0
-8
-20
-15
-6
-10
-23
-15
-4
-5
-22
-18
-6
-5
-19
-20
-7
-4
-18
-23
-10
-2
-14
-21
-10
-1
-11
-23
-15
-3
-7
-19
-15
-3
-5
-22
-18
-5
-2
-19
-21
-11
-4
-17
-24
-10
-1
-11
-23
-12
-5
-12
-25
-18
-10
-14
-29
-19
-6
-5
-20
-18
-8
-4
-17
-20
-9
-1
-14
-22
-8
-1
-6
-13
0
13
11
1
12
26
25
10
12
27
32
19
11
18
19
2
-6
3
6
-9
-24
-17
-11
-21
-32
-21
-12
-17
-30
-21
-12
-5
14
60
132
205
217
192
105
-55
-215
-296
-308
-294
-263
-209
-141
-89
-67
-62
-42
-31
-34
-43
-36
-26
-25
-37
-33
-22
-22
-34
-35
-24
-20
-30
-35
-24
-15
-26
-33
-20
-14
-23
-35
-26
-12
-17
-32
-24
-13
-12
-25
-19
-5
-3
-15
-17
-3
6
-3
-7
4
14
9
4
16
30
28
17
33
45
47
37
45
56
60
49
56
73
75
65
65
78
83
76
70
80
84
73
57
61
65
54
36
40
46
38
17
17
23
20
2
4
14
12
-2
-6
5
9
-4
-13
-2
4
-3
-15
-6
3
-4
-16
-10
2
2
-13
-7
2
4
-10
-9
4
7
-4
-5
3
7
-2
-9
4
10
5
-6
1
8
3
-9
0
9
6
-8
-4
4
4
-12
-12
0
2
-10
-13
-2
1
-10
-19
-6
0
-8
-21
-12
-6
-10
-22
-14
-4
-6
-20
-18
-6
-6
-19
-20
-7
-3
-16
-22
-13
-6
-14
-22
-12
-7
-13
-26
-16
-9
-10
-22
-13
-5
-8
-20
-19
-8
-8
-18
-21
-9
-4
-16
-23
-7
-2
-13
-23
-10
-6
-12
-25
-16
-7
-8
-20
-15
-6
-7
-21
-18
-9
-5
-18
-24
-6
2
-10
-21
-10
-3
-13
-22
-10
-3
-8
-21
-12
-5
-11
-21
-13
-5
-7
-19
-17
-5
-3
-8
-9
10
14
4
2
19
25
16
6
22
33
22
1
5
13
5
-13
-7
1
-6
-26
-29
-18
-20
-32
-37
-22
-18
-24
-35
-19
5
34
72
156
217
213
144
19
-138
-255
-311
-314
-284
-232
-176
-128
-79
-54
-55
-54
-35
-34
-37
-41
-30
-26
-33
-43
-28
-19
-27
-42
-34
-20
-22
-35
-30
-15
-18
-33
-32
-20
-22
-28
-30
-14
-14
-29
-35
-18
-9
-13
-24
-12
-4
-4
-15
-8
4
2
-11
-7
14
16
9
11
27
33
23
19
39
45
41
35
53
60
57
46
60
70
72
60
68
85
77
68
66
80
75
60
53
61
58
40
28
38
35
20
6
13
15
7
-8
0
12
4
-11
-10
2
-2
-17
-19
-4
-3
-14
-19
-6
-8
-18
-25
-9
-3
-12
-20
-10
-4
-10
-22
-13
-4
-5
-16
-14
-6
-8
-17
-18
-4
-7
-18
-21
-8
-7
-17
-26
-12
-9
-18
-28
-18
-13
-20
-32
-24
-14
-17
-30
-29
-17
-17
-31
-35
-23
-20
-32
-40
-25
-20
-27
-42
-31
-24
-29
-41
-33
-23
-26
-40
-35
-25
-26
-37
-38
-26
-26
-37
-41
-27
-25
-33
-43
-30
-24
-30
-42
-29
-21
-29
-41
-31
-22
-29
-40
-37
-27
-30
-39
-37
-22
-24
-36
-39
-25
-24
-31
-40
-28
-22
-30
-39
-29
-21
-28
-36
-32
-21
-25
-35
-33
-20
-23
-34
-33
-22
-23
-31
-35
-25
-22
-29
-36
-26
-22
-28
-33
-26
-18
-22
-26
-16
-1
-7
-10
-2
11
6
-4
1
16
19
2
-6
-1
0
-14
-21
-15
-13
-27
-42
-34
-26
-35
-47
-42
-30
-32
-41
-42
-25
2
36
97
184
218
190
101
-48
-199
-298
-333
-324
-283
-228
-176
-124
-81
-69
-66
-54
-45
-43
-54
-52
-40
-43
-50
-49
-36
-38
-45
-46
-35
-34
-43
-48
-36
-32
-40
-45
-39
-30
-35
-42
-35
-26
-34
-42
-37
-22
-22
-34
-31
-16
-15
-27
-23
-9
-5
-15
-13
-4
6
0
-3
9
19
17
14
27
36
35
25
38
49
50
43
50
63
62
52
57
68
69
64
59
71
66
53
42
52
50
37
21
29
29
21
1
4
13
7
-11
-9
3
-3
-16
-20
-4
-6
-18
-23
-8
-8
-19
-29
-11
-6
-14
-27
-17
-5
-9
-20
-13
-2
-5
-17
-13
-3
3
-10
-10
-1
5
-5
-14
-2
6
-2
-13
-5
7
-1
-15
-11
3
1
-14
-9
4
5
-14
-17
-4
2
-13
-21
-8
0
-12
-25
-12
1
-8
-26
-16
-3
-7
-24
-22
-6
-6
-23
-25
-12
-8
-18
-27
-12
-6
-17
-27
-15
-6
-17
-31
-21
-11
-16
-29
-20
-9
-16
-29
-25
-13
-15
-27
-25
-12
-11
-25
-27
-15
-13
-25
-31
-17
-10
-21
-34
-22
-11
-21
-35
-25
-12
-18
-32
-27
-12
-13
-29
-30
-13
-12
-27
-32
-17
-12
-25
-33
-21
-13
-21
-34
-22
-13
-19
-33
-24
-13
-17
-30
-28
-15
-15
-29
-28
-14
-13
-22
-22
-4
5
-5
-9
6
20
8
-4
5
21
18
2
0
8
4
-14
-14
-3
-7
-24
-32
-23
-20
-35
-42
-31
-25
-36
-41
-31
-22
-12
19
79
167
223
216
168
42
-134
-269
-317
-313
-292
-253
-188
-127
-86
-72
-63
-43
-37
-46
-50
-40
-32
-40
-49
-40
-30
-35
-45
-40
-28
-29
-43
-40
-28
-27
-40
-41
-28
-23
-34
-40
-27
-19
-29
-37
-25
-16
-20
-32
-25
-11
-12
-23
-19
-4
-2
-13
-8
6
13
3
4
18
28
19
17
32
43
38
34
45
58
55
47
56
71
68
59
65
80
80
68
67
79
80
61
53
61
63
45
32
38
42
27
12
15
23
13
-3
1
11
5
-7
-9
3
2
-12
-15
-2
1
-11
-17
-7
0
-11
-19
-9
0
-9
-19
-11
1
-4
-15
-10
5
3
-10
-9
3
4
-8
-10
3
7
-5
-10
1
8
-5
-12
0
7
-4
-14
-8
4
-3
-18
-13
0
-2
-17
-16
-4
-3
-17
-20
-8
-4
-15
-23
-10
-3
-14
-23
-16
-5
-13
-24
-20
-6
-11
-26
-21
-8
-11
-25
-24
-11
-10
-23
-25
-13
-10
-21
-27
-15
-7
-16
-26
-18
-9
-18
-27
-21
-7
-13
-26
-23
-8
-9
-24
-23
-10
-8
-23
-26
-10
-5
-17
-27
-16
-7
-16
-26
-17
-7
-14
-24
-21
-7
-10
-23
-22
-8
-8
-23
-25
-10
-7
-20
-23
-12
-6
-16
-24
-14
-6
-13
-23
-15
-6
-13
-25
-20
-5
-8
-16
-10
10
11
0
2
21
25
7
3
22
33
20
7
12
16
4
-12
-3
4
-5
-21
-24
-14
-18
-33
-34
-19
-18
-30
-32
-19
-14
-1
38
105
191
226
209
146
3
-171
-280
-311
-303
-277
-228
-161
-104
-73
-66
-52
-29
-31
-41
-43
-25
-22
-37
-42
-25
-20
-34
-42
-25
-13
-27
-36
-25
-12
-22
-33
-27
-12
-18
-30
-31
-14
-16
-28
-32
-8
-8
-21
-28
-9
-4
-15
-22
-7
4
-4
-12
1
14
8
1
10
28
25
17
22
44
42
35
36
57
56
47
47
68
74
66
58
75
85
74
64
75
85
73
57
60
69
57
39
36
48
37
21
13
29
24
9
-1
14
12
1
-11
1
6
-5
-16
-4
5
-4
-19
-12
2
-5
-18
-14
2
-3
-14
-15
4
0
-10
-14
2
3
-4
-13
2
9
-3
-12
-1
9
-1
-13
-5
10
5
-10
-8
7
0
-12
-13
3
1
-9
-16
0
1
-7
-19
-4
1
-8
-22
-12
-2
-9
-24
-20
-5
-10
-22
-19
-6
-10
-22
-25
-8
-10
-20
-28
-11
-8
-14
-24
-11
-8
-14
-25
-17
-8
-14
-23
-18
-7
-13
-21
-22
-9
-10
-22
-24
-9
-11
-22
-27
-12
-10
-15
-28
-15
-11
-16
-26
-18
-10
-10
-25
-22
-10
-11
-27
-26
-13
-10
-22
-26
-12
-11
-21
-29
-14
-11
-18
-28
-16
-13
-17
-28
-20
-14
-13
-26
-21
-11
-12
-24
-25
-11
-11
-22
-25
-8
-1
-8
-7
8
13
10
5
17
19
18
9
18
24
17
-1
-2
4
4
-11
-16
-7
-10
-25
-33
-20
-20
-30
-37
-26
-16
-21
-33
-14
28
69
122
202
230
203
85
-79
-213
-284
-317
-311
-256
-188
-140
-106
-65
-44
-41
-48
-34
-26
-32
-42
-30
-21
-25
-38
-30
-21
-20
-32
-29
-19
-18
-29
-30
-19
-15
-24
-31
-20
-13
-19
-31
-19
-11
-13
-27
-20
-9
-9
-20
-13
-3
0
-10
-5
3
9
4
4
16
24
18
15
29
38
39
34
43
54
53
46
59
71
72
62
71
81
85
75
76
85
87
76
75
80
80
65
52
58
61
47
29
31
35
30
12
15
20
18
3
3
11
11
-4
-4
1
8
-4
-8
0
7
-4
-12
-1
4
-1
-12
-4
4
3
-10
-3
7
4
-5
0
8
12
-1
-1
7
11
1
-1
9
14
4
-3
7
12
6
-5
4
12
9
-7
-1
6
4
-8
-6
5
9
-3
-8
1
6
-6
-11
-5
4
-6
-14
-5
-1
-8
-18
-8
0
-1
-15
-13
-4
0
-14
-15
-5
-1
-14
-18
-9
-5
-15
-20
-7
1
-10
-20
-11
-4
-10
-20
-14
-3
-8
-20
-14
-8
-4
-19
-17
-8
-5
-15
-19
-9
-1
-10
-21
-11
-2
-10
-20
-12
-3
-10
-19
-13
-4
-7
-18
-16
-8
-6
-17
-16
-8
-3
-14
-20
-8
0
-7
-13
0
13
9
1
13
26
20
5
14
28
28
15
13
20
15
-2
-5
3
5
-9
-20
-17
-13
-23
-32
-24
-16
-23
-35
-21
-15
-13
5
55
124
201
223
207
130
-27
-198
-285
-307
-300
-272
-214
-147
-96
-72
-60
-40
-29
-31
-40
-30
-22
-24
-36
-32
-20
-19
-31
-26
-15
-14
-25
-27
-15
-11
-23
-25
-14
-8
-17
-26
-17
-6
-12
-24
-14
-3
-5
-18
-12
1
2
-12
-9
4
10
0
0
15
22
15
12
24
36
32
28
41
52
50
43
54
66
70
61
66
79
83
72
74
88
91
81
79
89
90
77
65
71
74
61
47
50
52
42
25
29
33
28
13
12
19
18
3
2
13
15
0
-6
6
11
0
-10
0
8
0
-10
-2
7
2
-9
-2
7
5
-6
-1
10
12
0
-2
10
14
2
-2
9
15
7
-1
10
17
9
-1
9
17
9
-2
4
13
10
-3
0
9
12
-4
-7
5
9
-3
-9
3
9
-2
-13
-2
7
-1
-11
-3
6
0
-12
-7
3
1
-12
-10
2
6
-6
-9
-1
4
-7
-11
-3
4
-4
-14
-4
4
-1
-13
-7
2
-2
-14
-9
2
-2
-13
-12
-1
1
-10
-13
-1
3
-7
-13
-2
5
-4
-15
-4
4
0
-14
-7
4
1
-12
-10
3
0
-12
-12
0
2
-9
-12
0
5
-4
-10
-2
7
4
0
12
21
20
13
23
33
29
16
24
39
38
18
15
22
19
5
0
7
11
-6
-18
-10
-5
-16
-23
-16
-8
-12
-22
-17
-2
25
55
114
202
242
214
133
-10
-164
-270
-309
-298
-260
-208
-154
-100
-57
-45
-41
-30
-17
-21
-30
-23
-12
-13
-25
-23
-12
-9
-21
-22
-10
-8
-17
-22
-10
-4
-14
-21
-10
-1
-11
-21
-13
-3
-8
-16
-9
2
2
-10
-8
4
8
-4
-3
12
19
10
5
20
30
22
16
30
43
41
35
45
59
60
51
57
72
75
68
71
83
88
80
78
90
96
85
78
89
91
78
63
70
73
61
45
46
50
40
25
24
30
25
12
13
20
20
6
2
13
16
3
-5
6
14
5
-6
3
11
3
-8
-2
8
6
-6
-4
8
7
-3
-5
7
10
0
-2
7
14
2
-4
6
14
6
-4
5
14
8
-4
2
12
8
-5
0
11
7
-4
-5
6
6
-5
-9
2
7
-4
-11
-2
6
-4
-13
-4
4
-2
-16
-10
4
0
-14
-12
1
0
-13
-16
-3
0
-9
-15
-5
0
-9
-16
-8
1
-7
-17
-10
0
-5
-16
-11
-1
0
-14
-13
-2
-2
-14
-16
-4
-2
-12
-16
-4
1
-9
-16
-6
2
-7
-16
-8
2
-4
-15
-12
2
0
-14
-13
0
2
-12
-13
-1
3
-10
-17
-5
1
-8
-16
-5
6
-1
-6
3
19
18
10
16
32
30
16
16
33
39
26
16
22
22
6
-2
8
13
0
-13
-10
-5
-13
-26
-20
-8
-14
-21
-17
-7
-5
11
56
126
206
228
211
143
-6
-176
-276
-296
-287
-266
-213
-142
-86
-60
-51
-34
-18
-21
-31
-27
-13
-13
-26
-24
-11
-7
-19
-22
-11
-1
-13
-21
-10
0
-13
-21
-11
0
-8
-17
-9
4
-5
-16
-12
2
2
-10
-9
5
10
-2
-3
11
21
11
7
19
32
23
16
30
45
42
31
41
60
60
50
55
72
76
64
66
81
88
80
80
91
100
90
82
90
99
87
73
77
82
69
52
52
57
50
34
31
38
33
18
15
25
26
14
7
17
21
9
1
8
17
6
-5
3
16
10
-4
1
13
12
-1
1
14
15
4
3
17
20
9
1
12
20
9
2
11
21
15
5
10
21
13
3
8
17
15
3
3
15
16
2
-1
12
15
3
-3
9
14
5
-5
1
11
3
-6
-1
10
5
-7
-4
9
8
-7
-6
7
9
-8
-10
3
10
-2
-10
1
7
-2
-12
-3
7
0
-9
-4
7
2
-10
-8
4
6
-7
-9
1
4
-7
-10
1
8
-5
-10
1
8
-3
-10
-2
6
0
-11
-6
4
1
-10
-7
3
2
-8
-10
2
4
-9
-13
-1
6
-6
-12
-1
8
-2
-13
-4
9
0
-10
-3
13
15
7
10
25
29
21
19
29
35
28
26
36
38
20
7
14
19
8
-3
1
5
-7
-20
-16
-6
-8
-20
-18
-7
-5
-18
-16
22
68
111
184
236
233
148
-9
-163
-252
-297
-310
-275
-200
-141
-108
-69
-36
-26
-34
-31
-18
-15
-25
-27
-14
-7
-19
-24
-14
-5
-15
-22
-15
-4
-10
-19
-13
-1
-6
-17
-13
0
-3
-14
-13
1
3
-9
-11
3
7
-2
-5
7
16
7
3
11
24
18
12
21
36
33
25
32
48
51
42
45
60
65
58
57
73
82
74
68
81
91
85
78
88
98
91
79
79
88
81
65
59
66
61
44
37
44
43
26
19
26
29
16
9
18
22
11
2
8
17
9
-2
2
11
7
-3
-1
9
9
-4
-4
8
14
1
-2
10
16
3
-3
7
16
6
-3
8
17
12
1
6
17
13
1
1
17
14
1
0
12
14
0
-3
9
15
1
-5
5
11
0
-9
0
9
0
-11
-5
7
1
-9
-8
7
3
-10
-12
1
4
-10
-15
-2
6
-9
-15
-5
4
-7
-18
-9
2
-4
-17
-10
2
-2
-16
-16
-3
-1
-16
-19
-7
-2
-12
-18
-9
-1
-12
-20
-13
-2
-10
-20
-12
-2
-7
-19
-15
-4
-4
-19
-18
-7
-5
-17
-18
-8
-3
-15
-20
-10
-1
-15
-21
-12
-1
-10
-20
-14
-2
-6
-20
-15
-3
-3
-14
-9
7
14
4
4
18
27
11
3
18
32
23
9
9
17
5
-10
-7
2
-4
-22
-24
-16
-18
-33
-33
-23
-19
-31
-32
-23
-17
-5
31
94
181
222
208
153
22
-153
-272
-309
-303
-283
-238
-171
-109
-71
-64
-51
-33
-28
-42
-42
-30
-22
-32
-38
-28
-18
-25
-36
-28
-17
-22
-33
-31
-18
-17
-30
-28
-15
-14
-29
-29
-17
-10
-23
-26
-16
-7
-15
-21
-11
-1
-8
-15
-6
6
4
-4
4
19
18
8
12
29
36
24
25
42
51
39
39
55
67
57
53
66
77
71
63
73
87
83
72
75
85
82
64
60
68
65
46
38
46
45
26
17
21
28
14
3
7
16
6
-6
0
9
4
-9
-6
4
1
-11
-12
-2
1
-11
-14
-3
5
-9
-15
-4
7
-4
-12
-2
9
1
-10
-3
8
4
-9
-4
6
6
-5
-7
4
7
-6
-10
3
8
-5
-13
-3
6
-4
-14
-7
4
-3
-16
-10
1
-3
-16
-14
-5
-4
-17
-18
-8
-5
-17
-20
-9
-1
-15
-21
-12
-3
-11
-22
-15
-4
-12
-23
-17
-5
-10
-23
-20
-8
-6
-22
-22
-9
-4
-20
-24
-12
-4
-15
-25
-15
-5
-14
-25
-19
-6
-11
-25
-21
-7
-10
-24
-21
-9
-8
-22
-22
-12
-6
-19
-24
-14
-7
-16
-24
-18
-8
-15
-25
-18
-6
-13
-27
-21
-9
-12
-25
-24
-12
-10
-23
-22
-5
4
-5
-6
6
18
11
3
8
20
19
9
17
25
13
-5
-7
3
1
-17
-18
-12
-13
-30
-32
-24
-19
-32
-37
-25
-15
-25
-29
10
65
120
185
220
207
114
-60
-210
-281
-309
-318
-280
-205
-142
-112
-83
-51
-33
-44
-47
-33
-23
-34
-43
-33
-22
-28
-39
-30
-18
-20
-34
-32
-19
-17
-30
-29
-16
-13
-27
-31
-19
-10
-23
-29
-17
-5
-16
-25
-16
-3
-10
-21
-14
-2
-1
-11
-4
9
13
3
5
19
27
19
17
32
44
34
30
45
58
50
45
55
69
66
56
65
78
78
67
74
88
88
70
65
74
76
56
43
48
52
35
19
20
31
18
6
9
19
9
-5
1
13
7
-5
-6
1
-1
-17
-19
-10
-2
-13
-19
-4
3
-4
-12
-1
3
-8
-20
-9
6
-5
-15
-13
-2
-5
-15
-13
4
9
-6
-4
7
10
-6
-14
-7
3
-11
-18
-11
3
-1
-18
-16
-6
-8
-21
-18
-6
-7
-27
-31
-15
-6
-19
-23
-17
-11
-26
-36
-20
-9
-19
-30
-25
-14
-20
-36
-33
-19
-22
-35
-33
-19
-22
-39
-39
-22
-19
-35
-40
-27
-18
-36
-44
-35
-29
-36
-41
-31
-18
-27
-42
-41
-29
-31
-47
-44
-34
-36
-50
-50
-32
-25
-41
-45
-33
-27
-38
-48
-38
-29
-41
-52
-44
-33
-40
-52
-49
-37
-38
-54
-52
-38
-37
-53
-55
-39
-31
-40
-43
-29
-21
-29
-30
-16
-8
-20
-27
-10
3
-6
-24
-24
-20
-23
-46
-48
-34
-37
-61
-67
-56
-52
-68
-73
-62
-52
-59
-69
-62
-37
-6
31
106
185
195
143
22
-138
-273
-362
-384
-352
-288
-232
-187
-132
-98
-94
-89
-73
-62
-73
-83
-70
-56
-65
-74
-67
-55
-62
-75
-69
-55
-54
-71
-69
-55
-53
-69
-69
-56
-51
-63
-70
-59
-47
-56
-64
-54
-42
-49
-60
-53
-38
-37
-46
-42
-24
-23
-36
-34
-18
-10
-21
-20
-5
7
-1
-3
8
20
16
8
21
35
31
22
32
48
46
34
40
54
52
36
36
50
49
28
20
27
30
11
0
4
9
-6
-22
-18
-10
-18
-36
-30
-17
-21
-37
-36
-23
-22
-40
-43
-29
-25
-39
-42
-31
-24
-35
-40
-33
-22
-32
-42
-34
-21
-25
-37
-33
-21
-23
-38
-36
-21
-18
-32
-34
-21
-18
-32
-36
-24
-16
-31
-38
-28
-18
-30
-42
-34
-21
-26
-41
-36
-24
-26
-44
-44
-30
-27
-43
-46
-31
-25
-40
-47
-34
-25
-38
-47
-37
-26
-35
-46
-41
-29
-33
-48
-45
-32
-32
-44
-45
-31
-26
-41
-45
-32
-28
-40
-46
-35
-26
-39
-47
-36
-25
-32
-46
-39
-27
-35
-49
-44
-31
-30
-45
-42
-28
-25
-40
-44
-32
-25
-37
-46
-35
-24
-35
-46
-37
-25
-31
-45
-39
-25
-29
-42
-40
-27
-28
-43
-42
-30
-24
-37
-38
-23
-11
-18
-22
-7
5
-1
-13
-7
6
4
-6
-1
4
-7
-24
-22
-11
-15
-32
-35
-27
-28
-47
-52
-42
-35
-48
-54
-41
-29
-39
-41
5
70
138
216
257
254
136
-68
-231
-293
-315
-323
-285
-208
-146
-117
-91
-63
-47
-54
-61
-49
-38
-46
-58
-49
-35
-38
-52
-47
-32
-34
-49
-48
-33
-32
-45
-47
-33
-28
-41
-45
-33
-24
-37
-45
-34
-23
-29
-39
-30
-17
-18
-32
-24
-8
-8
-22
-17
0
5
-9
-9
10
19
10
6
23
37
29
24
37
54
48
41
50
65
65
53
60
77
78
63
66
78
80
64
56
67
67
47
35
41
43
25
9
15
23
10
-4
-2
9
4
-13
-12
2
0
-17
-18
-5
-2
-20
-25
-11
-4
-19
-28
-15
-5
-17
-29
-20
-7
-13
-26
-20
-5
-7
-21
-18
-2
-2
-17
-17
-3
3
-13
-18
-5
2
-9
-19
-7
3
-7
-19
-8
4
-4
-16
-14
2
-2
-16
-16
-1
0
-17
-19
-4
1
-14
-22
-11
-1
-13
-25
-13
-2
-11
-26
-17
-4
-11
-26
-19
-4
-6
-23
-23
-8
-7
-20
-23
-10
-4
-19
-25
-13
-3
-16
-27
-16
-4
-13
-25
-17
-4
-11
-25
-20
-4
-7
-22
-22
-7
-5
-21
-23
-8
-1
-15
-24
-11
-2
-16
-26
-16
-1
-10
-25
-16
-1
-6
-23
-20
-2
-4
-20
-22
-5
-2
-17
-22
-8
-1
-13
-20
-7
8
1
-8
4
21
18
9
14
24
21
10
16
29
22
2
-3
11
10
-7
-14
-3
-3
-22
-34
-24
-14
-26
-37
-28
-13
-17
-33
-21
22
65
111
204
272
266
167
-5
-166
-260
-308
-314
-272
-207
-154
-120
-76
-44
-40
-49
-41
-25
-29
-42
-38
-21
-22
-37
-36
-20
-16
-32
-35
-20
-13
-27
-34
-19
-10
-23
-32
-20
-8
-17
-30
-23
-7
-12
-27
-22
-4
-4
-18
-18
0
5
-11
-13
4
14
0
-3
15
28
19
8
24
41
37
24
39
59
59
47
52
72
75
63
62
82
90
75
71
86
94
78
66
75
83
65
48
54
60
47
25
26
36
28
10
7
19
16
-1
-5
7
11
-6
-14
3
9
-6
-17
-5
5
-7
-20
-11
1
-5
-19
-13
2
-1
-18
-14
2
4
-12
-15
2
7
-7
-15
-2
9
-4
-16
-4
9
-1
-14
-6
9
2
-15
-10
6
5
-10
-10
5
5
-11
-15
-1
5
-10
-17
-4
4
-9
-21
-11
-1
-11
-24
-15
2
-5
-23
-18
-1
-3
-22
-21
-6
-4
-20
-26
-9
-1
-15
-25
-13
-3
-15
-28
-19
-3
-11
-27
-22
-3
-8
-25
-21
-4
-4
-21
-23
-9
-4
-19
-23
-9
-3
-18
-25
-12
-4
-13
-26
-18
-4
-12
-26
-22
-7
-8
-25
-20
-4
-2
-21
-22
-5
-2
-21
-28
-12
-2
-15
-26
-10
-1
-13
-30
-21
-5
-10
-25
-21
-2
-1
-12
-8
13
18
5
7
20
24
10
9
26
36
14
-2
5
11
-2
-17
-10
2
-8
-29
-31
-18
-20
-37
-38
-23
-22
-34
-36
-16
14
39
88
178
237
219
140
2
-153
-268
-323
-319
-276
-222
-178
-126
-74
-53
-56
-51
-30
-26
-43
-46
-28
-20
-36
-42
-29
-17
-27
-38
-28
-15
-25
-37
-30
-18
-23
-36
-29
-13
-14
-31
-28
-11
-9
-25
-29
-13
-4
-18
-24
-8
6
-7
-17
-4
8
3
-6
4
22
19
7
14
34
40
23
25
45
55
42
41
59
73
62
54
71
86
77
65
77
92
87
70
72
84
79
57
54
65
62
40
34
41
39
17
8
20
25
10
-5
5
17
3
-12
-2
13
2
-16
-12
4
1
-16
-15
2
3
-17
-21
-6
1
-15
-25
-11
0
-12
-23
-10
3
-7
-23
-15
2
-5
-17
-11
7
5
-12
-11
1
1
-17
-21
-5
0
-13
-23
-10
0
-12
-24
-10
-1
-12
-27
-24
-9
-15
-29
-22
-6
-11
-32
-31
-13
-10
-28
-34
-19
-14
-31
-38
-22
-11
-22
-35
-25
-15
-24
-36
-26
-13
-21
-41
-37
-18
-15
-34
-40
-21
-16
-35
-41
-24
-19
-35
-41
-28
-16
-32
-44
-30
-17
-21
-36
-32
-18
-22
-36
-34
-21
-22
-34
-35
-21
-20
-37
-42
-28
-20
-32
-39
-25
-18
-32
-40
-32
-20
-31
-47
-41
-24
-28
-45
-39
-18
-9
-21
-22
-4
4
-11
-22
-2
14
2
-11
-5
2
-17
-37
-31
-17
-24
-41
-43
-37
-44
-58
-62
-47
-43
-60
-60
-45
-42
-49
-24
35
104
180
218
216
138
-37
-225
-321
-349
-356
-329
-257
-183
-141
-120
-93
-69
-62
-75
-76
-62
-53
-68
-75
-60
-52
-62
-74
-62
-50
-58
-72
-63
-48
-53
-68
-65
-51
-54
-66
-64
-49
-46
-63
-64
-48
-37
-51
-58
-46
-38
-45
-53
-38
-25
-29
-42
-32
-14
-16
-29
-21
-2
-1
-14
-8
13
21
6
8
28
36
22
20
39
51
44
34
48
64
58
42
48
59
51
31
31
43
37
15
6
17
14
-5
-15
-7
-5
-22
-33
-22
-13
-25
-40
-32
-22
-29
-42
-36
-24
-27
-45
-42
-27
-29
-46
-48
-31
-27
-43
-49
-33
-25
-40
-45
-32
-22
-31
-40
-32
-19
-25
-40
-34
-19
-21
-35
-32
-17
-18
-35
-37
-22
-17
-33
-39
-26
-18
-31
-39
-28
-17
-29
-41
-31
-19
-24
-39
-34
-24
-25
-42
-41
-27
-24
-42
-41
-26
-23
-38
-42
-29
-20
-37
-45
-32
-20
-33
-45
-34
-21
-28
-40
-35
-20
-24
-43
-40
-26
-23
-42
-42
-27
-20
-36
-44
-30
-21
-35
-43
-31
-19
-29
-41
-34
-21
-27
-41
-35
-23
-24
-40
-37
-24
-18
-34
-37
-24
-19
-33
-40
-26
-19