-11
-7
-4
-9
-11
-8
-1
-3
-6
4
20
22
15
12
22
35
46
47
51
53
47
43
48
43
30
13
5
2
-6
-15
-17
-14
-20
-27
-26
-22
-23
-28
-28
-26
-27
-32
-31
-24
-24
-29
-31
-27
-27
-37
-34
-15
-1
26
113
226
355
482
495
383
184
88
75
45
13
-2
-12
-23
-23
-25
-30
-36
-31
-30
-34
-40
-36
-33
-35
-39
-39
-33
-34
-39
-37
-30
-31
-35
-34
-32
-30
-34
-36
-32
-29
-33
-32
-25
-24
-23
-21
-17
-14
-14
-13
-4
7
8
8
17
30
34
31
37
48
54
51
54
63
67
62
60
63
60
48
34
30
24
12
-5
-10
-14
-25
-37
-40
-39
-41
-49
-54
-50
-51
-57
-56
-50
-45
-52
-53
-49
-48
-51
-54
-50
-49
-52
-56
-53
-49
-49
-53
-50
-48
-50
-52
-50
-43
-45
-49
-49
-43
-42
-51
-52
-47
-44
-47
-51
-48
-44
-46
-52
-49
-45
-47
-52
-48
-43
-43
-50
-52
-44
-44
-50
-53
-45
-44
-49
-52
-49
-44
-47
-48
-44
-33
-24
-25
-21
-23
-20
-11
8
16
12
9
9
15
11
1
-8
-13
-21
-36
-44
-44
-44
-51
-54
-53
-50
-56
-61
-57
-52
-56
-64
-60
-54
-53
-59
-57
-51
-50
-57
-66
-59
-40
-32
-11
69
187
301
438
487
421
217
74
55
35
-4
-32
-33
-35
-41
-51
-52
-49
-50
-54
-56
-50
-50
-53
-55
-49
-47
-51
-54
-50
-44
-47
-50
-48
-44
-45
-50
-47
-41
-41
-47
-45
-39
-37
-41
-40
-33
-28
-30
-29
-19
-11
-12
-10
-2
10
15
17
23
36
39
38
42
51
56
51
53
59
58
46
35
32
24
8
-5
-8
-17
-27
-37
-40
-43
-52
-59
-60
-57
-61
-66
-62
-59
-61
-67
-66
-59
-58
-65
-65
-59
-56
-60
-62
-54
-49
-53
-56
-52
-47
-50
-53
-50
-44
-46
-51
-50
-43
-41
-46
-47
-42
-39
-44
-46
-43
-38
-44
-45
-40
-38
-41
-43
-39
-36
-36
-41
-39
-31
-35
-39
-37
-33
-35
-38
-39
-34
-32
-39
-39
-34
-31
-36
-36
-25
-16
-8
-9
-2
-4
-6
1
19
29
26
21
20
25
24
13
2
3
-8
-24
-33
-35
-33
-39
-44
-44
-42
-47
-51
-47
-46
-47
-52
-50
-46
-46
-52
-49
-43
-45
-51
-54
-44
-28
-18
7
92
205
319
461
520
444
226
95
68
39
-6
-22
-24
-33
-40
-49
-48
-46
-48
-55
-57
-49
-47
-53
-57
-50
-48
-53
-55
-54
-49
-53
-56
-54
-49
-51
-56
-55
-51
-50
-55
-53
-47
-45
-49
-45
-39
-35
-35
-34
-25
-20
-18
-16
-5
4
5
9
19
29
30
31
37
46
48
45
48
57
53
41
34
30
21
6
-7
-8
-16
-29
-44
-42
-42
-51
-59
-59
-55
-57
-62
-62
-57
-59
-64
-62
-56
-55
-57
-59
-54
-53
-57
-58
-52
-50
-54
-57
-51
-48
-52
-56
-52
-46
-49
-52
-50
-45
-47
-52
-50
-46
-46
-53
-52
-46
-45
-52
-55
-49
-44
-51
-55
-48
-42
-46
-52
-48
-43
-46
-52
-51
-45
-46
-51
-49
-46
-44
-49
-50
-48
-45
-50
-52
-45
-35
-27
-25
-18
-20
-23
-14
4
13
7
4
4
9
5
-6
-13
-16
-27
-44
-50
-49
-50
-59
-62
-60
-59
-66
-69
-64
-61
-64
-71
-68
-62
-63
-69
-67
-59
-62
-67
-71
-66
-48
-40
-20
49
159
268
413
491
449
245
88
55
31
-15
-38
-39
-49
-58
-64
-64
-62
-64
-71
-70
-63
-63
-66
-67
-60
-58
-62
-63
-58
-55
-60
-63
-59
-53
-55
-61
-57
-52
-52
-59
-55
-49
-49
-53
-49
-40
-38
-42
-41
-30
-21
-21
-19
-10
3
4
6
14
24
26
27
35
44
47
44
46
49
48
39
33
27
18
2
-9
-16
-25
-39
-47
-49
-54
-65
-72
-69
-66
-71
-75
-74
-70
-73
-81
-78
-74
-74
-81
-79
-73
-73
-78
-81
-76
-74
-77
-80
-74
-71
-76
-82
-79
-72
-75
-79
-78
-72
-74
-80
-78
-72
-72
-76
-75
-71
-69
-75
-77
-72
-72
-76
-79
-77
-76
-77
-82
-75
-70
-75
-79
-77
-71
-74
-79
-80
-73
-74
-81
-80
-72
-70
-74
-67
-52
-46
-50
-57
-49
-33
-22
-23
-21
-16
-21
-26
-28
-29
-42
-56
-67
-70
-73
-84
-85
-85
-87
-93
-97
-93
-90
-99
-102
-98
-96
-98
-98
-93
-90
-94
-98
-95
-92
-102
-101
-85
-72
-46
37
151
281
412
423
319
125
19
4
-26
-58
-74
-82
-95
-94
-92
-97
-106
-103
-96
-96
-103
-103
-99
-99
-106
-106
-98
-96
-100
-102
-102
-97
-99
-103
-98
-96
-100
-103
-97
-93
-94
-97
-93
-88
-88
-89
-86
-77
-77
-78
-71
-62
-58
-59
-54
-42
-33
-34
-31
-22
-14
-17
-17
-9
-4
-6
-15
-15
-14
-23
-38
-49
-54
-65
-81
-93
-94
-100
-111
-120
-119
-122
-131
-135
-131
-128
-135
-139
-139
-135
-137
-141
-138
-133
-133
-139
-137
-132
-130
-134
-133
-126
-127
-129
-130
-126
-124
-128
-128
-122
-115
-122
-124
-119
-114
-119
-126
-120
-114
-115
-121
-120
-113
-112
-118
-116
-110
-109
-115
-116
-108
-106
-113
-115
-109
-105
-109
-112
-108
-96
-88
-83
-79
-75
-78
-73
-55
-41
-42
-47
-46
-41
-42
-51
-58
-61
-72
-85
-96
-96
-95
-102
-108
-104
-101
-108
-113
-110
-105
-106
-110
-108
-100
-98
-104
-102
-96
-92
-97
-103
-101
-86
-75
-62
-10
101
212
345
453
444
281
85
25
19
-22
-59
-63
-62
-68
-76
-77
-75
-74
-78
-78
-72
-70
-72
-74
-69
-65
-66
-68
-63
-59
-64
-65
-62
-57
-58
-62
-59
-55
-58
-65
-64
-57
-56
-61
-59
-51
-48
-52
-49
-36
-25
-27
-27
-18
-6
-4
-3
4
16
20
19
21
31
34
31
34
38
39
27
17
11
5
-11
-23
-29
-43
-62
-67
-69
-60
-56
-70
-75
-74
-72
-71
-81
-79
-81
-84
-82
-78
-76
-81
-81
-72
-68
-71
-73
-68
-64
-67
-70
-66
-61
-63
-69
-66
-59
-60
-64
-63
-53
-54
-61
-62
-54
-53
-59
-61
-57
-53
-56
-59
-55
-51
-55
-57
-51
-49
-49
-54
-52
-48
-48
-53
-52
-47
-48
-51
-51
-46
-43
-44
-36
-20
-13
-17
-21
-14
2
14
16
17
23
20
14
15
14
5
-9
-16
-19
-26
-37
-41
-36
-36
-43
-49
-43
-40
-46
-47
-46
-38
-42
-47
-42
-35
-37
-43
-42
-37
-41
-47
-28
-8
14
67
173
295
441
524
486
295
138
87
58
18
4
-4
-19
-25
-21
-28
-35
-35
-29
-33
-40
-37
-31
-29
-35
-36
-27
-27
-37
-38
-32
-30
-37
-47
-43
-40
-45
-50
-50
-43
-44
-47
-44
-37
-35
-38
-36
-28
-24
-26
-20
-11
-3
-2
3
16
26
27
31
41
51
53
54
63
70
71
68
68
70
62
45
37
34
23
5
0
-3
-9
-22
-28
-29
-30
-37
-44
-41
-37
-41
-46
-42
-37
-37
-42
-41
-32
-30
-36
-36
-31
-28
-32
-31
-26
-22
-27
-27
-22
-19
-24
-26
-21
-15
-20
-24
-22
-18
-22
-27
-25
-20
-23
-28
-27
-22
-20
-26
-27
-22
-23
-30
-32
-28
-26
-32
-37
-33
-30
-34
-41
-37
-31
-34
-39
-37
-25
-18
-12
-10
-1
-6
-10
1
23
33
26
24
26
29
24
12
6
2
-12
-26
-30
-29
-32
-40
-41
-37
-39
-51
-50
-44
-47
-52
-53
-49
-48
-53
-53
-49
-45
-53
-53
-53
-51
-41
-36
-12
51
153
259
402
479
431
244
79
54
37
-10
-39
-35
-39
-54
-60
-60
-57
-62
-65
-64
-59
-64
-66
-63
-57
-59
-64
-64
-60
-59
-64
-64
-57
-56
-61
-61
-56
-56
-61
-62
-56
-52
-57
-57
-51
-42
-44
-44
-39
-31
-29
-31
-23
-12
-5
-6
-2
10
17
16
17
29
34
30
27
34
37
31
22
17
14
1
-13
-21
-24
-35
-47
-54
-57
-63
-71
-75
-73
-74
-82
-83
-80
-79
-84
-87
-82
-82
-84
-88
-81
-75
-79
-81
-77
-72
-77
-81
-78
-71
-72
-78
-74
-65
-60
-69
-69
-63
-59
-64
-68
-62
-57
-62
-66
-60
-57
-62
-65
-62
-56
-56
-60
-61
-56
-56
-60
-59
-57
-53
-61
-63
-57
-52
-52
-43
-32
-27
-31
-38
-27
-6
3
-3
-3
4
-1
-5
-6
-7
-15
-32
-44
-46
-49
-60
-63
-63
-60
-67
-69
-64
-61
-66
-73
-68
-63
-66
-72
-65
-59
-62
-66
-66
-60
-65
-64
-46
-25
2
82
193
319
459
485
385
181
70
49
13
-23
-35
-37
-52
-53
-49
-52
-56
-56
-56
-56
-62
-61
-53
-51
-57
-58
-53
-51
-58
-58
-53
-49
-53
-56
-50
-46
-49
-56
-53
-47
-44
-47
-44
-37
-34
-38
-38
-27
-19
-20
-17
-9
0
2
5
11
23
23
22
29
40
39
37
43
48
48
42
39
36
27
11
0
-5
-15
-28
-38
-41
-47
-59
-64
-63
-63
-72
-76
-74
-71
-76
-83
-81
-78
-80
-85
-82
-74
-73
-77
-81
-76
-72
-76
-78
-71
-70
-75
-78
-73
-65
-67
-72
-71
-66
-68
-71
-68
-63
-62
-68
-68
-65
-63
-66
-66
-61
-60
-64
-65
-57
-57
-59
-61
-50
-37
-37
-36
-33
-30
-24
-11
2
5
5
2
0
5
-2
-16
-27
-32
-40
-55
-63
-59
-59
-67
-73
-70
-69
-72
-78
-76
-69
-71
-77
-75
-67
-69
-74
-73
-68
-65
-75
-81
-63
-44
-32
14
120
230
360
459
446
283
96
35
24
-12
-46
-53
-56
-59
-67
-72
-71
-66
-67
-75
-74
-66
-63
-69
-69
-66
-62
-67
-71
-64
-58
-62
-68
-62
-57
-59
-63
-61
-54
-55
-62
-60
-51
-47
-51
-51
-44
-37
-39
-36
-29
-22
-23
-17
-6
4
9
12
21
29
31
31
38
46
44
42
42
46
38
25
15
10
2
-16
-27
-29
-36
-51
-59
-59
-58
-66
-74
-72
-68
-72
-79
-77
-72
-72
-78
-79
-73
-72
-76
-76
-69
-67
-72
-74
-71
-64
-66
-69
-66
-60
-62
-66
-62
-58
-60
-66
-63
-58
-59
-65
-64
-58
-57
-62
-61
-56
-53
-57
-56
-48
-40
-36
-35
-25
-20
-28
-23
-5
15
11
5
13
15
14
0
-6
-11
-22
-38
-48
-45
-47
-56
-62
-58
-55
-60
-63
-62
-57
-59
-63
-62
-58
-58
-60
-57
-52
-51
-58
-59
-58
-43
-33
-17
28
127
232
363
483
478
318
129
64
52
5
-27
-26
-27
-41
-50
-49
-46
-48
-57
-55
-50
-48
-54
-53
-45
-44
-49
-52
-43
-41
-47
-51
-44
-38
-40
-45
-45
-38
-38
-42
-41
-34
-33
-35
-32
-27
-22
-23
-20
-12
-5
-5
-1
12
20
22
27
38
46
49
49
57
66
67
63
66
72
68
54
47
44
34
17
8
3
-2
-18
-26
-26
-28
-35
-44
-41
-39
-44
-50
-48
-42
-44
-49
-47
-42
-43
-49
-48
-42
-41
-47
-48
-44
-37
-43
-45
-39
-36
-38
-40
-37
-35
-34
-38
-36
-30
-33
-36
-35
-29
-30
-35
-33
-28
-26
-29
-30
-26
-23
-28
-25
-14
0
3
3
8
9
11
19
39
46
42
37
35
40
33
19
8
3
-9
-25
-30
-30
-30
-39
-43
-37
-36
-42
-45
-43
-42
-43
-48
-47
-43
-43
-47
-46
-42
-43
-48
-50
-46
-31
-19
0
60
164
268
409
496
459
262
101
66
48
4
-26
-26
-32
-40
-49
-48
-47
-49
-55
-56
-50
-45
-51
-54
-48
-44
-51
-55
-51
-46
-51
-54
-51
-46
-49
-54
-49
-46
-46
-50
-48
-42
-40
-44
-41
-35
-35
-35
-30
-21
-14
-16
-13
0
10
9
14
24
31
31
31
37
45
46
39
43
46
41
29
21
15
8
-7
-22
-25
-30
-44
-59
-59
-61
-71
-76
-76
-75
-81
-89
-87
-81
-81
-86
-86
-83
-84
-89
-88
-86
-80
-86
-85
-79
-79
-85
-86
-79
-76
-78
-83
-79
-75
-81
-83
-80
-74
-78
-81
-81
-77
-76
-86
-83
-79
-75
-84
-85
-79
-75
-80
-82
-68
-59
-60
-58
-59
-54
-42
-35
-29
-25
-21
-25
-28
-24
-33
-47
-56
-64
-73
-86
-88
-88
-89
-100
-103
-100
-100
-103
-108
-104
-98
-102
-107
-105
-99
-100
-104
-102
-95
-101
-109
-115
-101
-87
-82
-44
56
174
298
407
400
272
82
-6
-11
-40
-81
-100
-96
-94
-99
-106
-107
-103
-107
-113
-115
-109
-108
-109
-115
-113
-109
-115
-116
-112
-107
-109
-110
-105
-102
-104
-111
-111
-107
-106
-113
-109
-99
-100
-101
-99
-93
-89
-89
-88
-78
-70
-74
-71
-60
-54
-53
-57
-50
-42
-41
-45
-37
-27
-25
-31
-30
-28
-32
-43
-52
-53
-59
-76
-88
-93
-98
-109
-118
-119
-116
-124
-132
-132
-127
-129
-137
-135
-132
-133
-140
-138
-135
-134
-139
-138
-131
-129
-132
-134
-130
-128
-133
-135
-128
-125
-131
-133
-130
-123
-125
-129
-126
-121
-122
-130
-125
-119
-120
-128
-127
-119
-115
-119
-122
-113
-102
-99
-99
-91
-89
-90
-79
-63
-50
-55
-55
-54
-49
-52
-68
-72
-79
-91
-108
-112
-110
-112
-118
-123
-118
-116
-124
-127
-122
-119
-124
-128
-125
-120
-122
-125
-122
-114
-116
-124
-122
-125
-116
-100
-81
-39
56
160
283
412
413
280
86
8
-3
-47
-89
-97
-92
-101
-110
-111
-108
-110
-118
-116
-112
-110
-113
-113
-111
-108
-112
-112
-107
-105
-109
-109
-105
-104
-105
-108
-104
-101
-103
-106
-103
-97
-94
-98
-95
-86
-84
-89
-86
-76
-68
-71
-68
-55
-45
-46
-45
-35
-26
-25
-27
-18
-8
-8
-12
-10
-5
-9
-22
-29
-28
-38
-50
-59
-65
-68
-81
-88
-91
-91
-99
-107
-105
-104
-109
-110
-109
-106
-106
-112
-110
-106
-108
-111
-108
-103
-102
-104
-105
-99
-97
-103
-104
-98
-93
-98
-98
-93
-88
-93
-99
-91
-85
-87
-93
-89
-83
-82
-88
-90
-84
-83
-88
-89
-83
-80
-84
-85
-82
-76
-79
-79
-67
-53
-52
-52
-52
-49
-39
-29
-20
-18
-15
-17
-17
-12
-22
-35
-45
-53
-62
-72
-76
-72
-72
-81
-85
-82
-79
-83
-89
-86
-79
-81
-90
-87
-79
-78
-84
-82
-75
-72
-79
-88
-74
-50
-40
-20
68
185
298
433
472
378
165
48
31
4
-37
-53
-52
-56
-58
-65
-68
-64
-65
-72
-73
-65
-62
-67
-68
-62
-58
-65
-67
-61
-56
-60
-62
-60
-54
-57
-61
-60
-52
-50
-58
-55
-50
-45
-50
-53
-46
-39
-41
-44
-33
-25
-23
-21
-10
4
7
9
17
29
32
31
36
44
51
46
45
47
44
31
21
18
10
-6
-17
-20
-25
-36
-47
-48
-49
-58
-65
-64
-58
-63
-67
-67
-61
-62
-68
-67
-61
-58
-64
-63
-57
-52
-58
-60
-53
-49
-53
-59
-52
-46
-49
-56
-52
-46
-46
-52
-52
-43
-43
-49
-51
-45
-42
-49
-50
-45
-41
-46
-47
-43
-38
-42
-46
-42
-39
-39
-45
-41
-35
-39
-44
-43
-36
-38
-42
-42
-34
-33
-38
-34
-22
-8
-10
-10
-10
-4
3
14
23
26
24
20
23
24
16
3
-6
-9
-17
-30
-37
-31
-32
-41
-46
-42
-39
-43
-47
-43
-38
-41
-45
-40
-36
-37
-41
-38
-32
-33
-42
-44
-22
-5
9
55
165
274
409
507
493
315
131
75
61
23
-7
-10
-15
-20
-27
-34
-32
-28
-30
-37
-35
-30
-28
-34
-34
-28
-23
-28
-30
-24
-19
-24
-26
-22
-17
-21
-25
-22
-17
-18
-22
-19
-14
-12
-13
-11
-6
0
-4
0
11
15
17
20
31
39
41
44
55
65
63
66
73
81
77
77
79
83
76
62
56
53
43
26
16
14
5
-9
-19
-18
-19
-27
-35
-33
-32
-36
-42
-42
-34
-38
-44
-41
-33
-35
-41
-40
-34
-31
-35
-35
-30
-27
-32
-34
-30
-27
-29
-33
-29
-25
-28
-32
-28
-23
-29
-32
-29
-24
-27
-30
-29
-23
-21
-30
-29
-24
-21
-29
-30
-25
-23
-28
-32
-27
-22
-27
-33
-27
-22
-26
-30
-31
-24
-25
-30
-31
-25
-25
-31
-32
-29
-23
-25
-20
-11
3
2
-1
-1
4
16
26
29
31
29
25
24
26
15
5
-7
-13
-21
-33
-38
-34
-33
-43
-46
-42
-38
-46
-50
-46
-41
-46
-53
-49
-43
-45
-50
-48
-42
-44
-51
-53
-30
-16
-1
57
169
284
423
500
464
274
110
70
50
12
-13
-23
-32
-37
-41
-47
-47
-46
-48
-52
-52
-46
-45
-51
-50
-44
-41
-47
-47
-43
-40
-44
-47
-43
-38
-42
-47
-44
-39
-41
-48
-43
-36
-36
-39
-38
-29
-22
-25
-23
-13
-7
-7
-3
6
16
17
20
28
38
38
39
46
56
55
50
51
52
49
35
28
22
12
-2
-13
-17
-26
-41
-50
-52
-54
-64
-70
-69
-70
-75
-79
-77
-74
-78
-83
-81
-74
-75
-80
-78
-74
-73
-79
-81
-74
-71
-77
-80
-74
-71
-76
-80
-76
-67
-75
-79
-78
-73
-75
-82
-80
-74
-73
-79
-79
-76
-74
-81
-82
-75
-74
-79
-81
-78
-75
-79
-80
-78
-76
-81
-85
-83
-77
-81
-85
-83
-78
-79
-88
-87
-81
-81
-88
-85
-74
-64
-62
-64
-59
-59
-56
-44
-25
-21
-27
-30
-32
-26
-35
-47
-58
-64
-76
-87
-93
-93
-91
-101
-106
-107
-102
-108
-111
-109
-109
-113
-115
-110
-107
-108
-112
-110
-104
-111
-117
-119
-108
-95
-91
-62
30
142
258
384
401
290
88
-7
-9
-33
-75
-98
-96
-101
-110
-117
-116
-113
-117
-123
-123
-118
-120
-120
-124
-118
-116
-119
-120
-117
-115
-120
-120
-117
-110
-118
-118
-115
-111
-110
-111
-108
-105
-105
-108
-105
-96
-95
-96
-93
-88
-85
-83
-78
-67
-59
-61
-56
-46
-39
-40
-39
-32
-25
-25
-30
-27
-24
-29
-40
-44
-47
-57
-73
-84
-87
-94
-109
-118
-118
-121
-131
-138
-139
-137
-144
-149
-150
-145
-147
-152
-150
-147
-146
-151
-149
-144
-144
-149
-146
-140
-139
-146
-144
-138
-136
-140
-141
-137
-134
-140
-141
-138
-132
-138
-141
-137
-130
-133
-138
-135
-132
-132
-138
-138
-132
-129
-133
-135
-129
-127
-132
-133
-129
-125
-129
-131
-128
-122
-123
-126
-124
-118
-112
-104
-99
-95
-98
-97
-83
-64
-61
-70
-68
-64
-62
-68
-77
-81
-87
-103
-114
-115
-114
-121
-127
-128
-125
-128
-132
-131
-128
-127
-135
-132
-128
-126
-131
-131
-125
-122
-128
-132
-132
-128
-115
-106
-81
-6
103
215
356
415
354
155
6
-15
-35
-77
-102
-103
-105
-118
-122
-120
-119
-123
-125
-121
-120
-121
-125
-121
-116
-119
-120
-118
-110
-112
-116
-115
-109
-110
-116
-113
-107
-104
-112
-110
-104
-101
-104
-105
-100
-92
-94
-97
-87
-79
-77
-76
-69
-57
-52
-50
-45
-33
-27
-28
-24
-16
-9
-13
-11
-8
-3
-12
-15
-21
-27
-39
-52
-60
-67
-78
-91
-95
-98
-106
-113
-113
-110
-115
-120
-120
-117
-116
-123
-121
-116
-113
-119
-120
-116
-111
-115
-117
-112
-106
-108
-113
-110
-106
-105
-109
-108
-103
-101
-107
-107
-99
-99
-105
-105
-99
-97
-102
-104
-99
-95
-99
-100
-96
-94
-95
-97
-93
-90
-91
-95
-91
-87
-89
-94
-92
-87
-86
-92
-93
-88
-84
-91
-88
-76
-63
-61
-59
-58
-57
-51
-40
-25
-23
-27
-34
-32
-27
-31
-46
-52
-55
-64
-79
-86
-84
-84
-91
-95
-92
-88
-94
-97
-96
-89
-93
-97
-93
-85
-88
-92
-90
-86
-85
-93
-96
-80
-63
-50
-13
90
201
328
451
465
323
116
36
24
-14
-50
-59
-65
-73
-78
-87
-86
-82
-81
-88
-88
-82
-79
-85
-87
-80
-79
-84
-85
-79
-74
-80
-84
-80
-74
-75
-81
-79
-73
-74
-78
-75
-71
-69
-73
-69
-63
-58
-59
-55
-44
-39
-38
-34
-24
-15
-12
-9
1
9
9
10
17
25
26
24
28
31
28
13
7
3
-5
-23
-34
-38
-43
-57
-67
-68
-69
-76
-83
-83
-81
-85
-88
-87
-81
-84
-89
-89
-83
-83
-88
-85
-81
-76
-81
-81
-76
-72
-78
-79
-74
-73
-75
-78
-71
-69
-72
-74
-71
-66
-71
-74
-73
-66
-67
-73
-71
-65
-64
-70
-69
-62
-61
-65
-66
-63
-60
-64
-67
-63
-58
-62
-68
-62
-58
-61
-66
-63
-57
-55
-58
-54
-39
-29
-32
-34
-33
-21
-10
-2
1
3
0
-3
-1
-5
-13
-25
-34
-41
-52
-61
-62
-59
-63
-70
-70
-65
-65
-72
-73
-67
-66
-72
-73
-67
-63
-69
-71
-66
-62
-66
-78
-61
-42
-25
6
105
220
350
466
476
342
144
58
43
9
-20
-33
-44
-52
-52
-59
-62
-62
-60
-61
-66
-64
-61
-60
-64
-62
-59
-58
-62
-60
-56
-54
-58
-57
-54
-52
-57
-57
-51
-50
-53
-53
-49
-43
-44
-46
-39
-32
-29
-30
-24
-15
-9
-10
-3
9
17
21
24
36
42
40
44
52
58
55
54
54
54
46
35
28
19
10
-5
-15
-22
-27
-38
-45
-45
-49
-56
-60
-58
-59
-63
-64
-61
-58
-63
-63
-60
-57
-59
-61
-58
-53
-54
-58
-55
-52
-51
-56
-53
-49
-46
-51
-54
-47
-45
-50
-53
-48
-44
-47
-48
-45
-43
-44
-47
-45
-41
-41
-45
-42
-40
-38
-42
-41
-39
-36
-42
-42
-37
-37
-39
-40
-36
-37
-39
-40
-39
-35
-38
-40
-37
-32
-31
-26
-14
-7
-6
-17
-11
8
27
21
17
24
25
22
15
12
8
-6
-21
-24
-26
-31
-38
-39
-35
-38
-42
-42
-39
-38
-44
-44
-42
-40
-43
-43
-40
-37
-40
-40
-36
-40
-39
-25
-10
16
93
197
317
464
512
429
222
97
77
47
7
-6
-9
-27
-34
-33
-33
-40
-41
-38
-37
-39
-42
-39
-34
-34
-40
-37
-32
-33
-37
-37
-31
-29
-34
-35
-30
-27
-31
-32
-27
-24
-27
-28
-25
-18
-17
-16
-12
-6
-2
0
9
17
22
24
33
42
46
49
54
62
69
69
69
77
81
75
71
70
66
51
39
32
26
14
-2
-6
-10
-16
-28
-32
-32
-34
-43
-43
-40
-37
-43
-46
-41
-40
-43
-44
-40
-36
-37
-40
-37
-35
-35
-37
-34
-30
-32
-37
-33
-30
-30
-33
-34
-30
-31
-33
-33
-30
-27
-32
-33
-28
-26
-28
-30
-27
-25
-27
-31
-26
-24
-24
-29
-27
-23
-22
-28
-29
-24
-25
-30
-31
-26
-24
-27
-29
-25
-21
-22
-22
-14
0
2
-4
-5
2
16
29
32
32
33
25
26
26
19
6
-4
-11
-18
-25
-31
-30
-32
-39
-43
-40
-39
-42
-44
-41
-37
-41
-46
-40
-34
-36
-44
-42
-38
-36
-48
-46
-26
-14
9
84
196
317
450
480
392
195
72
60
38
6
-20
-28
-36
-39
-41
-49
-50
-49
-47
-53
-52
-47
-50
-54
-55
-51
-49
-48
-52
-48
-46
-48
-51
-47
-42
-45
-46
-43
-40
-40
-46
-43
-37
-34
-40
-37
-28
-25
-26
-24
-13
-6
-4
-2
6
14
18
19
26
34
38
37
40
48
51
48
46
46
41
30
21
13
7
-8
-19
-22
-30
-41
-51
-53
-56
-61
-66
-65
-65
-70
-74
-74
-71
-73
-75
-76
-72
-71
-76
-73
-67
-64
-72
-70
-64
-63
-66
-70
-65
-62
-62
-67
-63
-59
-58
-60
-58
-53
-53
-59
-58
-53
-53
-56
-57
-53
-49
-51
-52
-50
-47
-49
-50
-47
-45
-46
-49
-46
-46
-46
-49
-46
-42
-39
-34
-23
-17
-18
-26
-21
0
16
12
10
18
18
13
7
1
-2
-16
-32
-38
-36
-43
-51
-48
-45
-47
-54
-56
-50
-50
-54
-56
-51
-48
-50
-49
-45
-42
-45
-47
-46
-49
-53
-40
-25
-3
67
174
292
436
492
426
237
90
64
43
7
-17
-20
-28
-34
-33
-33
-40
-43
-42
-37
-39
-44
-40
-35
-35
-41
-35
-31
-30
-36
-33
-30
-28
-30
-32
-26
-23
-26
-29
-25
-21
-23
-25
-20
-15
-14
-14
-10
-2
1
4
11
19
26
27
32
43
50
51
56
65
68
69
71
77
80
77
73
70
65
53
41
35
28
16
2
-4
-8
-15
-27
-31
-28
-29
-36
-39
-34
-33
-38
-42
-35
-32
-37
-40
-35
-29
-30
-34
-32
-26
-26
-30
-29
-24
-22
-27
-26
-22
-18
-24
-23
-19
-18
-20
-21
-15
-16
-19
-22
-17
-13
-15
-18
-15
-10
-12
-14
-11
-5
-6
-10
-10
-6
-4
-9
-10
-3
-1
-8
-9
-3
1
-2
-6
2
13
23
24
28
31
28
31
47
62
62
54
56
60
64
54
43
40
37
19
7
6
5
2
-6
-3
-3
-5
-10
-9
-4
-5
-10
-7
-2
-2
-6
-6
0
1
-4
-7
-6
5
16
32
66
162
270
392
529
559
440
224
127
114
75
32
23
24
13
2
-1
2
2
-3
-7
-2
2
-3
-5
-2
2
0
-4
0
4
5
-1
1
6
6
2
4
10
11
6
8
13
14
13
11
19
24
22
26
34
41
42
46
56
69
72
70
82
93
96
92
97
109
115
114
112
121
122
113
103
98
92
78
63
55
48
34
21
17
18
9
-5
-5
3
0
-9
-13
-6
-4
-10
-9
-8
-7
-16
-12
-2
-3
-6
-9
-3
1
1
-3
2
2
-4
-4
1
4
5
-2
-1
4
8
-1
-3
4
11
3
0
5
6
1
-2
6
9
6
2
3
11
12
6
1
8
11
8
11
18
20
11
8
9
13
11
8
23
27
34
45
44
43
42
40
47
78
77
75
62
56
40
26
30
12
22
15
58
51
57
61
48
59
54
42
29
21
11
14
19
25
17
10
11
3
13
15
-4
5
-2
-1
22
44
80
143
247
369
512
602
573
382
200
151
122
73
56
62
45
30
28
31
24
14
16
22
24
18
16
20
23
12
9
11
12
2
-1
1
2
-1
-9
-6
-2
-5
-10
-9
-2
-5
-10
-5
3
7
5
4
13
20
19
23
31
41
45
48
57
65
65
69
74
82
84
81
86
92
90
84
80
79
71
58
48
43
37
25
12
9
6
-5
-10
-8
-7
-12
-21
-18
-13
-14
-21
-19
-12
-13
-21
-20
-16
-14
-18
-21
-14
-14
-19
-22
-16
-10
-16
-21
-16
-11
-14
-20
-16
-13
-13
-19
-17
-13
-13
-20
-19
-14
-12
-17
-16
-12
-11
-15
-18
-12
-10
-15
-18
-13
-11
-16
-20
-18
-13
-15
-21
-16
-5
7
4
9
9
7
10
25
43
42
38
37
38
41
30
17
12
6
-8
-20
-25
-23
-26
-34
-35
-30
-31
-39
-40
-38
-33
-39
-42
-37
-34
-37
-40
-38
-35
-41
-49
-49
-32
-26
-15
34
144
257
390
481
457
299
112
65
60
28
-15
-27
-25
-29
-39
-48
-44
-42
-48
-54
-50
-43
-45
-49
-49
-44
-44
-49
-49
-39
-40
-48
-45
-41
-39
-45
-46
-41
-37
-42
-44
-40
-37
-36
-38
-32
-27
-26
-30
-21
-14
-12
-12
-5
6
9
7
14
27
31
26
31
38
43
37
37
39
38
27
17
14
9
-5
-21
-22
-26
-36
-50
-56
-55
-59
-69
-73
-70
-72
-80
-81
-78
-73
-78
-81
-78
-70
-76
-80
-74
-71
-72
-75
-71
-69
-67
-73
-71
-66
-65
-69
-69
-61
-61
-65
-66
-59
-55
-61
-63
-57
-52
-59
-62
-56
-52
-54
-59
-54
-48
-49
-54
-51
-46
-46
-52
-52
-42
-35
-32
-28
-19
-17
-22
-19
1
19
15
11
17
19
14
5
0
-4
-15
-33
-39
-39
-42
-52
-51
-49
-50
-56
-59
-54
-53
-57
-59
-55
-52
-55
-58
-52
-49
-52
-58
-57
-59
-56
-45
-25
9
96
200
320
460
487
380
174
68
56
18
-24
-34
-30
-41
-49
-47
-46
-48
-53
-53
-49
-47
-53
-51
-47
-45
-50
-49
-44
-42
-47
-48
-42
-41
-44
-46
-42
-37
-40
-43
-38
-33
-36
-39
-35
-28
-27
-28
-22
-14
-10
-14
-8
4
11
9
12
22
30
27
24
34
40
39
36
41
45
41
33
25
24
13
-3
-14
-17
-23
-37
-45
-47
-48
-59
-64
-63
-61
-65
-70
-66
-64
-67
-72
-67
-62
-64
-67
-63
-58
-59
-62
-58
-51
-50
-56
-53
-47
-45
-51
-51
-44
-41
-45
-48
-42
-36
-40
-43
-37
-34
-36
-41
-38
-31
-30
-36
-34
-27
-24
-30
-30
-25
-22
-27
-27
-22
-17
-20
-22
-19
-15
-16
-18
-6
7
11
9
8
12
20
33
39
41
39
34
32
35
28
14
3
-2
-11
-24
-31
-30
-28
-35
-42
-37
-35
-36
-44
-40
-36
-35
-39
-39
-30
-27
-33
-33
-23
-23
-31
-34
-16
4
20
63
170
288
422
523
513
342
159
95
77
36
9
2
-6
-8
-10
-17
-21
-18
-18
-22
-23
-17
-16
-21
-24
-17
-13
-19
-21
-16
-14
-17
-24
-21
-16
-13
-21
-17
-12
-11
-17
-18
-10
-7
-12
-13
-2
3
2
3
11
22
24
26
35
45
50
52
61
70
75
73
79
86
90
85
84
88
84
72
62
58
46
32
19
16
12
-2
-12
-13
-13
-21
-28
-27
-23
-25
-33
-33
-26
-25
-33
-32
-24
-22
-27
-30
-20
-16
-19
-23
-15
-8
-12
-17
-14
-7
-9
-14
-12
-6
-6
-13
-11
-6
-5
-10
-10
-5
-2
-8
-10
-4
-2
-6
-9
-3
0
-2
-7
-3
4
0
-3
-2
4
1
-5
-4
4
5
-2
2
16
29
28
29
32
33
39
50
63
67
64
58
62
66
59
44
37
35
23
10
4
9
10
0
-2
1
3
-3
-6
-2
2
-3
-8
-3
2
0
-6
-2
0
-4
-15
-20
-5
6
15
48
147
255
377
499
516
373
165
84
71
32
-5
-14
-20
-26
-33
-40
-38
-34
-35
-42
-40
-30
-28
-33
-34
-26
-22
-26
-27
-21
-15
-21
-24
-19
-11
-12
-17
-14
-7
-7
-12
-7
-2
2
-3
2
9
16
14
19
30
38
41
46
59
70
76
81
92
102
103
103
110
119
120
117
120
122
117
105
99
92
84
69
59
56
49
36
24
25
23
14
4
4
7
3
-3
-2
2
1
-4
-3
1
-1
-4
0
4
6
-1
-1
4
5
-1
0
5
5
1
-1
3
5
0
-4
-1
3
-1
-5
-2
1
-1
-8
-5
0
0
-8
-6
-2
-3
-8
-7
-2
1
-4
-8
-3
1
-3
-7
-6
-1
-3
-8
-7
-1
-1
-7
-3
5
15
21
23
29
27
23
35
56
61
55
54
56
56
52
41
36
31
16
3
1
1
-4
-9
-10
-6
-7
-15
-14
-9
-8
-14
-14
-8
-5
-8
-11
-5
-2
-5
-11
-10
-7
7
15
37
99
202
309
451
548
519
326
157
115
97
48
24
24
16
2
-4
-2
-3
-6
-10
-5
-4
-7
-12
-9
-3
-5
-9
-8
-3
-5
-9
-10
-5
-2
-10
-10
-4
-1
-7
-9
-3
2
-2
-7
-2
5
5
2
12
19
22
20
25
38
45
46
51
61
66
67
70
75
86
85
84
87
91
84
74
70
65
58
43
35
28
17
2
-6
-8
-14
-23
-30
-27
-30
-38
-40
-36
-34
-41
-44
-40
-37
-42
-45
-41
-36
-36
-45
-40
-37
-37
-42
-40
-35
-32
-38
-40
-32
-29
-34
-38
-30
-27
-32
-36
-34
-28
-30
-35
-32
-27
-29
-35
-33
-30
-28
-33
-30
-27
-28
-35
-35
-26
-25
-30
-32
-27
-23
-27
-32
-26
-21
-26
-29
-22
-7
0
-2
0
1
8
17
32
34
34
29
27
34
33
17
4
-1
-8
-20
-30
-29
-27
-34
-41
-41
-37
-40
-46
-45
-41
-42
-48
-47
-42
-39
-44
-46
-42
-41
-49
-58
-49
-33
-27
-1
89
206
326
451
469
366
166
55
51
27
-11
-37
-36
-37
-41
-50
-53
-51
-49
-56
-59
-52
-49
-52
-57
-52
-47
-49
-54
-51
-45
-47
-51
-50
-45
-45
-49
-50
-43
-43
-48
-47
-44
-38
-42
-42
-34
-30
-30
-30
-22
-16
-14
-15
-6
4
7
7
14
24
25
23
30
37
41
37
37
39
38
27
19
15
8
-7
-22
-25
-28
-37
-50
-53
-53
-59
-68
-70
-66
-68
-75
-77
-69
-69
-75
-76
-71
-66
-71
-73
-69
-64
-67
-70
-66
-62
-64
-66
-61
-58
-58
-62
-59
-54
-56
-58
-58
-52
-53
-57
-57
-52
-51
-56
-58
-52
-49
-54
-54
-51
-47
-50
-54
-49
-44
-47
-55
-52
-47
-45
-52
-54
-45
-44
-48
-51
-44
-41
-45
-45
-33
-17
-16
-17
-20
-11
-1
10
14
15
16
11
13
15
9
-5
-14
-20
-29
-38
-43
-40
-41
-48
-52
-47
-44
-49
-53
-49
-45
-50
-52
-47
-41
-42
-47
-44
-39
-40
-50
-46
-25
-9
9
78
196
315
457
515
459
258
110
75
48
12
-5
-12
-22
-23
-26
-32
-33
-30
-30
-36
-37
-33
-31
-33
-33
-27
-24
-26
-29
-24
-22
-25
-28
-24
-21
-24
-26
-23
-18
-18
-21
-19
-12
-12
-15
-11
-2
2
0
4
14
22
23
25
37
47
51
54
61
71
74
74
77
86
87
86
84
87
82
70
60
53
46
32
20
14
7
-3
-13
-14
-18
-22
-29
-28
-28
-31
-34
-35
-31
-33
-35
-36
-32
-33
-35
-35
-29
-27
-32
-32
-27
-24
-28
-32
-26
-22
-24
-28
-25
-21
-23
-28
-26
-22
-23
-28
-29
-22
-21
-24
-26
-22
-20
-24
-27
-25
-21
-24
-28
-24
-21
-23
-27
-25
-22
-21
-27
-25
-23
-23
-26
-27
-22
-22
-24
-23
-14
-4
2
4
10
8
5
17
35
39
34
31
33
38
33
18
13
8
-3
-18
-23
-20
-24
-32
-36
-32
-31
-36
-39
-35
-30
-33
-38
-36
-31
-32
-34
-34
-30
-31
-37
-41
-34
-13
-3
21
103
211
327
471
526
445
234
105
86
56
11
-3
-6
-15
-25
-32
-32
-28
-32
-37
-35
-30
-28
-34
-33
-28
-26
-31
-33
-26
-23
-27
-31
-25
-22
-26
-30
-25
-21
-22
-26
-25
-18
-18
-21
-19
-14
-11
-12
-9
-2
6
8
14
24
31
34
36
48
55
57
58
66
72
72
72
76
79
73
65
57
53
42
25
14
10
2
-15
-22
-25
-28
-37
-44
-42
-40
-46
-52
-50
-47
-50
-55
-54
-48
-49
-54
-53
-47
-45
-48
-49
-44
-42
-46
-48
-45
-39
-43
-47
-41
-38
-40
-45
-41
-39
-40
-43
-40
-37
-40
-44
-44
-39
-42
-44
-44
-38
-39
-45
-45
-40
-37
-41
-44
-38
-35
-39
-46
-42
-38
-40
-47
-44
-40
-40
-47
-45
-40
-37
-43
-41
-31
-23
-17
-14
-11
-12
-12
-1
17
22
15
12
14
15
13
1
-4
-12
-23
-36
-40
-40
-43
-51
-52
-49
-50
-54
-55
-52
-51
-57
-58
-54
-50
-52
-55
-53
-49
-51
-58
-59
-51
-34
-26
0
84
192
306
447
502
421
209
79
63
34
-9
-27
-30
-38
-49
-55
-57
-55
-58
-60
-59
-57
-57
-62
-60
-58
-57
-61
-62
-58
-57
-60
-61
-55
-53
-56
-59
-55
-51
-57
-58
-55
-49
-52
-52
-47
-41
-39
-42
-34
-23
-19
-19
-12
-2
6
7
10
21
31
34
36
43
52
53
51
54
59
55
46
39
35
24
9
-1
-10
-16
-31
-40
-41
-46
-55
-60
-59
-60
-65
-69
-67
-66
-69
-73
-69
-67
-71
-73
-70
-65
-66
-70
-68
-63
-62
-68
-68
-63
-60
-65
-64
-61
-60
-63
-69
-63
-62
-65
-66
-66
-60
-62
-66
-66
-61
-62
-65
-68
-62
-61
-66
-67
-64
-62
-67
-69
-66
-62
-66
-69
-67
-63
-67
-71
-68
-67
-69
-71
-68
-63
-62
-61
-52
-42
-41
-48
-49
-34
-17
-11
-14
-10
-7
-13
-17
-18
-23
-36
-54
-61
-64
-70
-76
-79
-77
-80
-85
-89
-85
-85
-89
-91
-87
-84
-88
-89
-86
-80
-84
-89
-87
-89
-96
-86
-72
-54
-9
85
199
340
431
405
248
70
19
9
-25
-56
-66
-76
-86
-86
-86
-94
-96
-93
-91
-96
-102
-96
-92
-93
-98
-94
-91
-92
-96
-94
-90
-88
-92
-93
-86
-84
-86
-87
-83
-79
-83
-84
-80
-75
-76
-78
-74
-66
-64
-63
-56
-49
-43
-39
-33
-23
-20
-19
-14
-3
1
0
1
7
11
6
2
2
0
-14
-25
-34
-40
-51
-64
-69
-74
-83
-96
-100
-100
-103
-109
-113
-107
-108
-113
-118
-113
-111
-115
-118
-115
-110
-112
-114
-111
-106
-108
-110
-107
-106
-104
-108
-107
-104
-102
-106
-105
-101
-100
-103
-104
-100
-98
-99
-103
-98
-94
-99
-101
-97
-93
-95
-98
-96
-91
-90
-96
-94
-91
-88
-94
-93
-88
-85
-89
-91
-84
-79
-75
-69
-62
-57
-63
-61
-45
-26
-26
-32
-30
-26
-27
-34
-40
-44
-52
-68
-76
-80
-80
-86
-88
-88
-87
-89
-93
-90
-88
-91
-93
-91
-87
-89
-89
-87
-83
-84
-86
-86
-86
-83
-73
-59
-28
53
162
279
423
466
379
170
44
30
-1
-43
-60
-59
-68
-77
-80
-77
-79
-84
-85
-81
-79
-82
-82
-77
-75
-79
-79
-74
-71
-72
-74
-71
-69
-69
-72
-69
-67
-67
-69
-64
-60
-62
-63
-61
-55
-52
-52
-49
-41
-35
-34
-31
-20
-12
-9
-4
6
15
17
18
25
32
35
34
38
43
43
36
28
27
20
4
-8
-16
-25
-36
-44
-47
-49
-57
-64
-65
-65
-70
-73
-71
-69
-72
-75
-73
-71
-71
-74
-72
-68
-68
-69
-68
-64
-61
-65
-64
-60
-57
-61
-61
-58
-55
-58
-60
-57
-54
-55
-60
-57
-53
-54
-58
-58
-53
-53
-56
-57
-52
-50
-54
-55
-52
-48
-50
-52
-51
-45
-48
-50
-47
-44
-45
-48
-46
-43
-40
-37
-24
-17
-14
-21
-20
-5
11
13
10
14
16
12
9
5
1
-11
-23
-30
-33
-40
-46
-45
-45
-49
-55
-53
-49
-49
-53
-54
-48
-47
-50
-52
-47
-44
-45
-48
-47
-47
-50
-34
-20
4
63
167
283
431
516
472
276
119
79
50
7
-9
-11
-27
-37
-35
-39
-43
-46
-42
-41
-43
-44
-43
-37
-40
-43
-40
-35
-36
-40
-37
-33
-32
-38
-37
-33
-31
-36
-37
-32
-30
-33
-33
-27
-23
-23
-23
-18
-11
-8
-8
-2
9
15
21
27
36
45
46
51
59
67
67
69
76
78
76
70
70
64
52
39
31
24
10
0
-6
-12
-21
-28
-33
-33
-36
-43
-44
-39
-40
-46
-48
-46
-43
-45
-47
-42
-40
-42
-45
-41
-38
-39
-40
-37
-32
-33
-37
-35
-30
-31
-33
-33
-32
-29
-32
-33
-30
-27
-29
-31
-29
-28
-30
-32
-28
-26
-26
-29
-26
-24
-25
-28
-27
-23
-23
-28
-26
-21
-21
-26
-24
-18
-12
-7
2
10
13
7
7
25
44
43
36
41
43
41
34
25
21
12
-3
-14
-14
-17
-23
-26
-27
-25
-28
-30
-29
-27
-30
-32
-29
-28
-27
-28
-25
-24
-24
-25
-26
-26
-23
-11
4
30
106
208
325
473
529
449
245
118
96
64
20
7
6
-9
-21
-19
-17
-20
-27
-27
-23
-22
-24
-25
-18
-18
-20
-21
-18
-14
-18
-19
-17
-13
-14
-17
-13
-11
-11
-13
-9
-7
-6
-8
-5
-1
2
2
7
14
19
20
26
36
41
46
53
63
71
71
75
84
90
91
92
96
100
98
90
88
85
76
60
49
42
34
21
10
6
2
-6
-14
-14
-13
-18
-22
-20
-17
-21
-24
-23
-21
-21
-25
-23
-23
-20
-22
-20
-17
-15
-18
-17
-13
-14
-16
-14
-9
-9
-13
-15
-13
-10
-13
-14
-11
-7
-10
-12
-11
-8
-8
-12
-11
-7
-5
-10
-10
-8
-6
-8
-12
-7
-5
-6
-10
-8
-3
-6
-10
-7
0
5
11
17
22
18
15
25
46
53
47
46
47
46
42
34
29
19
8
-3
-8
-13
-17
-21
-20
-20
-22
-26
-27
-23
-23
-28
-27
-23
-23
-28
-27
-23
-22
-24
-27
-27
-27
-16
-7
17
80
181
289
431
505
455
266
109
89
72
28
0
-3
-9
-21
-24
-25
-26
-32
-34
-30
-27
-30
-33
-31
-28
-29
-31
-29
-26
-31
-34
-32
-28
-28
-30
-30
-28
-27
-32
-30
-25
-21
-25
-24
-19
-14
-14
-16
-7
0
2
1
10
21
26
28
33
43
49
49
51
59
63
62
62
64
64
58
52
48
41
29
17
7
1
-6
-18
-26
-31
-38
-48
-51
-49
-52
-57
-58
-53
-59
-62
-62
-59
-57
-62
-62
-61
-61
-65
-67
-65
-61
-63
-67
-60
-58
-59
-62
-57
-55
-55
-57
-59
-54
-53
-55
-58
-54
-52
-55
-54
-53
-51
-55
-57
-57
-55
-57
-58
-55
-54
-54
-60
-59
-55
-54
-60
-56
-46
-39
-37
-34
-31
-31
-22
-9
2
1
-1
0
4
5
-10
-18
-25
-32
-45
-56
-58
-55
-60
-68
-69
-63
-65
-75
-76
-68
-67
-74
-76
-70
-71
-73
-75
-74
-70
-73
-81
-84
-66
-55
-39
15
123
242
378
454
410
241
72
32
21
-16
-52
-60
-58
-62
-68
-74
-74
-72
-79
-81
-80
-75
-76
-79
-75
-71
-71
-76
-75
-69
-67
-75
-74
-67
-63
-67
-70
-66
-62
-64
-67
-62
-55
-54
-56
-53
-47
-44
-44
-40
-32
-27
-27
-20
-11
-3
-2
2
10
16
16
18
21
27
26
22
24
24
16
6
-1
-6
-18
-29
-37
-42
-49
-62
-66
-67
-71
-79
-82
-81
-80
-85
-88
-85
-83
-85
-89
-86
-80
-83
-86
-85
-78
-77
-82
-83
-75
-75
-78
-76
-72
-70
-71
-71
-66
-62
-66
-67
-63
-62
-63
-66
-65
-61
-60
-62
-60
-54
-58
-57
-57
-49
-51
-55
-55
-51
-47
-52
-52
-46
-41
-43
-32
-17
-10
-15
-21
-10
10
20
12
18
24
23
17
10
10
4
-10
-21
-21
-24
-32
-34
-33
-31
-35
-37
-35
-33
-35
-37
-34
-29
-29
-32
-26
-23
-23
-29
-28
-26
-32
-25
-10
12
46
135
247
380
515
527
407
204
107
87
51
14
8
2
-11
-13
-10
-12
-20
-18
-14
-13
-19
-21
-13
-11
-14
-17
-10
-7
-9
-11
-9
-5
-7
-9
-5
0
-5
-6
-1
3
4
-1
3
7
10
10
13
22
25
26
31
41
45
48
52
65
74
74
77
85
93
93
93
98
103
103
96
91
88
78
63
53
47
39
25
14
12
8
-2
-14
-9
-9
-15
-21
-19
-15
-18
-23
-23
-20
-19
-24
-23
-18
-17
-22
-22
-17
-11
-16
-17
-12
-12
-15
-16
-12
-9
-11
-13
-11
-7
-10
-13
-11
-7
-8
-12
-11
-7
-7
-14
-13
-8
-6
-11
-11
-5
-3
-8
-10
-4
-3
-5
-8
-4
-1
-2
-6
-8
-1
4
9
17
25
28
19
23
41
57
54
50
54
55
51
44
38
35
23
9
3
1
-4
-10
-10
-9
-12
-16
-17
-12
-13
-19
-17
-13
-10
-16
-14
-8
-7
-12
-14
-10
-10
-8
4
24
53
128
230
352
502
552
465
256
138
111
77
31
20
19
4
-4
-5
-5
-10
-13
-10
-6
-6
-10
-7
-4
-5
-9
-8
-3
-4
-8
-6
-1
-2
-6
-6
-1
1
-4
-5
0
3
0
0
4
10
9
9
16
23
26
25
34
46
51
52
58
70
78
77
80
90
96
95
95
102
107
102
96
90
87
73
60
51
44
34
17
12
7
2
-7
-12
-10
-10
-18
-22
-19
-20
-24
-27
-23
-20
-25
-26
-22
-18
-23
-23
-21
-14
-16
-21
-18
-12
-11
-18
-17
-11
-10
-15
-17
-10
-8
-12
-16
-9
-7
-11
-13
-11
-6
-6
-11
-10
-4
-5
-10
-9
-7
-7
-10
-7
-5
-2
-8
-9
-4
-2
-6
-9
-4
2
7
14
21
28
23
19
30
51
58
52
53
58
57
48
43
41
35
18
8
6
5
-4
-9
-8
-6
-11
-18
-13
-10
-13
-17
-16
-11
-11
-15
-12
-8
-7
-11
-13
-10
-12
-8
6
26
62
149
254
384
516
530
401
202
116
99
56
22
17
9
-6
-10
-5
-9
-15
-17
-12
-10
-16
-17
-10
-6
-12
-14
-10
-7
-10
-14
-10
-5
-6
-12
-9
-2
-5
-9
-8
-1
0
-5
-5
2
7
4
5
12
19
19
23
34
43
45
48
57
66
70
71
78
86
90
89
92
100
99
94
86
84
77
62
50
46
38
22
12
8
3
-8
-17
-17
-16
-20
-31
-27
-23
-25
-32
-31
-25
-24
-30
-32
-26
-23
-28
-32
-26
-19
-24
-27
-26
-20
-22
-25
-24
-20
-22
-24
-23
-19
-18
-23
-22
-20
-19
-25
-24
-18
-18
-22
-24
-18
-17
-21
-24
-20
-16
-22
-22
-20
-15
-19
-23
-21
-16
-17
-25
-22
-18
-17
-23
-21
-15
-8
-2
2
9
11
4
7
27
43
38
32
35
39
37
27
21
17
5
-10
-17
-18
-19
-29
-33
-30
-31
-37
-39
-34
-34
-38
-41
-36
-35
-37
-38
-35
-30
-33
-38
-38
-38
-29
-21
-5
33
125
228
356
490
505
373
171
87
76
34
-8
-13
-17
-31
-39
-40
-38
-40
-47
-49
-41
-41
-46
-47
-41
-39
-44
-44
-40
-36
-42
-44
-37
-33
-40
-43
-40
-38
-38
-43
-40
-36
-37
-39
-38
-33
-31
-32
-27
-17
-14
-15
-9
0
9
7
12
22
33
33
34
42
50
50
49
54
60
57
48
42
39
29
12
-1
-5
-13
-26
-35
-38
-43
-54
-62
-60
-60
-67
-71
-69
-68
-72
-79
-76
-74
-74
-79
-76
-69
-71
-73
-71
-68
-69
-72
-72
-68
-66
-70
-69
-64
-61
-66
-67
-61
-56
-60
-64
-60
-57
-58
-69
-66
-60
-60
-66
-66
-58
-58
-64
-66
-60
-58
-63
-66
-62
-59
-63
-67
-65
-58
-60
-62
-55
-42
-34
-39
-40
-37
-27
-17
-6
-3
-5
-10
-15
-10
-15
-27
-37
-43
-49
-62
-70
-71
-67
-73
-80
-79
-75
-77
-85
-84
-79
-78
-84
-82
-75
-72
-79
-83
-76
-74
-83
-91
-76
-59
-48
-16
81
200
325
439
442
318
121
33
26
0
-35
-57
-60
-66
-66
-73
-76
-72
-73
-75
-80
-74
-71
-73
-75
-70
-66
-69
-71
-69
-63
-66
-71
-70
-62
-62
-68
-67
-60
-59
-65
-65
-58
-54
-57
-59
-51
-43
-43
-45
-34
-26
-23
-21
-14
-1
5
7
11
23
27
26
29
37
43
39
40
42
41
29
18
12
4
-7
-22
-27
-32
-40
-52
-56
-55
-60
-67
-70
-66
-68
-75
-75
-69
-67
-75
-74
-69
-66
-71
-72
-66
-60
-64
-68
-64
-58
-59
-66
-62
-54
-53
-58
-59
-51
-50
-57
-58
-52
-52
-57
-57
-52
-49
-53
-56
-53
-48
-50
-55
-52
-48
-48
-52
-51
-46
-46
-51
-50
-44
-45
-50
-49
-43
-43
-44
-40
-25
-14
-16
-20
-18
-7
4
13
16
20
19
11
13
12
3
-11
-20
-22
-31
-42
-48
-44
-44
-51
-55
-50
-47
-52
-55
-52
-46
-49
-52
-47
-44
-44
-48
-47
-45
-46
-57
-45
-22
-3
27
123
239
368
487
494
359
163
78
60
23
-8
-20
-30
-37
-36
-40
-49
-49
-42
-41
-49
-47
-41
-40
-45
-46
-40
-36
-40
-44
-37
-35
-38
-41
-37
-31
-36
-39
-37
-31
-31
-34
-32
-26
-24
-27
-24
-17
-10
-12
-7
4
10
12
16
27
35
38
40
50
59
59
60
67
75
73
71
70
71
62
48
38
33
23
5
-5
-9
-15
-26
-35
-34
-35
-41
-50
-46
-41
-45
-50
-50
-45
-46
-51
-50
-44
-43
-48
-48
-43
-42
-46
-46
-42
-38
-43
-45
-41
-38
-41
-43
-39
-35
-39
-42
-37
-34
-37
-41
-39
-34
-37
-40
-40
-33
-32
-39
-39
-34
-32
-38
-36
-32
-28
-33
-38
-32
-28
-30
-36
-30
-22
-17
-11
-6
4
2
-6
1
25
34
26
26
30
30
24
16
10
5
-9
-22
-26
-26
-31
-38
-40
-39
-41
-47
-48
-46
-49
-54
-55
-50
-50
-53
-53
-47
-45
-49
-49
-47
-45
-36
-24
-1
56
156
262
405
505
481
300
127
81
63
14
-15
-15
-24
-38
-44
-39
-39
-46
-50
-47
-41
-42
-46
-43
-38
-41
-42
-41
-38
-37
-42
-42
-38
-38
-44
-44
-38
-39
-42
-41
-36
-33
-35
-36
-28
-23
-24
-22
-15
-7
-6
-5
4
13
19
19
25
37
44
43
49
59
66
66
69
74
76
68
59
55
49
35
21
11
7
-5
-18
-25
-27
-33
-42
-44
-44
-44
-50
-53
-49
-47
-53
-57
-52
-51
-54
-56
-50
-47
-50
-53
-48
-41
-46
-47
-45
-40
-42
-48
-47
-42
-42
-48
-48
-41
-39
-45
-47
-41
-39
-44
-49
-42
-37
-42
-47
-45
-39
-40
-47
-47
-42
-41
-46
-46
-41
-39
-44
-44
-40
-35
-37
-31
-18
-13
-15
-22
-15
2
18
16
17
20
14
9
6
4
-4
-20
-30
-35
-41
-50
-53
-53
-54
-64
-65
-63
-63
-68
-71
-67
-64
-67
-70
-65
-64
-66
-71
-67
-63
-68
-68
-52
-34
-9
65
170
294
435
459
364
166
55
42
12
-22
-42
-51
-64
-68
-69
-72
-80
-80
-75
-78
-82
-79
-72
-74
-80
-80
-73
-70
-74
-75
-69
-67
-76
-76
-71
-67
-72
-77
-73
-66
-67
-74
-67
-59
-58
-61
-59
-49
-46
-48
-45
-34
-25
-23
-18
-7
2
3
7
14
21
21
20
24
29
28
22
20
16
9
-5
-15
-21
-31
-44
-54
-57
-63
-73
-81
-81
-81
-88
-93
-90
-88
-92
-96
-95
-91
-94
-100
-97
-90
-90
-97
-95
-89
-88
-92
-92
-86
-84
-90
-93
-88
-83
-86
-89
-85
-80
-84
-86
-86
-81
-80
-87
-84
-81
-77
-83
-82
-78
-74
-81
-82
-76
-74
-79
-78
-71
-62
-55
-54
-49
-50
-52
-41
-21
-12
-18
-18
-16
-12
-17
-33
-40
-44
-54
-68
-74
-73
-73
-81
-86
-82
-79
-84
-90
-85
-83
-85
-89
-88
-80
-81
-85
-86
-80
-81
-85
-91
-88
-69
-63
-42
27
138
248
387
453
398
208
47
23
7
-30
-63
-65
-65
-74
-80
-80
-78
-81
-86
-86
-81
-79
-86
-84
-78
-75
-82
-83
-79
-74
-79
-84
-78
-72
-74
-79
-75
-71
-71
-76
-74
-67
-65
-69
-68
-60
-57
-58
-54
-47
-37
-38
-34
-24
-16
-11
-9
-1
7
11
12
17
25
25
22
27
30
23
13
6
1
-11
-24
-34
-38
-46
-59
-66
-69
-69
-78
-83
-83
-80
-84
-90
-88
-84
-85
-91
-87
-82
-81
-87
-88
-80
-79
-83
-86
-79
-75
-78
-79
-76
-71
-74
-78
-75
-70
-72
-75
-73
-69
-70
-75
-72
-68
-69
-72
-71
-65
-65
-69
-71
-66
-64
-68
-68
-63
-61
-66
-69
-64
-59
-60
-56
-42
-35
-33
-41
-40
-25
-6
-3
-7
-2
1
-5
-10
-10
-13
-26
-39
-46
-49
-57
-64
-64
-61
-64
-71
-71
-67
-67
-72
-71
-67
-65
-71
-71
-65
-65
-68
-70
-66
-65
-72
-61
-42
-20
22
123
237
380
478
460
291
114
56
34
-5
-29
-33
-48
-57
-55
-55
-65
-69
-64
-61
-66
-69
-64
-59
-62
-66
-64
-57
-59
-64
-63
-57
-57
-62
-62
-57
-55
-61
-60
-55
-51
-54
-55
-50
-46
-47
-47
-40
-33
-30
-28
-21
-10
-8
-5
4
16
20
21
25
36
41
37
40
48
51
43
41
40
35
21
7
4
-3
-16
-32
-35
-38
-45
-56
-61
-55
-58
-66
-68
-63
-63
-69
-70
-67
-64
-68
-69
-64
-60
-64
-67
-63
-59
-61
-64
-60
-56
-56
-61
-59
-54
-56
-59
-59
-53
-53
-58
-59
-53
-50
-57
-57
-52
-46
-54
-55
-52
-48
-51
-57
-52
-48
-50
-57
-54
-48
-47
-51
-51
-45
-44
-48
-45
-30
-18
-20
-22
-24
-15
-5
7
9
14
12
8
9
10
-1
-13
-22
-28
-36
-45
-48
-45
-48
-55
-57
-54
-55
-59
-62
-58
-56
-63
-64
-59
-54
-58
-62
-59
-54
-57
-67
-62
-38
-26
-11
60
171
287
425
483
426
227
85
54
33
-5
-28
-36
-46
-47
-52
-59
-59
-56
-56
-61
-59
-56
-54
-59
-57
-52
-51
-55
-53
-50
-51
-54
-56
-52
-51
-54
-57
-53
-48
-53
-55
-51
-46
-45
-48
-45
-37
-32
-36
-30
-19
-13
-14
-8
4
13
15
17
27
38
37
37
46
54
53
50
51
52
44
31
22
18
8
-8
-17
-21
-27
-40
-47
-47
-49
-56
-60
-59
-58
-62
-65
-62
-61
-63
-64
-63
-58
-60
-63
-62
-55
-54
-57
-56
-49
-48
-56
-55
-50
-46
-50
-53
-47
-42
-46
-51
-47
-42
-45
-50
-48
-41
-42
-47
-47
-39
-39
-45
-46
-41
-39
-45
-46
-44
-41
-43
-45
-42
-38
-42
-47
-41
-39
-38
-40
-35
-24
-16
-16
-15
-15
-15
-6
12
22
19
15
14
15
16
5
-6
-13
-19
-32
-42
-44
-41
-46
-55
-53
-49
-48
-56
-57
-53
-52
-58
-58
-50
-48
-53
-54
-48
-45
-51
-56
-57
-34
-26
-10
51
158
271
407
483
442
256
87
55
46
7
-25
-30
-33
-40
-48
-53
-50
-50
-55
-56
-53
-49
-55
-58
-55
-50
-53
-56
-54
-49
-50
-57
-54
-50
-49
-54
-55
-49
-47
-54
-57
-48
-43
-44
-46
-42
-36
-38
-38
-32
-23
-18
-15
-9
0
6
6
12
25
31
29
33
41
44
43
41
45
41
33
24
19
14
-3
-16
-23
-29
-42
-53
-57
-58
-62
-72
-73
-71
-72
-82
-83
-81
-79
-82
-84
-80
-76
-82
-84
-82
-76
-79
-82
-78
-73
-76
-80
-80
-73
-72
-76
-74
-70
-67
-72
-71
-69
-66
-72
-73
-69
-67
-69
-70
-66
-64
-67
-72
-67
-63
-68
-72
-69
-63
-64
-68
-67
-63
-62
-68
-64
-49
-40
-43
-44
-43
-34
-23
-12
-8
-4
-5
-11
-12
-12
-20
-32
-45
-49
-57
-69
-72
-67
-69
-76
-78
-76
-72
-79
-81
-78
-71
-74
-77
-76
-72
-74
-78
-74
-70
-72
-83
-78
-56
-45
-22
62
181
304
429
448
352
158
38
28
5
-28
-54
-57
-58
-59
-66
-73
-69
-68
-68
-74
-73