16040
16136
16112
16072
16032
16152
16176
16112
16168
16176
16096
16128
16144
16136
16120
16176
16144
16256
16216
16152
16208
16256
16304
16272
16264
16296
16376
16376
16488
16648
16664
16560
16536
16904
16864
16736
16536
16616
17008
17072
16888
16912
16912
16984
16944
17008
17440
17832
17520
17064
17280
17312
17088
16720
16776
16968
17032
17000
16784
16640
16576
16416
16352
16240
16264
16336
16328
16344
16200
16240
16376
16512
16520
16216
15912
16072
16208
16304
16368
16280
16248
16344
16104
15976
16000
16144
16192
16240
16144
16232
16040
15744
16120
16272
16480
16664
16800
16216
16296
16272
16504
16528
16376
15960
16048
16144
16040
16256
16296
16040
15872
15848
15960
16144
16248
15808
15800
16104
15792
15904
15856
15560
15688
15680
15624
15800
15784
15760
15864
15776
15576
15624
15792
15680
15696
15464
15440
15456
15592
15688
15968
15736
15632
15824
15736
15696
15776
16040
16056
16008
16248
16080
15904
15912
15664
15600
15640
15704
15608
15208
15040
15312
15272
15184
15248
15384
15376
15256
15176
15016
15088
15120
15224
15272
15288
15664
15984
16376
16768
17208
17088
17168
17008
16152
15024
13544
12624
12448
12528
13016
13584
14024
14568
14808
14824
14984
15248
15288
15336
15328
15440
15560
15384
15256
15376
15344
15416
15344
15400
15528
15432
15456
15304
15376
15432
15456
15448
15600
15576
15480
15480
15632
15632
15608
15704
15656
15560
15576
15656
15704
15736
15728
15752
15928
15944
15864
16168
16064
16048
16016
16144
16080
16168
16472
16248
16376
16656
16752
16472
16488
16704
16792
16536
16512
16528
16480
16520
16488
16448
16424
16208
16256
16224
16224
16168
15976
15712
15720
15704
15608
15664
15936
15760
15664
15600
15584
15664
15752
15656
15504
15600
15664
15664
15632
15536
15496
15544
15656
15576
15648
15600
15696
15712
15632
15624
15520
15632
15832
15712
15664
15632
15608
15736
15928
15856
15672
15672
15584
15640
15920
15864
15752
15472
15624
15840
15736
15704
15640
15720
15672
15600
15672
15656
15736
15768
15592
15672
15816
15792
15800
15680
15720
15632
15464
15600
15880
15832
15792
15840
15672
15648
15680
15872
15920
15904
15960
15976
15984
16136
16184
16256
16320
16344
16240
16264
16296
16344
16216
16208
16320
16208
15888
15840
15720
15896
15744
15608
15792
15864
15720
15624
15648
15712
15688
15592
15728
15800
15704
15800
16008
16552
16888
17176
17848
17928
17880
17880
17312
16168
14736
13552
12904
13016
13680
14328
14544
14872
15472
15904
15728
15672
15672
15792
15912
16056
16040
15936
15848
16008
16088
16000
16040
15960
15968
16048
16048
16008
16104
16104
15968
15952
16128
16184
16088
16112
16192
16128
16136
16312
16224
16352
16208
16200
16224
16288
16368
16440
16416
16680
16712
16528
16496
16608
16696
16840
16912
16832
16880
16976
17104
17064
17080
17120
17216
17328
17408
17320
17216
17224
17328
17264
17120
17096
17072
17000
17024
16936
16944
16888
16616
16512
16392
16576
16496
16408
16280
16400
16568
16296
16208
16200
16312
16272
16248
16384
16208
16064
16208
16216
16200
16136
16160
16240
16368
16328
16416
16256
16216
16160
16256
16336
16288
16264
16120
16128
16520
16336
16200
16272
16240
16352
16384
16288
16280
16320
16472
16248
16112
16184
16272
16336
16256
16392
16448
16504
16472
16344
16368
16376
16408
16192
16136
16440
16416
16344
16472
16368
16256
16520
16584
16288
16160
16304
16384
16384
16280
16200
16392
16648
16688
16800
16776
16808
16648
16800
16768
16496
16488
16688
16784
16632
16536
16536
16744
16808
16728
16720
16656
16688
16632
16472
16456
16448
16256
16184
16200
16248
16224
16200
16256
16152
16176
16392
16480
16248
16344
16736
16928
17240
17784
18040
17912
17888
18192
17360
15840
14392
13424
13080
13080
13856
14784
15040
15360
15608
15864
15880
15888
16152
16424
16304
15976
15968
16224
16392
16440
16280
16112
16088
16248
16368
16456
16360
16240
16240
16320
16392
16296
16392
16320
16304
16304
16520
16496
16368
16352
16416
16496
16576
16552
16464
16440
16496
16592
16648
16624
16760
16976
16952
16832
16656
17008
17264
17216
17072
17176
17208
17248
17272
17504
17552
17384
17288
17376
17568
17432
17288
17248
17392
17264
17248
17104
17072
16888
16872
16840
16648
16736
16680
16608
16600
16536
16584
16368
16328
16496
16496
16272
16240
16624
16688
16512
16520
16384
16264
16240
16352
16392
16272
16264
16240
16112
16272
16416
16512
16536
16648
16600
16328
16224
16160
16096
16280
16584
16512
16368
16432
16512
16456
16536
16736
16808
16720
16512
16544
16656
16720
16720
16656
16368
16264
16168
16056
16272
16240
16080
15912
15800
16184
16344
16080
16152
16136
16024
15952
16048
16056
16176
16568
16776
16704
16368
16320
16360
16352
16448
16616
16480
16528
16568
16504
16560
16784
16904
16760
16936
16888
16928
16808
16744
16712
16680
16528
16416
16480
16544
16448
16264
16128
15976
15800
15984
16192
16160
16256
16184
16160
16704
16720
15952
15712
15872
16296
16688
16912
17232
17560
17440
16936
17040
16776
15528
14464
13472
12760
13000
13488
13848
14264
14968
15464
15848
16232
16168
15904
16040
16112
16008
16168
16216
16192
16120
16152
15992
15912
16112
16352
16424
16192
16056
16272
16384
16360
16352
16136
16096
16176
16288
16288
16320
16184
16272
16448
16616
16512
16296
16392
16632
16560
16552
16592
16544
16648
16696
16720
17000
17064
16880
16648
16904
17096
16936
17144
17528
17352
17144
17128
17272
17480
17352
17248
17072
17312
17416
17304
17312
17136
16984
17064
16872
16824
16784
16664
16536
16512
16296
16368
16464
16208
16104
16176
16224
16352
16264
16040
16016
16128
16120
16232
16512
16528
16240
15872
15816
16168
16400
16152
16000
16384
16176
15936
16136
16280
16200
15952
16112
16240
16320
16336
16248
15904
16200
16384
16040
16104
16200
16392
16368
16240
16144
16408
16688
16496
15976
15712
16184
16336
16320
16168
16232
16536
16472
16280
16328
16192
16256
16408
16528
16248
15928
16104
16128
16168
16296
16496
16536
16328
16016
15976
16056
16152
16232
16072
16152
16312
16376
16424
16400
16568
16424
16360
16472
16616
16688
16688
16528
16584
16952
16752
16512
16672
16872
16704
16704
16680
16544
16304
16120
15984
15944
16064
16264
16240
16056
15912
16048
16240
16144
15920
16048
16048
16192
16472
16408
16344
16696
17088
17552
17584
17432
17248
16784
16000
14672
13160
12680
12872
13488
14224
14312
14712
15656
15960
15952
15896
16112
16320
16072
15984
16008
16368
16552
16600
16352
16192
16312
16376
16376
16360
15936
15888
16336
16480
16408
16000
15952
16128
16440
16440
16232
16296
16288
16160
16224
16384
16576
16576
16384
16176
16472
16568
16480
16600
16520
16240
16384
16688
16720
16824
17280
17256
16960
16720
16912
17208
17440
17752
17584
17160
17152
17320
17272
16992
16944
17288
17600
17480
16984
16776
16616
16576
16600
16632
16680
16680
16424
16136
16096
16456
16624
16584
16152
15936
16080
16176
16376
16168
15704
15960
16376
16552
15952
15840
16184
15952
16064
16496
16456
16336
16056
15920
15920
16240
16456
16256
16304
16144
16016
16136
15976
16200
16712
16616
16216
16200
16176
16232
16272
16560
16272
15920
16112
16288
16120
16152
16216
16392
16624
16616
16216
16176
16328
16160
16096
16336
16344
16096
15984
16424
16488
16224
15984
16144
16296
16248
16056
16056
16192
16384
16616
16208
16064
16440
16704
16336
15976
15888
15960
16064
16112
16088
16448
16648
16600
16536
16264
16592
16800
16880
16360
16200
16400
16584
16744
16768
16736
16816
16816
16632
16400
16680
16816
16664
16416
16072
16088
16144
16152
16120
16088
16208
16232
16168
16168
16048
15920
15992
16160
16272
16408
16192
16208
16728
17144
17168
17616
17440
17064
17072
16464
15024
13960
13080
12768
13056
13704
14296
14736
15320
15728
15744
16168
16256
15912
15824
16000
16080
16224
16144
16064
16248
16456
16352
16216
16256
16200
16152
16160
16184
16312
16408
16536
16216
16080
16280
16288
16320
16472
16560
16536
16368
16200
16200
16288
16376
16464
16608
16784
16560
16632
16568
16520
16576
16552
16800
16840
16968
16992
17008
16896
17000
17168
17472
17560
17400
17288
17208
17264
17480
17408
17424
17368
17136
16904
16944
17112
16952
16792
16808
16760
16784
16632
16472
16336
16504
16600
16688
16768
16656
16672
16392
16360
16232
16256
16152
16104
16000
16000
16144
16160
16272
16496
16400
16112
16304
16608
16640
16400
16328
16176
16208
16440
16480
16560
16520
16080
16264
16576
16184
15944
16424
16496
16440
16264
16136
16208
16472
16424
16504
16320
16296
16344
16296
16296
16368
16616
16688
16464
16048
16336
16208
16232
16304
16664
16832
16160
16072
16200
16272
16240
16360
16440
16416
16344
16304
16400
16336
16456
16560
16384
16688
16576
16240
15856
15872
16128
16040
16320
16520
16304
16408
16600
16488
16504
16696
16680
16664
16552
16728
16848
16832
16576
16800
17096
17392
17032
16720
16776
16912
16912
16928
16736
16224
16424
16488
16184
16288
16224
16160
15936
16080
16200
16304
16416
16152
16000
16176
16232
15920
16192
16600
17416
17328
16888
17088
17192
16712
16912
17280
16224
14688
13296
12664
12656
13264
14016
14432
15232
15816
15960
16248
16160
15576
15856
16024
15888
16144
16648
16368
16408
16224
16192
16272
16304
16368
16384
16608
16424
16304
16136
16128
16408
16360
16448
16368
16336
16400
16848
16592
16392
16304
16088
16192
16472
16576
16704
16896
16840
16680
16568
16488
16752
17024
16928
16520
16936
17136
17056
16984
16952
17312
17256
17336
17496
17744
17552
17520
17248
17056
17096
17072
17216
17192
17320
17248
17448
17496
16992
16896
16944
16912
16952
16928
16624
16384
16384
16296
16384
16560
16320
16544
16280
16328
16224
15648
16232
16872
16712
16552
16264
16432
16864
17000
16232
15736
16064
16192
16376
17064
16880
16528
16088
15952
16040
16072
16392
16544
16512
16360
16584
16440
16376
16584
16616
16552
16768
16936
16408
15808
15616
16272
16376
16224
16232
16784
16512
16360
16464
16584
16592
16520
16512
16304
16008
15944
16296
16776
16792
16616
16560
16448
16824
16536
16136
16144
16472
16640
16176
16648
16488
16104
16080
16584
16840
16520
16232
16424
16440
16320
16496
16560
16632
16560
16272
16184
16720
16912
16704
16456
16680
16696
16688
16640
16920
17088
16768
16880
17032
17152
17024
16816
16720
17016
17016
16728
16680
16896
17128
16480
15952
15912
15832
15976
16048
16304
16280
16272
16248
16192
16256
16360
16256
16160
16800
17328
17528
17728
18256
17936
17352
16952
15920
14360
13280
12648
12592
13256
14120
14616
14976
15552
15752
15824
15968
16168
16440
16328
16248
16312
16432
16432
16304
16488
16464
16248
16152
16136
16376
16368
16328
16216
16392
16368
16280
16384
16432
16544
16776
16664
16312
16200
16192
16280
16528
16544
16544
16496
16360
16632
16384
16192
16752
16952
16832
16720
16760
16952
16848
16960
17152
17424
17096
16952
17152
17184
17088
17352
17408
17296
17152
17280
17264
17136
17232
17200
17184
17128
17032
17240
16904
16776
16760
16664
16632
16768
16640
16448
16512
16488
16520
16352
16376
16344
16184
16208
16312
16496
16384
16272
16232
16312
16368
16640
16448
16232
16328
16424
16504
16200
16280
16264
16296
16112
16384
16608
16656
16568
16368
16232
16320
16352
16192
16384
16576
16584
16384
16168
16464
16480
16320
16168
16392
16512
16376
16288
16376
16208
16296
16488
16424
16312
16160
16360
16496
16352
16224
16592
16744
16472
16376
16072
16128
16272
16352
16488
16496
16384
16176
16224
16152
16152
16296
16464
16528
16560
16368
16176
16368
16480
16632
16624
16280
16208
16120
16240
16400
16472
16504
16480
16528
16504
16472
16688
16768
16672
16816
16976
16880
16920
17032
16968
16640
16696
16784
17032
16968
16632
16432
16272
16304
16256
16224
16240
16160
16256
16232
16256
16264
16176
16168
16328
16224
16144
16216
16424
16624
16880
17136
17496
17456
17008
16888
16968
16280
14960
13736
12872
12744
13328
13912
14376
14992
15352
15600
15696
16120
16160
16112
16168
16296
16400
16120
16104
16224
16296
16160
16160
16136
16200
16528
16456
16336
16224
16376
16496
16416
16320
16208
16448
16400
16384
16552
16472
16448
16528
16496
16568
16432
16504
16432
16536
16600
16664
16592
16680
16648
16744
16848
16984
16936
16912
17176
17144
17128
17128
17368
17368
17248
17192
17328
17576
17464
17488
17544
17496
17432
17328
17248
17304
17216
17104
16976
16976
16912
16736
16728
16624
16712
16672
16592
16488
16560
16520
16384
16336
16328
16384
16360
16464
16376
16336
16336
16384
16544
16512
16328
16448
16520
16504
16352
16264
16464
16376
16360
16464
16560
16496
16336
16296
16400
16352
16288
16520
16536
16552
16616
16544
16392
16264
16328
16456
16480
16536
16440
16384
16368
16432
16488
16376
16352
16392
16464
16472
16488
16544
16424
16528
16592
16448
16528
16720
17176
17096
16496
15848
16072
16536
16400
16496
16648
16504
16136
16032
16200
16504
16528
16480
16312
16384
16488
16560
16344
16280
16536
16912
16816
16424
16400
16656
16392
16424
16472
16856
16968
17120
17224
17456
17248
16920
16560
16808
17160
17096
16880
16848
16816
16736
16400
16248
16184
16344
16368
16416
16632
16720
16576
16464
16448
16176
15872
15920
16688
17024
16648
16344
16728
16896
17160
17576
17824
17640
17240
17192
16968
15824
14712
13616
13080
13208
13664
14352
15128
15840
16224
16024
16264
16544
16232
16176
16224
16352
16256
16248
16264
16280
16560
16448
16184
16256
16320
16264
16352
16224
16384
16648
16848
16640
16352
16264
16208
16488
16728
16464
16440
16608
16480
16352
16384
16552
16520
16448
16536
16520
16992
17096
17192
16936
16816
16760
16824
16776
17080
17384
17280
17296
17584
17248
16760
16880
16944
17256
17320
17264
17440
17464
17448
17336
17328
17528
18056
18112
17312
16552
16456
16504
16264
16632
16680
16248
16080
16152
16448
16688
16576
16200
16248
16288
16416
16568
16560
16360
16688
16320
15696
15896
16336
16128
15832
15816
16024
16152
16016
16056
16408
16344
16112
16304
16128
15992
16168
16328
16552
16288
16496
16744
16288
15784
16088
16288
16120
16192
16328
16632
16424
15976
15880
16232
16056
15712
16376
16792
16472
16000
15776
15848
16488
16504
15912
16128
16504
16528
16312
15824
16232
16168
16048
15824
16016
16384
16472
16512
16384
15752
15928
15928
16104
16208
16384
16424
16176
16224
16040
16088
16184
16176
16416
16472
16520
16200
16608
16928
16736
16480
16168
16600
16760
16416
16376
17440
17992
16768
15888
15912
15840
15944
15992
16024
16016
16176
16288
16296
16392
16592
16352
15792
15664
15496
16056
16272
15984
15976
16216
16560
16768
16568
16904
17344
17112
16792
17456
17552
15496
13816
12488
12144
12424
13928
15392
14896
15112
15536
15232
15120
15312
15424
15784
16240
16344
16240
15752
15536
15696
16176
16632
16904
16880
16192
15808
15816
15744
15792
15640
15824
16480
16144
15784
15920
16248
16320
16120
16152
16312
16360
16120
16232
16008
16000
16384
17368
17392
16720
16224
15944
15736
15816
16368
16544
16504
16576
16824
17112
17056
17496
17320
17128
17032
16832
16944
16848
16952
17440
17560
17104
16784
16944
17128
16656
16224
16424
16760
17464
16944
15880
15784
15768
16024
16256
16168
15976
15984
16832
16704
15776
15264
15656
15880
16096
16192
16072
15960
16056
16032
15704
15560
16032
16200
15800
15808
16032
15976
15920
16048
16128
16048
15976
16048
15976
15768
15976
16240
16136
15968
15976
16080
15944
16104
16144
15976
15968
16144
16136
16200
16128
16104
16160
16016
16016
16016
16120
16192
16144
16072
16008
16048
16160
16216
16184
16128
16040
16008
16136
16264
16208
16192
16000
16088
16192
16096
16352
16416
16336
16128
16216
16168
16184
16240
16272
16288
16240
16304
16304
16456
16480
16488
16520
16464
16488
16600
16696
16736
16792
16808
16784
16728
16584
16512
16688
16784
16664
16552
16392
16280
16200
16184
16104
16080
16168
16248
16176
16120
16152
16120
16136
16144
16136
16176
16128
16256
16616
16880
17112
17472
17632
17472
17600
17632
16920
15760
14536
13456
13176
13336
13856
14432
14888
15272
15648
15888
15896
16008
16040
16016
16160
16272
16296
16192
16152
16256
16328
16280
16240
16264
16352
16360
16224
16216
16288
16296
16304
16312
16432
16416
16320
16328
16368
16424
16376
16344
16464
16464
16456
16416
16432
16584
16616
16576
16648
16720
16752
16720
16776
16904
16912
16912
16936
17080
17160
17184
17176
17264
17376
17384
17376
17368
17480
17440
17392
17384
17360
17256
17216
17192
17200
17136
17040
16888
16856
16784
16744
16648
16632
16632
16464
16440
16504
16488
16344
16360
16360
16352
16360
16256
16296
16336
16280
16216
16232
16320
16288
16304
16280
16336
16344
16296
16280
16328
16352
16280
16320
16352
16368
16344
16320
16384
16416
16416
16328
16384
16392
16352
16304
16336
16360
16368
16328
16344
16384
16368
16328
16296
16336
16352
16288
16336
16304
16336
16328
16280
16280
16368
16296
16288
16296
16304
16320
16256
16272
16288
16312
16296
16280
16320
16304
16272
16272
16272
16296
16264
16256
16312
16312
16288
16200
16256
16280
16320
16392
16520
16584
16576
16496
16520
16496
16640
16712
16784
16904
16848
16768
16784
16760
16688
16600
16680
16752
16616
16472
16328
16304
16256
16208
16208
16144
16160
16120
16136
16048
16120
16144
16064
16080
16168
16136
16136
16448
16920
17152
17440
17832
17776
17632
17704
17200
16096
14856
13648
13104
13128
13704
14360
14744
15128
15536
15832
15896
15992
16080
16104
16112
16072
16208
16192
16208
16152
16240
16224
16200
16200
16264
16232
16224
16216
16208
16256
16288
16232
16288
16344
16376
16304
16352
16344
16408
16400
16384
16408
16440
16392
16384
16480
16544
16480
16552
16608
16656
16672
16648
16712
16816
16856
16920
16984
17040
17088
17120
17128
17232
17264
17320
17256
17336
17384
17304
17200
17304
17280
17136
17056
17024
16944
16888
16840
16744
16744
16688
16584
16472
16456
16472
16400
16320
16304
16328
16224
16192
16280
16272
16224
16160
16176
16272
16200
16128
16160
16248
16168
16128
16136
16192
16200
16128
16144
16232
16192
16200
16168
16192
16216
16144
16160
16264
16296
16208
16144
16232
16264
16200
16136
16208
16272
16216
16184
16160
16184
16192
16112
16136
16232
16232
16136
16088
16192
16160
16176
16144
16208
16248
16208
16160
16080
16160
16192
16048
16112
16160
16112
16096
16088
16064
16112
16064
16096
16144
16160
16144
16088
16168
16096
16120
16032
16104
16104
16048
16040
16080
16152
16136
16192
16296
16352
16352
16344
16280
16344
16496
16544
16736
16664
16584
16616
16504
16456
16504
16472
16416
16352
16256
16096
16048
16040
16096
15992
15896
15880
15928
15864
15784
15800
15880
15848
15848
15832
15888
15976
16072
16384
16784
16944
17328
17384
17136
17168
17080
16256
15152
13888
12896
12656
13016
13688
14112
14544
15032
15392
15536
15680
15744
15768
15784
15920
15896
15968
15928
15872
15896
16000
16008
15856
15928
15976
16024
15960
16032
16032
16048
15984
15888
15960
16080
16120
16128
16016
16048
16088
16120
16080
16128
16168
16224
16144
16232
16216
16208
16264
16360
16448
16416
16496
16608
16552
16600
16656
16760
16872
16856
16904
17032
17040
17104
17104
17104
17232
17232
17120
17152
17224
17128
17048
16960
16904
16848
16704
16664
16592
16560
16480
16368
16352
16320
16264
16192
16144
16120
16144
16088
16056
16104
16008
16008
16104
16160
16128
15960
15984
16024
16056
16024
16072
16120
16040
16016
15968
16016
16056
16088
15984
16032
16112
16088
16088
16144
16120
16064
16088
16168
16168
16200
16160
16160
16128
16136
16096
15992
16064
16232
16240
16176
16152
16184
16192
16128
16152
16208
16184
16136
16096
16192
16208
16144
16096
16208
16216
16176
16136
16176
16152
16128
16072
16104
16216
16224
16184
16232
16240
16216
16056
16008
16192
16240
16128
16152
16112
16200
16120
16096
16168
16192
16112
16112
16208
16224
16200
16144
16216
16280
16384
16344
16400
16472
16400
16304
16392
16688
16800
16760
16600
16640
16696
16608
16528
16648
16704
16600
16392
16336
16280
16152
16104
16088
16144
16128
16048
16064
16064
16040
15984
15976
16032
16096
16064
16072
16144
16336
16648
16928
17376
17800
17888
17600
17832
17616
16528
15192
13960
13320
13136
13512
14080
14616
15000
15296
15584
15864
15920
15928
16016
16096
16104
16040
16016
16096
16176
16152
16096
16200
16208
16168
16112
16128
16152
16168
16160
16152
16208
16216
16144
16208
16264
16272
16232
16224
16280
16304
16288
16224
16312
16384
16384
16408
16416
16544
16488
16544
16560
16608
16688
16696
16768
16912
16912
16944
16968
17016
17096
17064
17152
17280
17320
17264
17312
17288
17288
17272
17136
17200
17232
17104
17000
16952
16880
16784
16664
16640
16672
16544
16464
16448
16456
16424
16336
16272
16312
16360
16208
16232
16224
16256
16200
16144
16192
16224
16224
16136
16184
16176
16128
16120
16072
16176
16216
16176
16096
16176
16192
16160
16160
16120
16216
16184
16200
16192
16264
16216
16216
16272
16280
16296
16176
16248
16312
16216
16168
16208
16264
16224
16208
16192
16256
16248
16224
16192
16232
16256
16216
16256
16280
16288
16208
16168
16216
16224
16168
16208
16216
16208
16200
16176
16208
16248
16216
16216
16176
16248
16232
16208
16136
16232
16224
16208
16208
16240
16296
16200
16136
16232
16240
16248
16208
16208
16232
16232
16208
16192
16216
16272
16208
16192
16248
16288
16256
16240
16336
16400
16424
16440
16512
16520
16464
16512
16584
16736
16784
16736
16720
16800
16704
16616
16624
16664
16592
16496
16376
16328
16256
16152
16088
16136
16144
16000
15968
16064
16064
16080
15976
16040
16088
16056
16032
16096
16208
16504
16872
17200
17592
17928
17720
17544
17496
16976
15632
14376
13400
13072
13128
13744
14368
14768
15136
15560
15808
15904
15936
15928
16024
16056
16048
16008
16064
16152
16128
16080
16024
16128
16104
16120
16088
16136
16168
16104
16088
16144
16160
16112
16152
16232
16256
16176
16176
16216
16296
16264
16328
16352
16336
16344
16384
16360
16504
16504
16520
16536
16624
16624
16624
16696
16816
16872
16912
16896
17032
17088
17088
17112
17152
17280
17248
17192
17296
17280
17280
17160
17064
17088
17064
16976
16944
16944
16808
16704
16608
16584
16560
16480
16376
16408
16400
16384
16288
16240
16280
16240
16216
16232
16240
16216
16160
16144
16184
16184
16192
16152
16192
16184
16080
16080
16192
16128
16168
16072
16120
16144
16208
16160
16128
16200
16184
16176
16152
16184
16200
16152
16136
16208
16168
16144
16128
16176
16184
16192
16192
16248
16208
16184
16160
16160
16248
16248
16144
16184
16200
16208
16136
16192
16232
16120
16152
16136
16208
16192
16160
16152
16216
16232
16176
16168
16168
16264
16240
16096
16176
16208
16168
16144
16192
16168
16128
16136
16136
16192
16216
16168
16136
16192
16160
16208
16264
16264
16216
16224
16192
16168
16216
16200
16080
16200
16256
16208
16160
16120
16144
16144
16096
16120
16240
16168
16168
16224
16312
16336
16360
16416
16456
16384
16304
16368
16488
16648
16672
16624
16648
16656
16528
16496
16576
16616
16496
16368
16304
16264
16144
16064
16184
16120
16096
15960
15968
16048
15968
15960
15968
16096
16112
16040
15968
16080
16144
16352
16672
16976
17344
17632
17440
17232
17504
17016
15912
14712
13728
13064
12912
13416
14040
14536
14880
15368
15640
15792
15872
15832
16000
16080
15992
15952
16000
16104
16160
16056
16072
16128
16120
16056
16088
16152
16160
16096
16128
16136
16208
16072
16096
16248
16200
16176
16112
16256
16296
16248
16152
16224
16368
16312
16352
16376
16448
16400
16384
16488
16632
16568
16600
16616
16760
16768
16760
16872
16952
16976
17056
17048
17200
17208
17200
17136
17232
17320
17216
17176
17192
17192
17080
16952
16960
16992
16824
16728
16696
16704
16600
16440
16368
16408
16416
16384
16288
16304
16320
16200
16128
16200
16240
16232
16064
16112
16136
16104
16048
16088
16192
16168
16088
16136
16184
16192
16160
16112
16168
16160
16144
16080
16176
16192
16168
16096
16152
16184
16248
16168
16192
16248
16144
16160
16184
16240
16152
16168
16184
16216
16208
16152
16152
16240
16200
16192
16096
16136
16208
16144
16120
16168
16264
16232
16088
16104
16248
16160
16152
16152
16224
16192
16016
16152
16184
16176
16160
16128
16128
16184
16064
16088
16168
16200
16192
16120
16144
16208
16152
16072
16136
16224
16200
16120
16168
16264
16208
16112
16168
16184
16192
16088
16120
16200
16168
16144
16056
16160
16240
16176
16104
16176
16216
16136
16104
16120
16168
16168
16120
16184
16248
16272
16256
16368
16416
16432
16368
16384
16432
16544
16592
16656
16776
16632
16568
16488
16520
16568
16472
16480
16456
16408
16232
16112
16112
16112
16160
16000
16016
16016
16048
15944
15992
16064
16024
16032
15936
16008
16080
16040
16096
16496
16960
17184
17464
17752
17632
17480
17368
16776
15568
14304
13328
13024
13208
13776
14280
14656
15160
15568
15688
15800
15912
15960
15992
15976
16016
16104
16072
16056
16072
16176
16096
16064
16080
16064
16128
16056
16160
16208
16144
16104
16072
16192
16176
16184
16160
16232
16288
16208
16192
16216
16288
16248
16240
16312
16424
16408
16360
16416
16448
16464
16504
16592
16648
16744
16672
16720
16824
16888
16936
16992
17096
17088
17048
17080
17128
17232
17232
17152
17152
17192
17072
17000
17008
16968
16888
16768
16752
16712
16608
16544
16408
16432
16384
16336
16280
16352
16368
16232
16192
16208
16224
16144
16112
16128
16200
16136
16056
16112
16120
16120
16048
16056
16168
16152
16080
16008
16096
16128
16064
16104
16136
16200
16096
16064
16080
16168
16136
16064
16160
16224
16160
16088
16112
16160
16160
16064
16104
16224
16200
16152
16120
16208
16168
16112
16136
16184
16248
16160
16112
16168
16152
16120
16136
16216
16216
16184
16136
16096
16184
16152
16096
16128
16192
16208
16128
16096
16168
16136
16088
16112
16136
16208
16176
16120
16096
16240
16160
16120
16208
16280
16208
16168
16192
16232
16176
16136
16136
16208
16208
16144
16176
16272
16272
16200
16128
16184
16288
16216
16176
16208
16232
16160
16120
16184
16240
16208
16152
16208
16272
16168
16192
16168
16256
16264
16232
16248
16272
16384
16400
16408
16488
16568
16480
16464
16528
16736
16744
16800
16720
16704
16696
16568
16608
16640
16624
16576
16456
16424
16384
16224
16200
16232
16224
16184
16048
16136
16184
16104
16080
16128
16232
16192
16088
16176
16208
16328
16616
16984
17376
17640
17768
17520
17360
17304
16672
15424
14320
13424
13024
13096
13792
14376
14752
15168
15656
15936
16000
15992
16040
16168
16136
16160
16264
16368
16312
16240
16264
16344
16352
16280
16200
16304
16392
16360
16272
16384
16416
16320
16240
16416
16504
16400
16360
16352
16464
16424
16344
16464
16576
16584
16544
16608
16672
16664
16608
16600
16744
16776
16768
16856
16968
17024
17000
16960
17056
17208
17240
17224
17328
17384
17336
17336
17352
17448
17424
17352
17344
17336
17376
17240
17144
17112
17144
17048
16904
16912
16888
16736
16624
16648
16640
16592
16496
16560
16608
16456
16384
16384
16480
16448
16368
16376
16424
16432
16328
16320
16376
16352
16256
16280
16360
16384
16312
16272
16320
16400
16328
16256
16392
16440
16336
16320
16384
16456
16384
16296
16384
16424
16448
16328
16296
16328
16392
16328
16368
16392
16432
16320
16264
16360
16440
16296
16304
16336
16432
16416
16272
16304
16376
16344
16264
16248
16392
16376
16304
16216
16312
16344
16304
16256
16320
16336
16344
16280
16304
16344
16272
16240
16248
16304
16240
16240
16264
16312
16288
16192
16208
16320
16328
16240
16216
16328
16296
16232
16152
16240
16304
16184
16144
16224
16360
16296
16240
16184
16328
16280
16200
16248
16304
16232
16144
16240
16272
16248
16208
16168
16272
16288
16216
16200
16264
16288
16240
16152
16208
16328
16280
16120
16240
16336
16320
16384
16440
16568
16568
16504
16432
16464
16656
16776
16792
16816
16760
16672
16560
16608
16616
16600
16576
16520
16488
16296
16128
16184
16216
16184
16112
16136
16232
16184
16072
16048
16160
16168
16088
16112
16128
16144
16224
16416
16872
17160
17456
17672
17544
17400
17384
16888
15776
14712
13600
13040
13128
13712
14296
14712
15152
15568
15792
15816
15960
16064
16144
16112
16120
16208
16264
16192
16104
16256
16328
16352
16192
16240
16352
16264
16232
16320
16344
16312
16232
16320
16408
16376
16304
16320
16496
16464
16448
16408
16480
16512
16488
16440
16504
16656
16640
16568
16624
16736
16720
16696
16752
16968
16968
16952
17032
17096
17152
17136
17224
17288
17424
17392
17328
17432
17448
17456
17360
17336
17424
17344
17240
17216
17224
17072
16984
16928
16976
16912
16808
16728
16744
16760
16664
16568
16544
16600
16552
16464
16520
16552
16488
16464
16528
16536
16512
16360
16424
16520
16504
16376
16456
16472
16480
16432
16456
16528
16528
16464
16480
16504
16560
16472
16464
16512
16616
16544
16472
16528
16600
16568
16496
16544
16616
16584
16520
16568
16616
16528
16448
16504
16632
16640
16552
16520
16504
16576
16504
16472
16488
16648
16488
16472
16528
16592
16592
16512
16536
16640
16592
16488
16472
16544
16528
16488
16528
16600
16584
16496
16472
16584
16576
16520
16488
16584
16640
16536
16464
16512
16592
16520
16456
16544
16592
16560
16488
16552
16616
16512
16480
16440
16536
16600
16528
16456
16456
16536
16520
16512
16544
16560
16520
16416
16536
16560
16520
16448
16480
16536
16520
16488
16512
16568
16616
16448
16472
16520
16520
16488
16536
16736
16792
16784
16744
16752
16848
16800
16808
16992
17104
17088
16936
16936
16984
16928
16800
16784
16912
16872
16568
16480
16528
16432
16384
16408
16448
16472
16368
16304
16296
16408
16296
16240
16288
16424
16344
16304
16424
16760
17088
17248
17616
17952
17736
17408
17312
17056
16040
14736
13600
13240
13272
13712
14328
14816
15328
15648
15840
16056
16200
16232
16256
16312
16408
16344
16264
16240
16424
16384
16296
16272
16448
16440
16392
16352
16400
16456
16288
16280
16464
16456
16416
16344
16456
16560
16512
16504
16512
16472
16472
16456
16480
16592
16640
16544
16568
16688
16712
16704
16672
16800
16880
16896
16896
17024
17096
17056
17016
17128
17264
17208
17272
17336
17376
17368
17328
17384
17424
17432
17376
17280
17216
17208
17128
17008
16904
16968
16872
16760
16760
16752
16576
16472
16552
16608
16560
16424
16400
16480
16448
16312
16376
16376
16376
16296
16272
16360
16424
16304
16248
16312
16320
16232
16264
16328
16384
16320
16240
16296
16408
16384
16240
16384
16384
16320
16264
16296
16384
16320
16312
16328
16424
16440
16336
16328
16336
16400
16352
16328
16328
16416
16328
16328
16344
16384
16320
16304
16312
16416
16344
16224
16224
16304
16320
16200
16264
16400
16360
16256
16224
16304
16320
16256
16256
16320
16368
16296
16240
16296
16336
16288
16208
16256
16352
16264
16216
16208
16344
16328
16200
16216
16328
16360
16264
16232
16296
16344
16232
16168
16224
16360
16280
16176
16248
16344
16280
16216
16208
16304
16304
16288
16272
16296
16312
16232
16224
16280
16368
16336
16384
16480
16632
16664
16736
16896
17072
17088
17080
17216
17256
17192
17240
17400
17608
17584
17480
17584
17656
17552
17448
17464
17616
17608
17416
17328
17344
17304
17176
17112
17168
17192
17136
17032
17104
17152
17032
16928
16984
17072
17040
17000
16984
17192
17368
17600
17936
18320
18464
18144
18032
18168
17656
16288
15144
14280
13920
13912
14456
15064
15648
15976
16288
16520
16688
16688
16720
16832
16944
16928
16800
16896
17008
16936
16896
16888
17016
17000
16888
16848
16952
16960
16936
16864
16928
17056
16928
16856
16920
16968
16896
16856
16888
16984
16976
16848
16896
17016
17024
16928
16992
17136
17168
17080
17040
17152
17272
17264
17224
17288
17448
17424
17384
17504
17632
17608
17584
17704
17832
17808
17688
17752
17808
17784
17688
17680
17776
17704
17536
17392
17512
17456
17264
17128
17160
17328
17096
17008
17040
17096
16952
16872
16960
17056
16936
16880
16832
16936
16872
16784
16744
16864
16880
16808
16792
16896
16896
16768
16704
16840
16896
16792
16752
16840
16968
16880
16776
16888
16976
16904
16816
16848
17016
16992
16896
16880
17016
17048
16920
16936
17032
17080
16952
16928
16968
17064
16976
16904
17056
17080
17032
16920
17000
17128
17088
17032
17088
17208
17240
17128
17176
17312
17320
17208
17240
17392
17376
17272
17232
17416
17464
17392
17336
17472
17576
17416
17368
17464
17552
17520
17432
17528
17664
17640
17488
17528
17672
17656
17576
17560
17728
17808
17624
17616
17768
17856
17712
17680
17824
17904
17832
17728
17824
17952
17920
17784
17824
17976
17920
17904
17904
18032
18008
17896
17864
18056
18184
18088
18128
18320
18456
18344
18320
18520
18680
18672
18640
18760
18824
18696
18552
18552
18584
18504
18352
18208
18256
18240
18112
18048
18192
18192
18072
18008
18152
18264
18120
17984
18144
18264
18152
18096
18176
18384
18536
18800
19184
19632
19912
19656
19328
19360
19056
18056
16688
15776
15312
15120
15560
16424
16976
17248
17616
17984
18296
18280
18216
18392
18440
18432
18408
18480
18544
18496
18408
18408
18672
18624
18520
18504
18600
18656
18568
18560
18696
18800
18672
18576
18736
18808
18736
18648
18744
18952
18888
18744
18848
18992
18984
18952
18960
19184
19224
19080
19112
19288
19392
19288
19240
19504
19680
19456
19464
19688
19856
19792
19696
19864
19984
19896
19840
19912
20056
19976
19904
20016
20008
19920
19784
19632
19720
19712
19480
19408
19624
19592
19416
19344
19344
19392
19328
19112
19168
19384
19328
19160
19184
19208
19096
19104
19112
19208
19280
19128
19144
19240
19264
19088
19128
19296
19344
19176
19056
19192
19296
19256
19152
19192
19392
19320
19208
19336
19440
19376
19224
19200
19376
19496
19360
19288
19432
19464
19352
19312
19504
19584
19440
19312
19440
19560
19400
19336
19456
19568
19568
19448
19480
19616
19544
19416
19336
19472
19624
19536
19464
19568
19560
19344
19440
19600
19632
19448
19432
19656
19624
19592
19488
19688
19744
19648
19512
19584
19784
19744
19504
19544
19672
19792
19552
19592
19752
19792
19600
19560
19688
19848
19712
19696
19848
19904
19752
19592
19728
19864
19712
19656
19736
19928
19944
19816
19752
19944
20040
20048
20136
20224
20168
20088
20080
20368
20520
20440
20304
20352
20472
20456
20344
20232
20336
20064
19848
19960
20080
19864
19768
19768
19816
19736
19728
19808
19984
19872
19736
19576
19704
19944
19952
19776
19856
20208
20440
20552
20856
21408
21368
20952
21056
20944
20144
18696
17496
17040
17040
17136
17664
18368
18880
19112
19344
19680
19808
19720
19704
19776
19992
19984
19896
19992
20184
20096
19928
19992
20152
20168
20056
19968
20072
20176
20072
19944
20208
20264
20144
19992
20240
20368
20152
20080
20280
20368
20248
20184
20360
20416
20376
20320
20384
20552
20568
20512
20456
20664
20744
20608
20696
20848
20888
20840
20936
21104
21064
21080
21072
21216
21312
21168
21072
21144
21272
21192
21048
21056
21088
21112
20928
20816
20984
20832
20744
20568
20672
20720
20520
20320
20384
20552
20352
20208
20320
20400
20256
20176
20312
20384
20296
20144
20152
20232
20272
20176
20136
20256
20344
20192
20096
20296
20352
20144
20184
20400
20480
20296
20232
20312
20440
20288
20136
20280
20416
20328
20256
20232
20368
20368
20184
20192
20384
20400
20288
20208
20312
20424
20272
20128
20312
20352
20280
20176
20280
20320
20200
20176
20288
20288
20216
20200
20224
20328
20280
20128
20120
20296
20368
20224
20112
20360
20400
20304
20176
20400
20456
20360
20272
20328
20384
20288
20152
20208
20360
20328
20200
20320
20368
20328
20216
20224
20376
20352
20256
20224
20296
20360
20272
20176
20272
20376
20224
20184
20312
20352
20320
20240
20240
20328
20376
20384
20480
20696
20648
20480
20488
20608
20864
20792
20848
20936
20984
20776
20704
20776
20712
20576
20416
20408
20464
20328
20184
20232
20376
20256
20144
20200
20288
20232
20072
20136
20264
20240
20080
20208
20288
20480
20528
20800
21344
21840
22008
21800
21720
21912
21392
20008
18736
17760
17216
17168
17824
18608
18984
19152
19536
19944
20152
20032
20056
20248
20288
20240
20152
20368
20400
20288
20128
20336
20488
20384
20312
20368
20528
20424
20320
20368
20480
20464
20272
20360
20424
20520
20496
20328
20472
20584
20416
20392
20592
20648
20504
20344
20544
20704
20616
20648
20632
20832
20760
20624
20824
20912
21000
20888
20912
21096
21256
21184
21160
21352
21400
21352
21256
21408
21432
21320
21248
21288
21328
21160
20944
21056
21152
21024
20824
20784
20880
20824
20592
20552
20560
20568
20512
20400
20528
20592
20352
20296
20408
20536
20360
20240
20384
20448
20296
20216
20320
20480
20448
20320
20240
20432
20400
20208
20240
20336
20440
20288
20264
20336
20344
20352
20304
20480
20512
20376
20304
20392
20496
20368
20264
20328
20480
20520
20376
20400
20520
20456
20336
20264
20432
20520
20320
20256
20400
20472
20328
20256
20416
20384
20256
20144
20392
20592
20440
20296
20376
20464
20368
20304
20304
20472
20440
20240
20248
20456
20544
20408
20312
20504
20480
20320
20288
20432
20560
20456
20312
20400
20456
20352
20232
20328
20488
20472
20312
20360
20536
20512
20304
20296
20504
20568
20408
20352
20496
20528
20344
20248
20480
20592
20432
20328
20440
20568
20472
20344
20472
20600
20648
20568
20648
20760
20688
20608
20784
20952
21080
20976
20968
21032
21064
20888
20768
20800
20848
20568
20456
20456
20504
20320
20192
20272
20400
20272
20080
20168
20352
20344
20176
20192
20328
20312
20216
20168
20320
20568
20776
20992
21432
21912
21944
21536
21456
21376
20624
19120
17936
17248
16976
17216
17960
18656
19056
19304
19728
19968
20072
20088
20024
20288
20312
20224
20176
20312
20384
20208
20152
20320
20448
20328
20168
20248
20424
20368
20224
20320
20456
20448
20272
20256
20360
20472
20368
20328
20464
20520
20400
20344
20488
20632
20480
20400
20536
20640
20608
20528
20672
20760
20696
20624
20720
20928
20984
20848
20888
21016
21152
21136
21120
21296
21344
21248
21184
21312
21384
21208
21016
21184
21272
21128
21008
20992
20976
20952
20800
20848
20840
20744
20576
20504
20552
20592
20376
20336
20472
20544
20304
20224
20368
20416
20312
20176
20312
20400
20288
20176
20248
20376
20360
20192
20248
20344
20400
20320
20296
20392
20408
20264
20184
20376
20448
20320
20136
20344
20376
20320
20264
20304
20504
20336
20184
20208
20376
20384
20304
20280
20376
20368
20208
20208
20400
20456
20288
20144
20264
20280
20208
20176
20296
20384
20280
20128
20208
20320
20208
20208
20328
20336
20232
20168
20232
20352
20344
20088
20096
20304
20352
20192
20128
20272
20312
20144
20096
20256
20288
20136
20120
20184
20272
20248
20080
20136
20336
20288
20056
20072
20192
20184
20128
20072
20224
20296
20200
20128
20208
20240
20152
20064
20192
20288
20136
20024
20152
20304
20168
20064
20144
20304
20264
20168
20200
20416
20488
20432
20416
20488
20544
20512
20544
20808
20848
20752
20568
20720
20816
20680
20520
20568
20576
20368
20048
20160
20304
20200
19968
19992
20104
20112
19944
19928
20152
20144
20024
19944
20120
20216
20032
19952
20272
20672
20872
21032
21408
21712
21256
20936
21040
20536
19184
17968
17176
16952
17264
17696
18168
18760
19192
19456
19600
19880
20016
19944
19768
19880
20160
20104
20072
20192
20296
20112
19944
20032
20216
20160
20048
20088
20216
20128
20040
20024
20184
20280
20160
20040
20232
20240
20184
20160
20280
20360
20160
20136
20288
20376
20272
20104
20368
20480
20488
20272
20368
20608
20640
20536
20496
20744
20848
20680
20624
20888
21072
20952
20872
21000
21080
21024
20928
21008
21040
20992
20816
20816
20936
20840
20632
20632
20720
20648
20480
20432
20496
20528
20344
20208
20320
20424
20208
20064
20128
20280
20144
19952
20112
20224
20064
19904
20064
20184
20160
19960
19928
20072
20072
20032
19896
20096
20168
20024
19944
20104
20200
20040
19976
20000
20120
20072
20032
20128
20184
20128
19960
20096
20160
20072
19952
20048
20192
20168
19944
19928
20080
20128
20016
19960
20032
20136
20016
19840
20064
20176
20032
19872
19920
20152
19984
19936
20016
20096
20016
19912
19944
20104
20016
19920
19896
20048
20024
19968
19888
20056
20128
19936
19832
20048
20056
19832
19840
20008
20128
19952
19832
19904
20048
19960
19864
19944
20016
19992
19864
19832
20048
20072
19856
19824
19984
20096
19864
19736
19944
20032
19960
19808
19944
20048
19880
19864
19904
20016
20040
19992
20064
20288
20248
20096
19960
20192
20424
20448
20312
20456
20544
20272
20184
20304
20384
20280
20064
19968
20008
19840
19688
19768
19928
19848
19712
19664
19792
19768
19640
19624
19760
19792
19640
19584
19712
19912
19864
20056
20528
20872
21088
21216
21152
21000
20848
20288
19128
18024
16928
16504
16560
17376
18048
18280
18648
19120
19376
19352
19424
19648
19720
19616
19520
19576
19736
19664
19640
19776
19832
19656
19552
19720
19832
19808
19704
19712
19760
19728
19704
19680
19800
19848
19728
19736
19856
19936
19760
19680
19768
19856
19856
19792
19888
19992
19968
19896
19880
20008
20040
20072
20160
20336
20344
20240
20208
20424
20488
20384
20408
20512
20624
20576
20464
20592
20640
20552
20512
20552
20616
20416
20240
20336
20376
20320
20176
20112
20192
20184
20032
19840
19960
19960
19824
19792
19872
19984
19728
19592
19624
19800
19688
19640
19672
19736
19624
19568
19640
19728
19704
19536
19480
19656
19648
19520
19472
19600
19656
19584
19568
19672
19744
19624
19520
19624
19736
19624
19568
19656
19760
19704
19528
19536
19712
19656
19544
19480
19560
19688
19608
19544
19632
19640
19560
19520
19632
19744
19568
19464
19560
19736
19568
19472
19552
19632
19568
19472
19480
19664
19632
19520
19480
19552
19584
19560
19456
19592
19592
19504
19440
19576
19640
19528
19448
19544
19624
19448
19352
19560
19624
19512
19464
19520
19624
19488
19344
19496
19560
19552
19416
19472
19592
19568
19416
19384
19544
19496
19400
19360
19504
19576
19424
19400
19440
19600
19528
19512
19536
19744
19704
19664
19728
19776
19688
19768
19872
20112
20088
19992
19864
19928
19992
19856
19704
19792
19808
19536
19424
19408
19472
19360
19272
19360
19448
19336
19256
19224
19328
19312
19232
19168
19392
19352
19152
19168
19592
20112
20256
20576
20976
21008
20432
20232
20128
19320
17808
16624
16080
16256
16592
17136
17640
18152
18608
18736
18848
19120
19200
19144
19104
19152
19240
19168
19184
19240
19376
19264
19224
19288
19344
19288
19200
19160
19232
19312
19232
19256
19344
19400
19256
19232
19440
19480
19352
19304
19448
19512
19352
19368
19440
19544
19456
19392
19520
19640
19576
19472
19576
19760
19752
19712
19760
19848
19848
19816
19848
20024
20152
20064
20064
20216
20224
20120
20136
20200
20216
19976
19992
20072
20024
19896
19672
19640
19736
19688
19560
19544
19624
19544
19480
19344
19432
19496
19272
19280
19416
19384
19248
19064
19176
19232
19160
19080
19112
19264
19160
19032
19080
19192
19144
19120
19200
19304
19312
19168
19120
19248
19352
19232
19184
19248
19376
19256
19176
19224
19376
19264
19112
19240
19368
19280
19160
19272
19312
19264
19144
19144
19328
19320
19200
19144
19256
19304
19152
19096
19248
19288
19184
19064
19192
19280
19200
19120
19176
19336
19160
18960
19072
19208
19232
19104
19048
19280
19208
19056
18984
19088
19256
19104
19016
19120
19160
19064
19072
19160
19256
19072
18968
18976
19176
19112
18952
19080
19168
19184
19008
18952
19088
19152
18952
19040
19120
19184
18992
18928
19048
19136
18984
18944
19128
19216
19208
19152
19240
19352
19264
19272
19312
19496
19496
19480
19544
19656
19704
19576
19424
19368
19432
19312
19096
19112
19056
18936
18848
18880
18944
18856
18744
18784
18784
18832
18784
18768
18912
18896
18744
18712
18856
18936
19112
19424
19928
20280
20496
20248
20152
20104
19528
18200
16928
15944
15536
15664
16440
17200
17464
17744
18184
18528
18616
18568
18544
18696
18696
18632
18664
18816
18904
18816
18760
18784
18824
18744
18736
18832
18920
18856
18728
18800
18888
18824
18792
18736
18904
18864
18848
18752
18856
18896
18816
18800
18992
19072
18912
18776
18904
19136
19032
19032
19208
19328
19064
19080
19232
19360
19360
19256
19352
19472
19488
19480
19504
19720
19760
19600
19552
19640
19752
19592
19584
19592
19648
19432
19328
19352
19352
19240
19080
19072
19096
19120
19000
18952
19048
18976
18784
18728
18896
18944
18672
18640
18704
18728
18584
18624
18712
18840
18736
18616
18752
18744
18672
18608
18640
18672
18616
18496
18600
18816
18768
18648
18624
18784
18760
18616
18568
18696
18800
18592
18544
18736
18864
18696
18640
18680
18744
18616
18600
18744
18784
18680
18544
18616
18800
18720
18592
18592
18720
18720
18632
18536
18720
18760
18600
18568
18744
18784
18696
18568
18688
18736
18664
18552
18672
18800
18704
18496
18552
18712
18728
18576
18624
18712
18736
18544
18464
18680
18768
18648
18512
18688
18712
18520
18480
18576
18680
18640
18608
18640
18752
18608
18504
18424
18520
18624
18512
18536
18768
18808
18752
18760
18792
18904
18848
18904
19080
19224
19104
19088
19160
19224
19032
18888
18776
18832
18736
18464
18496
18608
18496
18288
18280
18424
18440
18304
18232
18384
18456
18328
18208
18360
18432
18352
18288
18496
18952
19120
19200
19520
19704
19264
19024
18952
18448
17224
15992
15168
15048
15288
15912
16440
17040
17560
17712
17728
18064
18344
18176
18168
18280
18448
18328
18248
18304
18424
18352
18304
18312
18416
18368
18304
18304
18472
18440
18280
18360
18480
18528
18368
18344
18408
18536
18440
18360
18496
18560
18448
18384
18480
18656
18536
18472
18520
18704
18728
18568
18640
18848
18872
18792
18776
18936
19032
18936
18920
19176
19232
19072
19056
19208
19312
19264
19104
19160
19312
19216
19080
19048
19080
19048
18856
18816
18808
18840
18640
18568
18640
18592
18480
18440
18512
18520
18352
18264
18336
18368
18304
18208
18232
18296
18288
18216
18248
18344
18416
18256
18248
18352
18352
18216
18168
18320
18456
18304
18216
18336
18408
18328
18208
18304
18432
18376
18288
18376
18456
18376
18248
18288
18464
18464
18328
18240
18408
18384
18280
18208
18288
18472
18336
18216
18320
18448
18312
18216
18352
18416
18304
18176
18288
18448
18320
18192
18216
18344
18376
18200
18256
18376
18328
18144
18152
18320
18384
18264
18224
18352
18416
18192
18144
18248
18312
18232
18136
18264
18384
18320
18160
18208
18304
18272
18200
18208
18312
18360
18192
18152
18288
18392
18280
18200
18328
18360
18208
18152
18216
18440
18280
18272
18440
18648
18576
18432
18432
18680
18832
18752
18736
18936
18928
18768
18720
18728
18680
18480
18360
18392
18368
18224
18128
18120
18264
18136
18032
18008
18120
18136
18008
17976
18048
18136
17984
18016
18200
18208
18232
18496
18888
19216
19400
19360
19128
19048
18760
18048
16808
15728
14976
14744
15120
15960
16448
16728
17216
17632
17784
17808
17888
18048
18056
17968
17936
18096
18200
18048
17960
18096
18168
18088
18048
18080
18200
18056
18048
18056
18240
18224
18104
18104
18240
18256
18136
18096
18192
18264
18176
18184
18312
18320
18232
18136
18320
18448
18384
18312
18384
18544
18496
18440
18504
18712
18688
18664
18704
18880
18920
18800
18840
19008
19080
18968
18888
18992
19152
18944
18904
18952
19016
18816
18680
18752
18792
18648
18528
18496
18576
18480
18360
18320
18432
18448
18232
18144
18208
18208
18072
18056
18168
18200
17968
17984
18064
18168
18096
18024
18088
18160
18032
17928
18040
18168
18080
18000
18000
18112
18152
18056
17976
18160
18216
18072
18032
18136
18216
18056
17984
18128
18232
18088
18048
18136
18200
18104
17984
18072
18176
18096
18008
18016
18120
18144
18048
18000
18072
18104
17904
17936
18064
18176
17976
17960
18000
18128
18008
17920
18040
18152
18008
17912
17992
18160
18112
18000
18032
18128
18056
17888
17920
18040
18104
18000
17944
18120
18112
17976
17944
18040
18144
18000
17944
18040
18144
18048
17904
18000
18040
18048
17792
17872
18112
18112
17960
17952
18096
18176
18128
18144
18296
18384
18224
18216
18416
18600
18504
18392
18592
18688
18600
18496
18600
18600
18400
18248
18088
18152
18128
17920
17944
18056
17952
17752
17752
17936
18032
17880
17768
17880
18024
17872
17784
17872
17992
17936
18072
18352
18800
18960
19080
18936
18704
18848
18600
17656
16616
15560
14744
14584
15096
15824
16200
16696
17256
17472
17464
17560
17656
17848
17808
17728
17840
17952
17928
17768
17816
17984
17976
17848
17856
18048
18072
17880
17840
17952
18088
17944
17920
18024
18104
18024
17904
17976
18112
18016
17960
18040
18152
18160
18072
18048
18168
18256
18168
18152
18312
18448
18344
18368
18440
18504
18328
18408
18616
18744
18688
18648
18768
18816
18792
18776
18856
19016
18936
18832
18784
18840
18840
18632
18600
18688
18720
18432
18336
18408
18440
18240
18088
18200
18208
18072
17992
17992
18072
17904
17864
17912
18040
17976
17832
17792
17944
17968
17728
17728
17912
17992
17832
17736
17912
18032
17888
17792
17896
18024
17912
17800
17896
17992
17952
17840
17848
17992
17904
17816
17824
17968
18032
17824
17816
17984
18016
17800
17720
17960
18016
17776
17744
17848
17944
17856
17752
17800
17944
17864
17696
17776
17856
17816
17744
17752
17912
17888
17720
17704
17824
17904
17736
17728
17864
17896
17744
17656
17752
17856
17760
17672
17808
17936
17800
17584
17632
17832
17792
17640
17648
17848
17856
17664
17696
17760
17816
17648
17688
17744
17848
17704
17584
17736
17824
17728
17616
17760
17840
17768
17720
17784
18024
18008
17856
17856
18064
18184
18160
18152
18320
18360
18168
18112
18216
18296
18072
17904
17944
17912
17696
17536
17640
17696
17648
17496
17560
17640
17600
17472
17496
17600
17680
17488
17448
17584
17632
17496
17600
18072
18480
18632
18904
19008
18792
18624
18528
17928
16760
15536
14504
14344
14784
15360
15768
16224
16792
17184
17112
17264
17456
17528
17408
17376
17544
17648
17544
17456
17512
17720
17600
17504
17608
17672
17608
17568
17568
17696
17656
17576
17544
17688
17680
17608
17584
17704
17808
17656
17544
17696
17768
17688
17600
17824
17960
17776
17680
17816
17944
17920
17904
17936
18120
18120
18024
18040
18288
18368
18240
18240
18456
18544
18432
18384
18544
18600
18424
18368
18496
18560
18368
18232
18312
18368
18184
18040
18040
18128
18064
17792
17840
17928
17936
17696
17592
17736
17784
17584
17520
17568
17704
17512
17424
17592
17640
17568
17456
17480
17616
17496
17360
17448
17536
17576
17440
17512
17592
17632
17464
17400
17544
17664
17464
17424
17528
17632
17472
17432
17568
17712
17552
17480
17504
17608
17552
17456
17464
17648
17624
17464
17424
17576
17656
17488
17368
17496
17624
17504
17408
17536
17640
17464
17392
17448
17632
17552
17432
17440
17536
17552
17392
17448
17552
17576
17432
17416
17528
17656
17432
17424
17584
17616
17472
17352
17472
17624
17424
17304
17456
17552
17456
17352
17456
17600
17528
17344
17392
17552
17544
17432
17392
17568
17576
17392
17408
17608
17744
17640
17592
17784
17880
17664
17616
17864
18072
18024
17912
17992
18056
17968
17832
17872
17944
18008
17712
17568
17648
17560
17360
17272
17368
17488
17296
17208
17376
17432
17256
17184
17328
17480
17352
17216
17304
17536
17640
17856
18160
18576
18904
18728
18304
18384
18184
17248
15824
14904
14328
14104
14392
15248
15888
16120
16472
16872
17152
17160
17096
17256
17384
17336
17224
17264
17376
17400
17312
17264
17440
17480
17360
17264
17424
17488
17376
17296
17432
17592
17416
17232
17448
17560
17480
17392
17488
17640
17552
17424
17488
17672
17656
17504
17568
17720
17824
17728
17704
17840
17952
17808
17784
18016
18128
17992
17944
18120
18312
18208
18144
18304
18440
18392
18240
18280
18488
18408
18264
18192
18312
18320
18072
17968
18056
18016
17864
17712
17840
17912
17680
17584
17680
17784
17544
17424
17480
17576
17528
17416
17424
17536
17448
17280
17280
17424
17448
17304
17296
17408
17488
17336
17232
17352
17504
17352
17248
17384
17496
17416
17352
17376
17512
17512
17352
17344
17536
17536
17336
17360
17496
17592
17416
17256
17464
17544
17416
17304
17448
17536
17472
17304
17424
17536
17456
17336
17440
17512
17480
17336
17272
17496
17496
17328
17232
17464
17576
17360
17280
17448
17520
17304
17240
17440
17496
17392
17248
17424
17496
17360
17344
17392
17528
17432
17232
17296
17448
17488
17320
17280
17432
17480
17272
17264
17464
17528
17328
17272
17424
17496
17360
17216
17336
17512
17424
17312
17384
17648
17608
17520
17528
17712
17680
17608
17640
17960
18096
17888
17824
17952
17952
17736
17680
17800
17920
17672
17456
17440
17472
17376
17256
17280
17336
17216
17056
17184
17312
17280
17160
17144
17328
17368
17200
17120
17280
17616
17776
17952
18360
18728
18504
17968
18112
18040
17152
15872
14856
14320
14112
14440
15056
15712
16152
16360
16592
16896
17152
17056
17008
17080
17272
17208
17112
17232
17384
17280
17192
17360
17464
17312
17192
17240
17464
17392
17280
17328
17440
17432
17312
17272
17488
17504
17304
17312
17456
17536
17392
17272
17552
17696
17568
17408
17552
17680
17624
17560
17640
17824
17832
17720
17776
17968
18032
17896
17952
18104
18256
18168
18136
18248
18352
18240
18160
18280
18416
18224
18104
18256
18296
18128
17960
17936
18000
17976
17808
17728
17736
17736
17504
17424
17520
17568
17408
17304
17408
17512
17336
17192
17320
17392
17216
17184
17280
17344
17232
17120
17232
17376
17280
17160
17168
17376
17368
17248
17136
17336
17440
17280
17224
17344
17432
17224
17184
17344
17456
17344
17264
17376
17448
17432
17240
17280
17400
17400
17280
17312
17456
17456
17264
17224
17320
17440
17280
17216
17400
17472
17280
17168
17320
17456
17344
17240
17320
17416
17352
17208
17288
17408
17384
17272
17216
17432
17400
17240
17200
17384
17472
17312
17256
17400
17472
17344
17216
17320
17440
17344
17208
17312
17496
17320
17232
17296
17368
17392
17248
17256
17384
17432
17248
17184
17416
17520
17408
17336
17552
17688
17584
17512
17624
17760
17672
17648
17832
18064
17928
17832
17824
17952
17840
17728
17744
17816
17752
17512
17368
17440
17432
17232
17144
17304
17376
17200
17056
17232
17256
17184
17040
17208
17384
17312
17128
17256
17672
17984
18048
18408
18896
18824
18264
18312
18136
17224
15816
14632
14208
14312
14600
15136
15776
16288
16552
16720
16912
17152
17184
17064
17248
17384
17320
17184
17160
17304
17368
17256
17240
17424
17448
17304
17224
17376
17448
17304
17272
17400
17464
17376
17288
17384
17464
17416
17352
17392
17544
17536
17416
17408
17600
17608
17520
17480
17656
17792
17624
17568
17776
17872
17800
17744
17992
18120
18000
17952
18048
18272
18256
18168
18224
18392
18344
18240
18200
18360
18368
18184
18104
18176
18200
17952
17816
17920
17944
17752
17648
17680
17808
17648
17456
17536
17600
17480
17360
17416
17528
17464
17320
17288
17416
17440
17248
17208
17432
17520
17272
17224
17344
17408
17256
17168
17392
17464
17352
17208
17304
17472
17392
17256
17336
17448
17464
17328
17312
17424
17464
17280
17200
17416
17544
17344
17248
17376
17472
17312
17312
17416
17552
17360
17288
17344
17448
17400
17304
17328
17472
17408
17320
17328
17488
17448
17304
17240
17408
17440
17312
17248
17400
17488
17320
17200
17336
17456
17336
17224
17344
17424
17368
17256
17280
17432
17408
17264
17240
17376
17432
17240
17232
17400
17464
17280
17232
17352
17440
17296
17200
17352
17424
17336
17192
17336
17448
17432
17344
17480
17608
17608
17464
17480
17624
17760
17728
17776
17888
17944
17792
17736
17752
17920
17720
17616
17720
17656
17416
17216
17264
17352
17296
17104
17072
17232
17184
17104
17096
17200
17248
17040
16968
17200
17312
17096
17128
17536
18016
18176
18344
18720
18576
18160
17968
17752
16808
15464
14296
13928
14088
14608
15112
15600
16200
16640
16680
16800
16992
17168
17048
17024
17176
17336
17144
17008
17192
17304
17176
17080
17176
17304
17256
17120
17200
17320
17224
17080
17136
17216
17344
17208
17104
17312
17352
17264
17200
17328
17440
17344
17208
17416
17480
17424
17344
17456
17576
17608
17464
17536
17768
17728
17632
17688
17856
18000
17904
17856
18032
18120
18072
18008
18184
18256
18096
18040
18176
18240
18072
17904
17936
17968
17848
17712
17720
17792
17680
17480
17440
17504
17488
17320
17288
17392
17424
17248
17088
17232
17296
17144
17080
17208
17304
17144
17000
17112
17256
17208
17024
17056
17216
17192
16968
16960
17168
17248
17072
17048
17208
17256
17056
17072
17232
17304
17168
17080
17216
17320
17184
17064
17176
17280
17224
17104
17088
17272
17280
17112
17144
17240
17264
17112
17040
17216
17304
17096
17112
17224
17296
17088
16984
17144
17288
17184
17056
17144
17264
17136
17000
17096
17240
17192
17064
17056
17216
17240
17072
17024
17184
17296
17128
16992
17136
17208
17104
16960
17112
17248
17200
17000
17072
17184
17144
17064
17072
17248
17256
17064
17056
17152
17256
17072
17000
17176
17248
17088
17032
17152
17232
17032
17016
17224
17424
17360
17304
17328
17504
17320
17232
17416
17680
17752
17568
17552
17704
17728
17512
17432
17560
17672
17392
17152
17200
17232
17032
16896
16968
17064
16968
16832
16936
17032
16936
16816
16848
17016
17024
16856
16864
17024
17248
17416
17584
18008
18384
18288
17864
17808
17784
17056
15688
14720
14032
13672
13752
14544
15208
15600
15888
16288
16608
16688
16664
16712
16944
16936
16776
16736
16904
17032
16880
16776
16976
17096
16936
16840
16960
17136
16968
16872
16912
17048
17040
16872
16952
17144
17088
17008
16968
17144
17160
17016
16992
17112
17256
17064
17016
17200
17352
17248
17152
17232
17464
17392
17320
17448
17616
17624
17536
17560
17776
17856
17720
17728
17880
17968
17848
17808
17936
18000
17832
17752
17880
17936
17696
17520
17632
17688
17528
17336
17376
17448
17312
17144
17176
17256
17200
17016
16960
17160
17120
16952
16896
16984
17128
16928
16840
16992
17040
16912
16824
16968
17104
16960
16864
16936
17000
16968
16888
16912
16968
17016
16848
16840
16992
17104
16936
16856
17048
17112
16880
16864
17024
17112
17016
16896
16984
17112
17000
16856
16944
17040
17008
16912
16944
17032
17056
16880
16864
17032
17104
16904
16816
17032
17096
16904
16832
17040
17056
16888
16848
16984
17112
16992
16840
16920
16976
16960
16856
16904
17048
17096
16864
16816
16992
17064
16856
16800
17024
17056
16888
16864
17000
17048
16888
16816
17000
17080
16952
16816
16880
17024
17032
16888
16896
16968
17016
16864
16784
16968
17056
16888
16784
17056
17224
17064
16976
17224
17312
17152
16952
17184
17448
17480
17352
17400
17520
17392
17256
17328
17448
17368
17200
17064
17160
17080
16832
16784
16896
16952
16736
16736
16736
16808
16672
16624
16776
16928
16792
16672
16736
16840
16880
17040
17384
17808
18032
18200
17960
17840
17912
17392
16272
15312
14344
13656
13568
14128
14840
15200
15544
16064
16416
16504
16520
16648
16760
16760
16664
16688
16848
16872
16736
16744
16936
16976
16872
16800
16936
17048
16864
16720
16880
17032
16928
16784
16912
17032
16968
16832
16912
17048
17000
16856
16888
17104
17120
17016
16944
17144
17240
17064
17008
17216
17392
17312
17200
17280
17512
17464
17336
17464
17688
17608
17568
17672
17840
17888
17720
17696
17888
17944
17736
17664
17816
17880
17704
17576
17656
17656
17408
17232
17368
17464
17288
17160
17120
17176
17024
16904
16936
17096
16976
16848
16808
17032
16960
16792
16792
16864
16928
16824
16784
16888
16936
16776
16736
16808
16920
16880
16744
16880
16904
16808
16720
16800
16952
16960
16832
16848
16928
16928
16800
16768
16952
17048
16840
16768
16952
17056
16856
16744
16880
17016
16912
16728
16936
17032
16992
16776
16840
17000
16952
16848
16808
17008
16936
16768
16816
17000
17096
16920
16776
16928
16992
16848
16784
16960
17088
16992
16808
16832
16960
16896
16760
16888
16912
16872
16824
16808
16928
17000
16752
16696
16824
16936
16864
16792
16936
17008
16840
16800
16920
17016
16856
16736
16888
17000
16792
16736
16912
17080
17088
16952
17032
17192
17336
17112
17048
17224
17376
17320
17376
17528
17624
17456
17320
17336
17496
17344
17208
17248
17280
17160
16928
16848
16920
16776
16696
16744
16872
16864
16680
16656
16808
16856
16680
16568
16776
16936
16728
16688
17120
17576
17728
18024
18424
18336
18016
17936
17608
16600
15328
14128
13640
13824
14392
14816
15264
15856
16288
16304
16360
16704
16808
16736
16600
16680
16824
16736
16648
16792
16976
16944
16792
16792
16880
16880
16784
16872
17024
17016
16848
16760
16952
17008
16848
16800
16992
17120
16936
16816
16992
17112
17024
16912
17056
17216
17112
17096
17136
17216
17144
17096
17200
17432
17560
17368
17408
17544
17672
17536
17496
17704
17896
17808
17744
17888
17992
17880
17704
17824
17920
17832
17672
17664
17744
17680
17456
17432
17432
17448
17224
17128
17200
17272
17032
16944
17048
17144
16944
16848
17000
17088
16912
16752
16896
16952
16896
16744
16824
16912
16960
16744
16752
16920
16904
16800
16760
16912
16936
16824
16712
16904
17032
16848
16776
16928
17056
16912
16768
16816
16976
16960
16800
16888
17008
17024
16856
16872
17008
16984
16856
16760
16960
16968
16840
16744
16896
17040
16864
16696
16856
16992
16904
16776
16840
16920
16888
16712
16752
16944
16936
16784
16720
16872
16936
16752
16752
16920
16968
16816
16640
16784
16880
16752
16688
16792
16944
16824
16736
16744
16912
16848
16720
16768
16888
16792
16680
16704
16808
16856
16712
16648
16848
16904
16736
16680
16800
16888
16728
16616
16824
17024
17000
16888
17008
17088
17080
16848
16976
17288
17328
17200
17208
17320
17328
17120
17088
17216
17240
17048
16920
16880
16968
16688
16560
16736
16712
16616
16512
16592
16664
16592
16504
16552
16640
16616
16464
16544
16648
16744
16816
17152
17536
17960
18144
18016
17776
17800
17416
16416
15248
14240
13440
13312
13824
14632
15072
15248
15744
16184
16352
16328
16384
16608
16608
16480
16480
16600
16712
16544
16520
16728
16824
16608
16512
16624
16760
16600
16512
16600
16736
16688
16528
16600
16736
16808
16640
16656
16824
16896
16712
16720
16840
16872
16792
16744
16936
17064
16944
16824
16960
17144
17048
16936
17192
17352
17312
17216
17272
17520
17496
17368
17424
17672
17720
17592
17480
17624
17768
17576
17496
17616
17664
17480
17304
17400
17440
17248
17072
17128
17224
17120
16936
16920
16992
16896
16728
16696
16880
16912
16704
16616
16752
16824
16648
16568
16680
16752
16624
16528
16680
16784
16616
16568
16608
16784
16656
16512
16592
16744
16760
16536
16520
16640
16744
16600
16608
16760
16848
16672
16544
16648
16792
16656
16640
16728
16824
16720
16584
16640
16800
16704
16568
16616
16776
16736
16552
16568
16664
16696
16560
16544
16680
16784
16592
16544
16656
16744
16624
16520
16600
16760
16624
16520
16608
16696
16584
16552
16600
16672
16664
16528
16544
16712
16688
16528
16456
16624
16744
16512
16440
16568
16728
16624