4
6
2
-1
1
3
0
-2
-3
1
0
-6
-6
-1
-2
-3
-5
-1
-2
-3
-5
-1
-4
-8
-10
-2
-3
-6
-6
-5
-2
-6
-8
-6
-4
-7
-8
-7
-3
-5
-8
-8
-3
-4
-6
-9
-7
-2
-4
-7
-2
0
-4
-9
0
9
5
4
8
19
25
21
17
27
35
37
34
33
28
20
21
25
20
9
3
11
5
-3
-6
-5
-3
-9
-10
-9
-6
-7
-7
-7
-4
-7
-12
-11
7
34
83
160
260
356
412
353
148
-36
-111
-143
-145
-124
-104
-85
-57
-31
-19
-15
-11
-2
0
0
-1
3
7
5
5
9
13
13
10
14
16
17
18
20
23
22
20
23
29
31
29
30
34
32
34
39
44
48
49
52
59
65
67
71
81
90
93
101
115
127
134
142
155
166
174
177
187
199
205
206
204
207
200
187
169
159
145
124
107
91
81
67
55
47
43
34
27
24
25
21
15
15
17
17
15
12
16
14
13
10
14
17
15
12
12
15
14
12
14
19
17
14
15
19
17
13
14
19
19
15
15
20
19
19
16
21
21
17
17
18
22
19
18
16
21
17
14
13
15
14
14
13
15
15
14
12
13
15
13
11
13
14
11
10
13
14
12
9
12
13
8
7
6
11
10
4
3
9
10
4
5
11
13
8
5
10
12
8
4
9
14
8
6
5
10
10
7
8
12
12
8
6
11
12
8
5
9
13
12
9
11
12
12
14
20
23
20
18
25
41
42
37
38
47
52
53
48
46
39
37
39
38
29
20
18
22
19
12
8
9
10
8
5
7
13
9
6
5
9
6
2
12
41
87
155
247
346
422
391
205
0
-80
-119
-132
-114
-91
-70
-48
-22
-6
-3
-4
8
15
15
17
18
24
24
24
23
26
30
28
28
32
36
31
30
34
39
37
33
36
44
42
40
42
49
51
50
54
60
65
64
67
75
83
84
90
98
109
115
122
132
146
154
162
173
184
192
198
206
215
219
220
217
216
209
193
179
165
146
125
108
96
86
70
60
56
50
40
37
31
31
24
22
23
28
22
16
16
21
21
19
15
20
22
17
15
19
22
20
17
15
21
20
14
17
21
19
17
19
22
21
17
16
21
23
20
19
19
19
17
14
16
18
14
15
15
17
14
13
12
15
13
11
9
14
12
7
8
9
7
3
3
6
9
6
3
6
9
5
-1
-1
6
7
2
1
5
5
4
2
4
6
3
0
2
5
0
-3
0
1
-2
-2
-2
-1
-1
-5
-3
-1
-2
-4
-1
0
-2
-4
-5
4
5
2
2
11
23
22
16
19
29
34
32
30
27
21
17
22
25
15
4
3
5
-2
-7
-14
-9
-6
-11
-14
-9
-6
-7
-11
-10
-9
-17
-18
-6
21
65
135
231
331
402
369
188
-17
-93
-124
-125
-102
-98
-87
-71
-49
-31
-23
-21
-12
-4
-7
-6
-1
4
0
-2
2
7
7
5
6
14
12
12
9
15
19
15
15
21
25
22
21
25
31
31
31
33
41
42
44
48
56
63
63
67
77
86
91
99
112
123
131
138
150
162
168
172
181
195
195
196
197
197
186
173
158
146
128
106
92
81
69
53
42
40
36
28
20
20
19
14
9
11
15
11
7
5
9
12
10
6
13
13
10
8
10
14
11
9
14
14
10
9
12
13
11
9
12
13
12
11
12
15
11
7
8
13
10
7
7
11
12
6
5
10
11
6
5
7
9
6
3
3
7
1
-1
4
7
4
-1
-3
1
3
0
-1
4
4
-1
-3
-2
1
-3
-3
-1
2
-2
-4
-4
-3
-2
-4
-4
-1
-2
-7
-7
-2
-5
-8
-3
-1
-2
-3
-5
3
9
5
4
8
18
24
21
22
29
34
32
34
33
23
13
19
25
18
8
4
11
10
-1
-7
-4
-3
-10
-12
-8
-5
-8
-10
-10
-6
-9
-14
-7
13
49
108
192
292
386
420
308
77
-65
-131
-159
-154
-130
-110
-85
-54
-31
-23
-20
-13
-7
-7
-6
-3
2
1
-1
2
6
8
4
6
10
14
10
8
13
15
14
13
17
22
19
17
20
25
24
26
29
33
38
38
40
47
54
57
62
70
78
85
94
105
116
125
135
145
159
166
173
182
192
195
195
200
201
193
181
167
153
136
114
97
84
70
55
42
36
31
21
13
11
11
6
2
0
4
0
-4
-5
-1
-3
-4
-6
-4
-3
-7
-10
-10
-8
-3
-4
-5
-3
-5
-7
-5
-4
-5
-7
-7
-4
-5
-6
-7
-3
-4
-5
-6
-2
-4
-8
-9
-8
-8
-10
-12
-7
-6
-8
-9
-8
-5
-7
-14
-13
-7
-8
-12
-12
-8
-9
-14
-18
-13
-13
-17
-18
-16
-12
-16
-17
-17
-14
-16
-18
-18
-15
-16
-17
-16
-14
-17
-20
-18
-13
-16
-19
-20
-16
-17
-18
-18
-16
-15
-19
-18
-13
-5
-10
-10
-6
4
12
4
3
12
20
19
18
18
10
1
1
6
3
-9
-13
-8
-8
-18
-23
-22
-20
-24
-27
-25
-22
-26
-28
-28
-26
-28
-32
-30
-12
18
72
152
253
348
393
306
86
-73
-138
-168
-167
-147
-126
-102
-72
-50
-43
-37
-31
-23
-21
-21
-20
-15
-13
-14
-12
-9
-6
-7
-9
-3
1
-2
-7
1
5
3
2
2
7
7
8
8
13
12
10
13
19
24
25
28
35
43
47
51
61
71
79
85
97
109
114
122
134
148
151
161
168
178
183
183
186
189
184
167
155
141
124
102
84
73
60
45
31
25
21
11
3
-3
-1
-4
-7
-12
-10
-12
-15
-16
-12
-11
-15
-15
-13
-12
-15
-17
-16
-14
-15
-18
-14
-11
-14
-13
-14
-12
-14
-16
-17
-11
-13
-16
-19
-14
-14
-18
-19
-17
-16
-21
-22
-22
-19
-25
-28
-24
-23
-25
-28
-27
-22
-24
-30
-28
-23
-22
-26
-28
-22
-22
-25
-24
-22
-20
-21
-23
-21
-17
-19
-21
-21
-16
-20
-25
-24
-19
-18
-24
-24
-22
-24
-27
-29
-24
-24
-26
-30
-30
-28
-31
-33
-32
-30
-35
-37
-35
-30
-32
-34
-32
-28
-27
-29
-26
-23
-22
-27
-29
-27
-18
-19
-17
-13
-4
3
1
-2
4
8
12
11
9
1
-3
-3
4
-2
-14
-20
-14
-17
-25
-27
-28
-27
-30
-32
-30
-29
-31
-36
-30
-28
-35
-38
-31
-14
13
70
149
253
344
383
294
73
-80
-147
-171
-167
-148
-128
-108
-77
-56
-49
-47
-40
-32
-34
-34
-33
-28
-31
-34
-33
-30
-29
-33
-33
-27
-22
-23
-24
-18
-14
-16
-14
-10
-6
-4
-6
-1
4
4
2
5
16
16
15
20
28
32
36
41
49
54
58
68
83
92
98
108
120
131
134
144
152
160
161
163
168
172
163
155
141
128
111
92
69
60
44
27
12
6
-1
-12
-22
-29
-30
-38
-50
-57
-63
-59
-54
-45
-39
-39
-38
-38
-28
-25
-27
-25
-19
-20
-23
-22
-20
-18
-21
-20
-18
-14
-17
-19
-17
-15
-18
-23
-22
-18
-19
-25
-24
-18
-18
-23
-24
-21
-24
-26
-28
-28
-24
-26
-30
-31
-28
-31
-35
-39
-35
-36
-38
-40
-38
-39
-42
-44
-42
-43
-46
-50
-47
-45
-47
-48
-47
-45
-47
-48
-49
-45
-47
-50
-52
-49
-54
-59
-58
-51
-47
-48
-47
-40
-37
-42
-43
-39
-36
-37
-38
-34
-31
-30
-25
-15
-12
-21
-15
-9
0
-7
-12
-20
-19
-14
-18
-28
-32
-32
-38
-45
-45
-43
-47
-52
-49
-46
-48
-49
-48
-43
-46
-50
-55
-53
-43
-18
28
100
188
285
357
339
169
-54
-135
-154
-153
-140
-137
-121
-102
-93
-78
-63
-54
-51
-51
-48
-42
-41
-40
-41
-35
-32
-33
-35
-30
-26
-28
-28
-24
-19
-21
-23
-18
-15
-18
-16
-15
-9
-9
-10
-6
-4
-1
2
4
12
14
16
21
30
35
39
46
58
69
75
82
96
108
116
123
134
143
150
151
159
168
167
158
151
144
130
110
90
80
67
48
33
25
17
8
-1
-6
-6
-11
-16
-18
-15
-18
-21
-23
-20
-22
-24
-24
-20
-21
-23
-23
-21
-22
-23
-25
-21
-18
-21
-23
-19
-15
-20
-22
-20
-15
-18
-21
-20
-15
-18
-22
-23
-19
-18
-23
-25
-20
-19
-23
-26
-23
-21
-24
-28
-28
-23
-27
-29
-30
-25
-27
-30
-32
-27
-26
-31
-32
-28
-27
-29
-31
-30
-28
-30
-33
-30
-25
-29
-31
-30
-26
-29
-30
-29
-23
-22
-23
-20
-15
-10
-3
2
-1
3
8
14
16
13
1
-7
-2
2
-4
-11
-15
-12
-16
-23
-30
-25
-29
-32
-35
-28
-30
-36
-38
-35
-31
-35
-40
-36
-22
4
52
127
228
319
389
349
150
-54
-135
-174
-182
-167
-146
-120
-86
-65
-52
-47
-40
-33
-31
-30
-24
-18
-23
-24
-20
-16
-17
-17
-12
-9
-10
-12
-9
-6
-5
-4
-5
0
0
-2
-3
4
7
7
8
11
17
17
20
25
33
35
38
46
50
58
63
72
85
94
101
109
123
132
139
147
158
164
170
174
179
180
171
160
151
139
116
97
82
70
51
35
27
22
12
1
-4
-5
-10
-16
-20
-16
-18
-23
-26
-24
-23
-26
-30
-29
-24
-27
-30
-31
-26
-28
-31
-30
-30
-29
-32
-34
-30
-30
-35
-38
-36
-34
-36
-39
-35
-33
-36
-37
-36
-33
-35
-37
-36
-31
-31
-33
-34
-33
-31
-33
-34
-31
-29
-34
-35
-33
-29
-34
-37
-34
-31
-35
-39
-36
-33
-37
-38
-37
-33
-34
-37
-40
-35
-35
-39
-40
-37
-37
-39
-39
-37
-33
-33
-35
-29
-26
-29
-29
-22
-9
-10
-16
-12
-1
-1
0
-6
-7
-13
-14
-13
-14
-20
-32
-31
-28
-33
-40
-44
-41
-40
-45
-49
-48
-41
-45
-48
-47
-43
-47
-50
-44
-18
26
93
182
280
365
350
183
-38
-129
-176
-194
-180
-154
-131
-107
-80
-62
-56
-53
-49
-42
-41
-41
-42
-36
-36
-36
-36
-33
-31
-33
-34
-32
-25
-28
-30
-27
-22
-23
-28
-20
-16
-18
-20
-16
-10
-10
-12
-9
-2
2
3
5
14
20
23
26
33
48
52
58
69
84
93
97
110
124
129
137
147
153
158
158
156
154
146
129
112
98
81
61
43
33
21
7
-4
-13
-16
-25
-32
-35
-34
-38
-42
-43
-40
-43
-51
-52
-44
-42
-46
-49
-44
-44
-50
-51
-48
-43
-47
-50
-48
-43
-47
-49
-49
-46
-46
-50
-51
-47
-47
-53
-51
-50
-47
-50
-53
-50
-45
-49
-51
-49
-48
-52
-56
-55
-49
-53
-57
-57
-52
-54
-58
-60
-55
-55
-59
-58
-54
-55
-60
-63
-58
-56
-53
-44
-50
-63
-67
-69
-65
-47
-33
-53
-61
-52
-53
-68
-76
-67
-64
-68
-67
-63
-57
-64
-69
-64
-62
-64
-67
-65
-63
-61
-69
-70
-58
-56
-61
-66
-57
-46
-45
-40
-36
-43
-44
-36
-24
-25
-34
-43
-44
-41
-43
-47
-51
-55
-56
-64
-69
-66
-70
-76
-74
-70
-69
-74
-81
-76
-74
-76
-78
-80
-75
-66
-43
7
88
181
277
346
295
85
-104
-176
-207
-217
-206
-181
-150
-130
-111
-97
-86
-84
-83
-81
-72
-66
-71
-76
-72
-69
-70
-68
-64
-59
-66
-66
-63
-58
-61
-59
-56
-54
-52
-53
-54
-52
-48
-51
-49
-42
-40
-38
-35
-28
-21
-25
-21
-17
-8
-3
4
11
23
31
36
45
59
75
81
88
100
109
112
114
122
126
124
118
112
101
83
61
45
33
12
-2
-18
-22
-35
-47
-52
-53
-58
-65
-65
-69
-71
-73
-74
-73
-74
-77
-81
-79
-76
-77
-84
-83
-74
-75
-78
-78
-76
-72
-78
-80
-77
-75
-81
-80
-80
-76
-81
-86
-79
-77
-82
-81
-80
-77
-77
-80
-80
-77
-81
-87
-85
-79
-81
-85
-84
-80
-84
-86
-86
-85
-84
-88
-90
-86
-85
-92
-93
-89
-85
-90
-91
-88
-85
-88
-93
-94
-86
-90
-93
-95
-91
-88
-96
-100
-93
-92
-96
-100
-94
-89
-92
-94
-96
-92
-93
-97
-96
-90
-94
-94
-91
-87
-88
-89
-82
-69
-71
-77
-73
-61
-55
-59
-64
-66
-66
-69
-70
-75
-80
-88
-91
-95
-93
-99
-103
-103
-100
-99
-102
-104
-99
-99
-105
-105
-103
-106
-107
-96
-63
-3
70
167
263
318
245
29
-146
-199
-220
-217
-201
-188
-169
-155
-139
-121
-113
-111
-106
-98
-96
-98
-95
-93
-87
-93
-91
-87
-84
-86
-86
-85
-79
-82
-82
-82
-76
-74
-78
-78
-72
-71
-73
-73
-64
-61
-66
-66
-56
-48
-51
-48
-42
-34
-32
-28
-19
-6
2
6
16
29
40
48
57
68
80
85
86
94
102
104
99
96
89
73
55
38
26
6
-11
-24
-33
-44
-54
-63
-65
-67
-80
-84
-81
-79
-85
-88
-88
-85
-87
-92
-88
-84
-90
-94
-92
-86
-89
-92
-92
-87
-87
-92
-91
-86
-86
-91
-90
-91
-89
-88
-91
-90
-89
-92
-90
-88
-85
-88
-91
-91
-89
-92
-96
-94
-87
-91
-93
-95
-93
-94
-96
-98
-95
-92
-97
-99
-95
-92
-100
-101
-100
-96
-97
-102
-100
-96
-98
-102
-101
-97
-98
-102
-103
-98
-101
-103
-102
-97
-98
-102
-105
-103
-101
-102
-100
-101
-97
-99
-103
-103
-101
-101
-103
-100
-97
-94
-93
-93
-89
-88
-84
-73
-71
-75
-75
-66
-59
-54
-65
-73
-74
-68
-70
-76
-83
-83
-82
-89
-96
-94
-95
-102
-105
-100
-96
-98
-99
-96
-95
-99
-103
-104
-96
-88
-66
-15
65
159
253
325
291
94
-112
-194
-231
-243
-230
-207
-180
-151
-131
-119
-108
-101
-102
-99
-95
-92
-94
-91
-88
-84
-88
-88
-85
-79
-80
-82
-80
-77
-73
-76
-78
-73
-68
-73
-72
-67
-64
-66
-67
-61
-55
-56
-56
-52
-41
-43
-41
-35
-23
-17
-14
-10
4
15
24
33
45
57
66
73
87
97
102
107
113
119
117
112
104
95
77
59
40
27
8
-8
-19
-27
-38
-49
-55
-56
-58
-68
-70
-69
-65
-72
-77
-77
-70
-75
-81
-80
-74
-77
-82
-82
-74
-74
-80
-83
-76
-75
-79
-82
-80
-77
-83
-83
-81
-78
-80
-84
-82
-80
-82
-85
-84
-81
-82
-85
-85
-81
-83
-86
-85
-81
-82
-87
-90
-84
-84
-88
-91
-89
-87
-90
-93
-93
-87
-89
-93
-93
-90
-94
-99
-99
-95
-96
-99
-101
-93
-87
-92
-98
-89
-89
-93
-92
-92
-87
-90
-92
-91
-85
-88
-91
-90
-85
-86
-90
-91
-86
-83
-83
-84
-78
-79
-75
-66
-60
-67
-68
-56
-50
-45
-54
-62
-67
-61
-60
-67
-74
-75
-78
-82
-87
-86
-86
-92
-92
-89
-89
-94
-94
-88
-88
-89
-94
-95
-94
-88
-69
-31
41
131
226
310
321
177
-56
-165
-211
-231
-228
-206
-178
-149
-126
-113
-105
-93
-91
-89
-87
-82
-84
-84
-81
-75
-77
-78
-77
-71
-70
-72
-72
-65
-64
-69
-69
-61
-59
-62
-63
-59
-54
-57
-59
-52
-45
-44
-43
-40
-33
-32
-30
-26
-13
-6
-5
1
14
24
34
41
55
70
76
83
95
107
112
117
124
129
129
122
116
109
94
73
55
42
24
6
-8
-16
-27
-38
-45
-48
-52
-59
-63
-63
-61
-68
-71
-68
-67
-71
-74
-70
-68
-70
-73
-73
-69
-70
-74
-75
-68
-66
-71
-71
-67
-65
-69
-72
-71
-68
-71
-73
-72
-63
-66
-72
-71
-68
-66
-69
-71
-67
-68
-71
-72
-68
-71
-71
-72
-70
-68
-73
-74
-73
-66
-73
-74
-73
-67
-70
-75
-73
-71
-73
-77
-77
-70
-71
-75
-76
-70
-69
-73
-75
-71
-70
-73
-75
-72
-69
-74
-76
-73
-66
-69
-71
-71
-66
-69
-72
-72
-70
-70
-69
-63
-60
-58
-59
-57
-44
-41
-44
-44
-36
-29
-28
-35
-39
-42
-43
-43
-47
-49
-57
-62
-61
-63
-61
-72
-71
-67
-66
-71
-73
-69
-68
-73
-74
-70
-68
-73
-64
-43
4
69
155
251
337
324
156
-65
-152
-190
-207
-193
-178
-152
-128
-109
-89
-79
-77
-72
-72
-68
-66
-64
-63
-57
-59
-61
-61
-54
-54
-54
-53
-49
-47
-48
-49
-41
-37
-42
-46
-41
-35
-38
-41
-36
-25
-25
-26
-25
-17
-14
-13
-11
0
6
9
13
24
35
41
48
62
78
84
94
102
115
121
128
135
145
146
146
143
140
128
113
94
83
65
48
31
21
8
-3
-14
-17
-22
-31
-35
-35
-36
-42
-44
-42
-40
-43
-47
-47
-43
-44
-46
-46
-44
-43
-47
-49
-44
-40
-44
-46
-43
-39
-42
-44
-42
-36
-38
-42
-43
-38
-38
-42
-39
-36
-35
-38
-40
-36
-39
-40
-42
-39
-38
-42
-42
-38
-40
-41
-40
-41
-40
-44
-45
-42
-38
-40
-42
-45
-40
-41
-44
-44
-41
-38
-41
-44
-41
-38
-42
-45
-41
-37
-40
-44
-37
-31
-35
-37
-33
-16
-11
-16
-19
-8
-1
0
-3
-6
-10
-15
-11
-11
-15
-26
-29
-26
-31
-37
-42
-41
-38
-42
-43
-43
-38
-40
-44
-42
-40
-43
-48
-43
-22
11
63
139
241
333
373
289
70
-88
-144
-167
-159
-139
-129
-113
-91
-67
-55
-52
-50
-39
-35
-38
-37
-32
-29
-29
-31
-28
-21
-25
-27
-23
-17
-18
-20
-17
-14
-12
-15
-14
-9
-9
-9
-6
0
0
0
0
9
11
13
18
22
29
29
34
41
52
56
64
74
88
95
102
115
128
136
140
149
162
166
167
167
173
167
153
136
126
112
91
73
59
48
35
21
12
8
1
-7
-13
-12
-11
-20
-23
-17
-17
-23
-25
-22
-21
-26
-27
-23
-21
-27
-25
-20
-20
-24
-25
-24
-20
-25
-26
-25
-23
-24
-27
-25
-19
-21
-24
-25
-21
-19
-23
-27
-22
-21
-26
-26
-25
-22
-26
-27
-27
-23
-24
-30
-29
-26
-26
-29
-30
-29
-25
-29
-31
-29
-24
-28
-31
-29
-27
-31
-34
-31
-27
-30
-33
-33
-25
-29
-33
-35
-30
-30
-33
-32
-29
-29
-34
-34
-31
-30
-33
-37
-30
-24
-27
-26
-23
-20
-23
-15
-6
1
-7
-5
1
9
7
-1
-8
-10
-4
-5
-11
-17
-20
-20
-25
-29
-30
-34
-36
-34
-31
-34
-36
-36
-32
-36
-38
-38
-35
-38
-29
-2
51
128
221
315
386
346
141
-60
-134
-169
-185
-171
-143
-115
-87
-68
-54
-41
-40
-37
-35
-28
-26
-26
-27
-22
-19
-22
-20
-19
-13
-15
-16
-14
-11
-13
-11
-10
-8
-5
-8
-8
-1
2
1
4
8
10
10
11
19
22
22
27
35
40
43
52
60
71
79
89
97
111
121
127
138
152
157
161
170
179
184
179
170
169
157
136
115
102
88
66
53
40
34
22
11
5
4
-1
-8
-9
-8
-10
-14
-17
-15
-13
-18
-19
-16
-15
-17
-18
-15
-13
-17
-18
-13
-12
-15
-14
-16
-11
-12
-12
-15
-13
-12
-17
-17
-11
-10
-14
-16
-12
-9
-13
-16
-13
-10
-15
-16
-11
-10
-12
-16
-18
-14
-14
-18
-18
-13
-11
-14
-14
-14
-13
-17
-15
-15
-12
-14
-13
-12
-10
-10
-12
-10
-5
-10
-12
-11
-6
-4
-7
-7
-4
-3
-7
-8
-2
0
-5
-5
-1
1
-4
-3
1
5
1
-3
-1
5
4
3
4
12
11
10
10
24
34
32
29
39
47
45
44
42
39
31
31
33
32
26
15
17
19
11
7
8
10
7
6
6
10
10
8
6
9
9
2
3
19
46
91
163
261
361
425
375
177
-13
-88
-127
-135
-113
-91
-71
-43
-19
-5
-2
0
9
17
15
13
16
23
19
18
20
24
23
22
23
28
31
27
28
31
33
31
32
36
38
40
36
43
43
46
47
50
55
57
62
66
75
77
82
88
97
100
105
116
129
140
146
155
169
182
190
196
208
216
215
215
222
221
209
195
180
168
150
130
111
104
88
69
59
56
51
43
37
37
36
28
25
28
26
24
22
26
24
23
21
22
24
19
20
20
23
19
17
16
20
23
19
19
25
26
18
17
24
24
19
17
20
22
20
18
20
21
22
20
17
22
21
18
14
19
21
16
13
14
17
13
11
14
16
13
13
12
16
14
12
11
13
12
11
8
15
9
10
13
15
15
11
7
10
14
11
9
13
16
10
8
12
19
19
18
22
24
30
36
36
37
41
47
49
56
51
42
33
37
42
34
23
18
21
18
10
7
14
9
5
4
7
7
3
2
9
6
4
-1
1
10
31
72
143
229
325
404
399
244
16
-81
-113
-116
-101
-93
-75
-55
-36
-24
-11
-1
2
3
5
12
14
14
12
16
17
17
16
20
23
22
20
19
27
26
23
25
30
33
29
31
34
39
39
38
42
45
44
48
55
61
63
65
73
82
85
91
99
114
120
128
140
153
162
169
178
191
200
201
209
214
215
207
200
190
178
158
140
126
113
97
79
68
67
56
46
38
38
33
24
22
25
24
22
19
20
21
18
15
13
21
21
17
17
18
19
18
19
20
20
18
16
21
21
16
19
24
21
15
15
19
22
16
16
20
21
14
13
15
18
15
12
15
17
17
13
12
14
14
8
5
13
12
9
6
9
11
8
6
9
12
7
5
6
11
9
5
3
7
7
4
3
8
10
6
2
7
8
3
4
9
10
5
3
5
8
4
2
4
9
6
3
7
17
15
10
10
21
33
31
26
36
44
44
43
40
37
28
28
32
32
20
12
13
20
10
4
5
6
2
0
-2
2
4
2
1
2
4
0
0
9
31
70
135
229
333
410
405
247
22
-83
-133
-150
-133
-110
-88
-64
-32
-13
-10
-6
3
5
3
3
8
15
14
9
14
17
17
15
16
21
18
18
21
26
24
21
24
28
30
30
29
35
41
39
38
44
48
47
51
56
63
67
68
73
85
89
97
105
120
129
135
146
161
172
174
183
196
202
205
212
216
214
203
188
176
164
144
123
108
97
81
66
54
52
44
33
30
28
23
18
17
17
16
12
11
14
14
12
11
12
17
16
13
14
16
16
14
17
21
17
16
15
17
17
13
13
14
17
19
11
16
19
15
10
13
18
18
13
13
19
15
12
12
16
14
12
11
11
7
11
9
13
16
8
9
10
14
12
9
9
14
10
9
9
12
12
8
9
9
11
10
7
11
10
7
7
10
10
5
8
10
13
7
7
11
14
11
11
10
14
15
11
16
22
21
15
21
35
45
36
33
44
55
53
45
42
39
34
36
33
33
24
20
20
20
16
8
7
8
8
5
8
8
12
7
4
8
8
3
8
25
61
116
195
295
391
423
316
87
-47
-108
-134
-130
-106
-84
-66
-48
-20
-2
-2
1
9
14
13
9
14
21
16
13
12
15
17
19
20
25
26
26
30
32
35
34
38
40
43
41
38
41
43
48
46
47
53
56
58
61
69
72
77
83
94
100
106
115
128
139
145
155
168
179
184
192
200
210
210
208
213
211
200
185
170
156
139
116
100
90
77
62
48
42
39
32
26
24
26
20
15
13
13
11
10
10
11
11
9
7
9
8
7
6
10
10
8
7
8
9
8
6
12
9
7
7
9
13
9
10
9
13
10
7
9
11
11
7
6
10
8
3
4
8
11
6
1
5
7
3
2
2
3
4
3
1
4
2
-1
-2
0
2
-1
-1
0
3
-1
-3
-2
0
-2
-1
0
1
-3
-2
0
2
-1
-3
1
7
4
4
7
17
25
20
20
26
35
36
36
31
28
22
21
26
22
13
6
8
7
-1
-5
-5
-1
-4
-7
-11
-4
-2
-5
-9
-6
-8
-13
-14
0
34
88
163
258
354
406
334
119
-50
-113
-137
-134
-112
-99
-81
-61
-40
-28
-18
-19
-11
-5
-5
-2
0
4
1
2
2
8
9
4
8
13
12
10
14
18
19
14
16
20
20
22
23
24
29
26
30
33
40
41
42
47
54
58
60
67
76
83
88
98
111
122
130
140
153
161
165
172
182
190
192
194
193
191
180
165
151
139
120
101
85
73
59
49
38
32
24
15
11
11
7
5
0
1
3
-3
-3
0
0
-4
-1
-3
3
0
-3
-6
0
-2
-1
-4
-1
-1
-2
-5
-5
-2
-3
-4
0
-2
-5
-5
-3
-2
-6
-7
-6
-2
-7
-9
-5
-5
-7
-9
-8
-5
-9
-14
-12
-8
-9
-13
-12
-10
-11
-13
-17
-13
-10
-14
-16
-14
-13
-15
-16
-17
-15
-15
-16
-18
-18
-16
-18
-19
-17
-12
-17
-19
-16
-16
-18
-20
-17
-15
-15
-16
-17
-11
-11
-9
-8
-8
-5
4
12
11
10
13
21
23
24
15
9
9
13
10
3
-4
-5
-5
-9
-10
-11
-16
-20
-21
-17
-17
-19
-18
-14
-17
-19
-22
-23
-17
-6
24
81
165
260
352
407
329
104
-63
-129
-156
-162
-143
-117
-89
-61
-43
-32
-24
-21
-17
-15
-11
-8
-8
-7
-6
-1
-2
-2
-3
1
5
2
4
10
8
3
7
12
11
10
14
19
19
17
16
21
24
29
29
34
39
40
42
49
60
66
70
77
88
96
102
113
128
138
144
156
167
176
183
189
194
197
195
190
182
171
155
137
118
105
85
69
58
51
38
26
23
19
12
2
5
7
4
0
-3
-2
2
-1
-6
-3
-3
-7
-8
-4
-1
-4
-5
-7
-3
-1
-5
-7
-4
-1
-4
-6
-4
-2
-4
-5
-4
-1
-3
-5
-3
-1
-3
-3
-3
-2
-5
-6
-4
-3
-5
-9
-8
-6
-7
-11
-10
-6
-5
-8
-11
-8
-5
-8
-11
-10
-7
-10
-13
-8
-5
-12
-15
-16
-10
-11
-12
-14
-12
-11
-13
-16
-14
-10
-13
-15
-15
-10
-13
-15
-10
-13
-11
-12
-9
-8
-5
-6
-7
-3
-2
7
13
12
13
21
28
29
25
16
8
8
14
10
1
-5
-3
-6
-14
-15
-13
-14
-22
-21
-17
-21
-23
-24
-18
-18
-25
-27
-26
-18
-3
29
88
177
278
362
385
268
39
-89
-138
-153
-144
-133
-113
-87
-66
-51
-39
-27
-28
-27
-23
-19
-16
-17
-17
-17
-10
-11
-13
-13
-6
-8
-11
-11
-4
-4
-7
-5
1
1
-4
-2
4
7
7
5
10
14
16
16
20
25
28
31
36
45
48
50
58
73
81
89
100
115
127
130
139
150
159
163
166
177
180
175
169
161
149
131
111
95
80
59
45
30
22
12
2
-5
-6
-10
-18
-22
-20
-20
-26
-28
-27
-26
-30
-34
-30
-28
-32
-32
-32
-29
-32
-34
-35
-30
-30
-31
-34
-30
-29
-32
-35
-32
-29
-34
-35
-32
-29
-33
-33
-32
-26
-31
-35
-32
-30
-33
-33
-35
-35
-34
-36
-35
-33
-32
-38
-39
-37
-36
-38
-41
-40
-34
-39
-44
-39
-36
-41
-45
-37
-36
-39
-43
-42
-36
-38
-41
-43
-39
-38
-40
-41
-32
-31
-32
-32
-23
-8
-8
-14
-11
0
3
2
-4
-7
-13
-11
-8
-10
-21
-29
-28
-26
-32
-38
-39
-38
-40
-43
-42
-40
-40
-46
-45
-43
-39
-47
-54
-44
-15
18
77
164
267
353
364
231
0
-115
-168
-183
-164
-146
-128
-109
-88
-66
-57
-53
-50
-42
-39
-39
-39
-35
-33
-34
-35
-31
-25
-28
-29
-25
-24
-23
-24
-22
-21
-22
-20
-17
-11
-16
-15
-11
-5
-8
-7
-2
2
4
3
7
13
20
21
26
37
46
52
55
70
82
89
98
109
122
128
134
141
154
158
159
158
162
155
145
127
114
99
79
62
50
39
21
10
3
-1
-10
-15
-16
-18
-23
-27
-27
-26
-31
-31
-32
-29
-31
-32
-35
-32
-30
-36
-36
-33
-28
-34
-39
-33
-29
-33
-37
-32
-30
-34
-36
-33
-32
-32
-35
-36
-32
-31
-34
-39
-35
-35
-38
-39
-37
-35
-38
-39
-38
-36
-39
-41
-41
-37
-41
-43
-44
-41
-43
-46
-46
-40
-43
-47
-47
-43
-46
-46
-47
-45
-45
-48
-49
-48
-43
-49
-52
-47
-45
-50
-52
-50
-45
-49
-53
-51
-47
-48
-52
-49
-41
-41
-44
-43
-30
-20
-27
-30
-22
-12
-12
-15
-22
-25
-30
-30
-28
-32
-38
-45
-46
-44
-48
-52
-54
-52
-55
-56
-58
-59
-54
-60
-59
-58
-56
-63
-65
-54
-24
24
97
194
294
359
319
128
-71
-154
-200
-213
-190
-163
-142
-116
-89
-74
-70
-69
-64
-58
-55
-56
-55
-50
-50
-51
-50
-48
-45
-48
-47
-41
-42
-43
-42
-40
-37
-39
-38
-34
-32
-32
-33
-28
-25
-25
-22
-19
-15
-13
-10
-6
2
6
7
12
21
30
34
43
57
69
75
88
101
112
118
123
131
142
148
150
149
149
140
124
109
98
79
59
41
30
19
3
-8
-14
-19
-27
-33
-35
-36
-38
-45
-43
-45
-43
-46
-47
-44
-47
-49
-48
-46
-46
-51
-54
-49
-49
-50
-52
-48
-47
-51
-54
-49
-49
-52
-54
-53
-50
-51
-54
-51
-51
-54
-53
-57
-52
-51
-55
-56
-51
-50
-53
-58
-54
-53
-57
-59
-59
-55
-58
-59
-57
-58
-61
-62
-63
-63
-61
-63
-66
-60
-62
-65
-66
-65
-64
-66
-69
-65
-61
-65
-69
-67
-65
-70
-72
-68
-66
-67
-70
-70
-66
-66
-69
-71
-67
-67
-69
-73
-62
-58
-64
-67
-55
-42
-42
-49
-47
-33
-32
-34
-39
-40
-48
-48
-46
-48
-57
-65
-64
-59
-68
-71
-76
-74
-75
-76
-78
-76
-73
-79
-79
-78
-77
-81
-82
-71
-48
-9
58
149
249
325
310
148
-70
-161
-203
-215
-197
-182
-163
-142
-120
-100
-94
-92
-84
-76
-78
-78
-79
-69
-72
-74
-73
-69
-66
-68
-69
-67
-61
-65
-64
-61
-60
-62
-60
-59
-55
-56
-57
-54
-52
-51
-51
-50
-39
-39
-37
-33
-27
-24
-22
-16
-7
4
7
17
29
41
50
59
69
81
87
93
102
114
119
118
121
123
114
101
83
69
54
34
17
4
-8
-21
-36
-43
-49
-58
-65
-67
-67
-69
-76
-78
-79
-78
-80
-83
-80
-80
-82
-85
-84
-83
-84
-86
-83
-81
-84
-84
-82
-80
-86
-85
-83
-80
-82
-85
-83
-79
-78
-81
-84
-81
-82
-86
-86
-81
-81
-87
-90
-84
-81
-86
-90
-86
-85
-87
-88
-92
-89
-89
-93
-92
-87
-91
-92
-93
-93
-91
-94
-93
-90
-90
-93
-95
-94
-93
-95
-97
-94
-93
-97
-95
-94
-92
-95
-98
-95
-93
-90
-89
-91
-86
-81
-81
-72
-66
-70
-72
-64
-53
-52
-61
-70
-69
-68
-68
-72
-80
-79
-81
-87
-96
-91
-91
-97
-100
-97
-95
-95
-98
-95
-93
-96
-99
-101
-99
-91
-69
-14
57
144
241
317
294
117
-104
-186
-215
-220
-206
-196
-173
-155
-138
-122
-110
-104
-102
-97
-90
-85
-87
-88
-85
-80
-81
-83
-80
-76
-76
-77
-77
-72
-72
-74
-71
-69
-70
-68
-69
-65
-61
-62
-61
-58
-52
-53
-50
-45
-39
-38
-35
-29
-23
-18
-13
-6
6
14
21
32
40
51
60
71
83
93
97
104
113
117
113
108
106
97
81
61
43
32
13
-4
-16
-22
-33
-43
-51
-53
-58
-63
-70
-66
-69
-72
-72
-73
-69
-73
-77
-74
-72
-72
-73
-75
-72
-71
-72
-77
-74
-72
-73
-73
-71
-72
-74
-76
-75
-70
-74
-74
-71
-71
-75
-77
-77
-71
-76
-78
-78
-75
-75
-81
-80
-75
-77
-81
-83
-79
-80
-82
-83
-80
-79
-83
-87
-84
-80
-85
-88
-87
-85
-87
-88
-88
-84
-84
-86
-88
-86
-85
-88
-91
-89
-85
-88
-90
-88
-86
-91
-93
-85
-85
-86
-83
-79
-75
-82
-79
-72
-57
-61
-66
-62
-53
-52
-50
-58
-63
-66
-68
-70
-68
-70
-78
-82
-80
-84
-86
-92
-93
-92
-95
-93
-93
-90
-93
-94
-95
-92
-93
-95
-88
-64
-14
58
149
246
327
300
119
-97
-181
-230
-246
-230
-204
-179
-151
-128
-111
-106
-102
-97
-91
-88
-89
-88
-83
-80
-83
-82
-79
-78
-81
-80
-79
-73
-74
-76
-74
-69
-72
-74
-71
-64
-66
-69
-67
-62
-58
-58
-60
-54
-47
-44
-43
-37
-30
-27
-22
-16
-3
3
11
20
33
44
50
60
75
82
88
96
108
115
115
118
114
107
94
77
64
48
27
10
-4
-14
-28
-40
-47
-49
-59
-68
-70
-68
-71
-75
-78
-74
-75
-80
-80
-77
-76
-78
-80
-79
-74
-78
-81
-80
-75
-75
-79
-79
-75
-74
-77
-80
-73
-73
-79
-79
-74
-75
-80
-80
-78
-76
-79
-77
-75
-77
-81
-81
-79
-78
-81
-82
-82
-79
-82
-86
-85
-83
-82
-87
-86
-83
-84
-90
-88
-84
-82
-86
-89
-87
-84
-88
-87
-86
-85
-88
-87
-89
-82
-84
-86
-88
-86
-83
-89
-88
-85
-85
-86
-87
-88
-85
-87
-88
-87
-87
-85
-88
-89
-84
-86
-82
-78
-77
-79
-77
-72
-59
-58
-64
-62
-50
-46
-52
-56
-62
-61
-65
-66
-67
-69
-76
-80
-77
-79
-88
-93
-92
-88
-89
-90
-93
-88
-90
-91
-91
-89
-90
-92
-84
-63
-17
53
143
240
324
308
134
-81
-171
-216
-234
-221
-193
-174
-148
-121
-103
-97
-95
-92
-87
-81
-82
-84
-79
-76
-77
-79
-74
-70
-71
-74
-70
-67
-65
-70
-68
-63
-63
-66
-66
-61
-58
-60
-61
-53
-48
-50
-52
-49
-41
-40
-38
-36
-27
-20
-17
-13
-1
7
13
24
36
47
57
67
77
88
94
102
113
122
122
118
119
118
105
88
71
59
37
21
6
-4
-18
-31
-40
-44
-52
-61
-64
-61
-63
-71
-73
-70
-68
-75
-75
-76
-71
-74
-79
-84
-75
-75
-80
-80
-75
-77
-80
-82
-79
-79
-77
-80
-79
-77
-80
-81
-78
-77
-79
-82
-79
-77
-76
-79
-80
-78
-80
-83
-84
-80
-80
-82
-83
-84
-83
-87
-89
-83
-82
-90
-87
-83
-83
-89
-93
-90
-86
-89
-92
-90
-87
-90
-92
-95
-91
-91
-93
-94
-90
-89
-93
-95
-94
-90
-93
-95
-91
-88
-86
-88
-86
-84
-77
-66
-67
-70
-65
-61
-58
-53
-58
-65
-71
-65
-62
-72
-82
-79
-74
-86
-90
-96
-94
-98
-100
-98
-94
-95
-98
-101
-96
-96
-100
-106
-104
-95
-74
-35
38
126
222
300
301
159
-76
-178
-212
-216
-200
-193
-179
-159
-142
-127
-114
-104
-101
-100
-95
-92
-89
-88
-88
-85
-84
-84
-81
-79
-77
-80
-76
-73
-71
-76
-74
-71
-68
-71
-70
-66
-60
-60
-64
-58
-52
-50
-51
-47
-42
-38
-35
-31
-23
-15
-10
-4
2
13
23
32
43
56
64
70
81
91
100
105
112
117
119
114
109
99
86
68
51
37
22
5
-7
-17
-26
-39
-48
-51
-52
-59
-62
-63
-62
-65
-68
-69
-66
-66
-69
-71
-68
-65
-70
-71
-66
-65
-70
-69
-67
-64
-66
-68
-69
-66
-66
-66
-68
-65
-64
-66
-66
-64
-63
-64
-65
-68
-64
-65
-68
-66
-68
-67
-70
-67
-68
-69
-70
-69
-68
-72
-72
-70
-69
-71
-72
-73
-71
-70
-74
-71
-73
-72
-75
-73
-72
-70
-74
-76
-76
-71
-71
-75
-72
-69
-70
-73
-75
-70
-70
-71
-65
-61
-61
-62
-59
-44
-40
-45
-44
-36
-29
-33
-38
-42
-47
-47
-43
-47
-56
-60
-62
-62
-66
-70
-73
-75
-76
-77
-81
-74
-74
-73
-77
-76
-78
-79
-81
-75
-55
-12
54
139
239
329
337
190
-42
-152
-203
-226
-217
-193
-167
-143
-118
-95
-84
-85
-84
-78
-64
-69
-70
-69
-64
-64
-66
-66
-60
-59
-61
-62
-56
-56
-56
-55
-50
-48
-51
-52
-48
-48
-48
-45
-42
-36
-40
-38
-31
-25
-24
-20
-15
-9
-6
-2
7
15
24
29
39
53
64
73
82
93
104
110
119
129
136
136
136
134
133
120
107
89
73
56
39
23
10
0
-13
-22
-29
-32
-37
-45
-44
-47
-49
-49
-49
-51
-55
-55
-52
-51
-53
-54
-52
-51
-56
-56
-54
-53
-51
-55
-54
-51
-52
-53
-56
-56
-51
-52
-55
-54
-52
-53
-56
-55
-48
-51
-54
-55
-51
-50
-55
-57
-54
-54
-56
-57
-55
-53
-60
-56
-55
-55
-57
-57
-56
-57
-56
-60
-59
-58
-58
-61
-59
-57
-58
-62
-61
-61
-58
-60
-59
-56
-56
-63
-61
-59
-57
-62
-63
-59
-57
-59
-63
-61
-54
-53
-52
-49
-47
-47
-43
-35
-30
-31
-28
-25
-19
-19
-29
-33
-35
-30
-34
-40
-46
-48
-47
-51
-56
-55
-58
-63
-64
-59
-61
-64
-63
-63
-62
-64
-65
-65
-59
-49
-22
32
111
205
298
359
299
83
-97
-164
-197
-203
-189
-163
-137
-110
-91
-81
-70
-64
-63
-64
-57
-51
-57
-57
-55
-50
-49
-52
-51
-46
-47
-48
-47
-44
-42
-41
-42
-40
-39
-41
-40
-36
-33
-31
-29
-27
-26
-24
-22
-19
-13
-11
-8
2
8
10
17
27
34
44
51
64
77
87
95
105
116
126
131
137
146
151
148
142
136
126
107
88
71
59
42
25
8
1
-9
-18
-21
-27
-33
-40
-44
-47
-44
-49
-52
-52
-52
-54
-55
-53
-53
-54
-57
-54
-52
-58
-59
-59
-55
-55
-58
-55
-54
-52
-56
-56
-54
-49
-57
-57
-57
-56
-56
-57
-55
-53
-54
-58
-55
-56
-57
-59
-58
-56
-55
-59
-62
-60
-58
-64
-64
-64
-62
-66
-68
-71
-67
-66
-68
-69
-67
-68
-71
-71
-72
-73
-73
-74
-73
-74
-77
-78
-74
-74
-76
-77
-73
-71
-74
-73
-69
-68
-74
-69
-64
-52
-51
-57
-53
-42
-37
-37
-40
-44
-45
-51
-49
-48
-57
-65
-70
-68
-69
-75
-78
-79
-78
-82
-81
-81
-78
-77
-79
-82
-83
-84
-88
-86
-64
-25
33
116
215
302
331
224
-8
-141
-188
-202
-186
-171
-165
-148
-132
-112
-97
-93
-89
-85
-76
-75
-74
-69
-69
-74
-69
-66
-64
-66
-68
-58
-57
-59
-59
-57
-53
-54
-53
-56
-50
-49
-50
-49
-42
-41
-44
-38
-36
-30
-30
-27
-25
-15
-10
-8
0
9
16
22
34
43
51
62
72
85
95
102
109
118
122
124
126
127
126
112
98
85
68
51
34
22
10
-3
-16
-24
-27
-36
-44
-50
-49
-50
-55
-59
-54
-54
-58
-59
-56
-55
-57
-61
-61
-57
-58
-59
-58
-57
-60
-60
-57
-55
-57
-59
-56
-54
-55
-56
-55
-53
-54
-56
-57
-56
-54
-56
-57
-58
-53
-56
-58
-57
-56
-58
-62
-59
-55
-57
-61
-61
-58
-57
-62
-64
-58
-59
-60
-65
-61
-59
-63
-65
-64
-61
-65
-66
-65
-60
-61
-64
-68
-64
-64
-64
-65
-68
-63
-65
-68
-61
-61
-64
-67
-62
-57
-62
-59
-58
-53
-55
-51
-41
-32
-38
-41
-34
-25
-21
-31
-39
-43
-41
-40
-44
-49
-47
-52
-54
-56
-60
-65
-71
-70
-68
-69
-70
-70
-65
-67
-70
-74
-69
-73
-69
-52
-13
51
133
228
325
359
243
7
-131
-191
-219
-218
-195
-164
-140
-113
-92
-82
-78
-73
-70
-64
-64
-65
-62
-57
-57
-60
-60
-53
-51
-55
-54
-48
-44
-50
-48
-47
-41
-43
-46
-44
-38
-35
-38
-37
-30
-29
-27
-29
-20
-13
-14
-12
-3
4
6
10
17
31
38
45
53
65
80
88
97
111
118
125
134
144
146
146
147
144
136
117
99
85
74
52
34
24
15
-1
-13
-21
-20
-28
-35
-35
-34
-40
-47
-44
-41
-41
-42
-47
-44
-41
-35
-39
-44
-46
-46
-46
-44
-40
-41
-43
-41
-43
-39
-45
-46
-39
-43
-43
-42
-39
-42
-46
-48
-38
-37
-36
-40
-48
-45
-46
-44
-47
-45
-48
-36
-23
-35
-43
-50
-49
-46
-50
-49
-49
-44
-42
-47
-49
-43
-41
-49
-52
-40
-48
-48
-52
-43
-37
-44
-44
-53
-47
-44
-52
-55
-45
-49
-51
-45
-39
-44
-50
-55
-46
-42
-45
-42
-51
-44
-46
-52
-50
-46
-40
-49
-51
-37
-39
-40
-40
-43
-32
-35
-37
-34
-28
-21
-16
-13
-24
-21
-7
1
-5
-9
-19
-21
-15
-17
-18
-35
-46
-37
-31
-42
-43
-51
-48
-49
-46
-42
-48
-54
-49
-42
-58
-58
-49
-48
-25
10
63
148
241
322
349
238
17
-116
-165
-184
-173
-163
-144
-119
-92
-78
-68
-62
-54
-54
-55
-58
-40
-47
-49
-48
-35
-31
-39
-37
-35
-35
-45
-39
-30
-37
-34
-37
-33
-32
-28
-33
-25
-18
-22
-27
-24
-16
-16
-17
-11
-7
-4
1
1
12
17
27
28
47
54
62
65
81
102
100
110
123
137
138
142
146
151
153
148
140
128
109
91
69
53
42
22
11
7
-7
-17
-30
-29
-32
-39
-43
-41
-42
-47
-51
-49
-41
-49
-54
-50
-51
-54
-51
-55
-49
-51
-56
-57
-50
-48
-53
-58
-45
-40
-43
-47
-59
-48
-43
-46
-48
-42
-44
-46
-50
-47
-54
-56
-50
-46
-50
-52
-53
-48
-49
-51
-55
-54
-48
-53
-56
-53
-50
-54
-58
-55
-51
-54
-55
-57
-52
-54
-52
-55
-51
-52
-55
-58
-53
-46
-45
-46
-47
-43
-36
-28
-26
-30
-28
-18
-11
-10
-17
-29
-29
-19
-20
-29
-37
-36
-38
-45
-48
-49
-51
-56
-53
-49
-46
-50
-54
-53
-48
-48
-58
-63
-56
-41
-9
51
133
226
319
361
282
61
-105
-158
-169
-166
-148
-134
-113
-97
-84
-68
-55
-52
-50
-47
-40
-32
-34
-33
-32
-27
-26
-27
-35
-27
-21
-21
-22
-14
-11
-15
-16
-10
-6
-10
-11
-11
-4
-3
-4
2
10
9
7
12
20
20
24
27
37
47
48
55
65
75
83
90
106
119
128
131
139
153
160
162
167
174
170
160
153
142
127
109
91
76
66
47
31
23
19
6
1
-1
-5
-11
-13
-13
-16
-20
-18
-18
-17
-15
-22
-21
-18
-17
-20
-23
-18
-17
-21
-23
-18
-17
-20
-25
-25
-18
-18
-19
-18
-16
-18
-20
-21
-17
-15
-19
-20
-17
-20
-23
-23
-19
-20
-23
-24
-21
-18
-22
-23
-21
-20
-25
-28
-25
-24
-27
-23
-25
-23
-26
-26
-28
-24
-22
-27
-25
-24
-21
-28
-27
-23
-24
-26
-28
-27
-23
-21
-25
-20
-9
-12
-15
-5
12
12
4
2
17
23
17
12
4
3
1
1
4
1
-9
-9
-10
-12
-23
-21
-22
-22
-23
-25
-26
-23
-24
-27
-26
-24
-31
-27
-16
15
70
145
243
343
410
347
126
-64
-137
-183
-197
-173
-135
-107
-78
-54
-38
-30
-30
-23
-18
-16
-14
-20
-16
-11
-15
-12
-8
-7
-10
-10
-7
-3
-6
-7
-8
-2
3
0
-4
2
4
6
5
11
13
13
13
20
25
26
28
35
42
41
48
59
70
77
83
98
107
117
127
137
151
158
162
172
183
191
192
187
188
181
164
147
128
120
97
75
64
58
43
32
22
20
15
7
4
5
5
-1
-6
-3
-2
-3
-4
-1
-3
-5
-7
-3
-1
-1
-2
-4
0
-5
-3
-3
-1
-1
-2
-5
2
1
-4
-5
-2
-1
-6
-7
-5
-3
-5
-8
-3
-2
-6
-13
-7
-4
-4
-8
-14
-6
-6
-9
-9
-8
-9
-10
-10
-10
-10
-7
-8
-10
-5
-9
-11
-9
-8
-9
-11
-12
-8
-10
-9
-10
-8
-9
-10
-12
-7
-7
-7
-3
-1
-1
-1
5
21
25
12
12
28
37
34
26
19
18
21
16
10
12
8
4
-1
-1
-4
-8
-13
-12
-11
-11
-14
-13
-10
-11
-13
-13
-12
-12
-9
10
53
123
216
309
396
400
244
10
-96
-143
-168
-159
-128
-95
-67
-41
-24
-16
-16
-8
-5
2
3
-1
4
9
9
6
7
13
14
11
14
19
17
18
18
24
27
24
22
23
27
26
27
32
37
37
35
40
50
51
52
55
63
70
73
77
83
97
106
112
127
138
148
157
168
179
186
192
202
213
215
217
212
207
195
178
160
148
134
111
97
86
76
64
53
53
50
40
32
33
39
32
27
26
30
31
27
21
32
30
24
21
31
34
30
25
26
29
26
28
34
36
35
31
28
27
29
26
26
22
21
30
33
30
26
26
21
23
29
29
22
25
24
24
21
22
24
26
21
25
29
20
11
15
22
14
19
12
20
18
10
6
15
20
12
7
15
14
10
4
6
9
10
4
5
4
3
2
-1
0
-1
-2
-6
-10
-4
-4
-9
-7
-11
-7
-1
-3
-4
-3
4
15
14
8
10
19
30
24
17
14
10
9
7
3
-1
-2
-6
-6
-15
-20
-19
-18
-19
-19
-20
-18
-22
-20
-22
-24
-20
-22
-22
-17
10
59
122
210
308
384
354
180
-29
-105
-140
-155
-141
-118
-94
-75
-52
-33
-23
-25
-19
-17
-11
-4
-6
-7
-3
-6
-9
0
5
3
2
0
7
7
1
2
9
6
10
5
8
17
18
14
17
24
24
22
25
31
31
36
39
48
52
52
60
70
81
77
92
107
120
127
129
143
154
158
166
178
183
180
183
179
175
164
147
136
127
102
83
69
61
52
41
30
22
19
12
5
9
10
6
1
0
7
5
1
3
5
0
-3
-2
3
10
3
-1
2
9
3
2
0
1
8
2
0
3
1
5
0
7
7
4
5
6
4
4
2
2
1
1
2
1
-2
1
-2
0
1
-3
-3
-2
5
2
-1
-3
5
0
-4
-3
-1
-1
-3
-6
0
-1
-3
-10
-2
3
-6
-5
-4
-1
-4
-6
-6
-1
-5
-11
-9
-2
-4
-10
-4
-1
-5
1
2
4
6
8
19
26
23
22
30
40
44
32
24
18
22
18
18
16
10
5
6
0
-3
-1
-8
-5
-9
-6
-8
-16
-11
-6
-9
-14
-13
-12
-14
8
43
105
183
271
359
387
271
34
-85
-132
-166
-163
-137
-114
-84
-52
-38
-20
-13
-19
-20
-17
-11
-9
-13
-12
-3
-8
-9
-9
0
0
-3
-3
4
3
4
-1
-2
7
7
0
8
16
10
9
20
17
16
22
19
27
30
29
25
48
56
53
60
68
76
84
93
110
112
122
131
145
159
164
166
176
182
181
175
173
168
157
140
119
106
93
75
59
49
38
28
17
16
17
11
4
-5
-1
-7
-5
0
1
-2
-10
-7
-2
-3
-9
-8
-9
-5
-7
-11
-9
-1
-6
-6
-4
-1
-8
-14
-7
-4
-9
-9
-9
-12
-9
-8
-8
-4
-14
-14
-7
-7
-7
-12
-16
-12
-14
-18
-18
-17
-14
-15
-15
-16
-11
-19
-22
-20
-17
-19
-20
-24
-20
-18
-22
-21
-20
-21
-22
-23
-20
-22
-24
-25
-20
-16
-21
-24
-21
-17
-22
-26
-23
-14
-10
-12
-10
-4
-2
1
8
7
10
14
18
31
27
18
6
3
7
6
-4
-10
-14
-17
-26
-30
-25
-20
-25
-29
-23
-20
-23
-29
-21
-16
-23
-25
-22
-13
-1
31
94
182
271
345
350
207
-17
-111
-152
-166
-152
-132
-108
-81
-59
-43
-39
-31
-24
-23
-23
-20
-15
-17
-14
-11
-9
-10
-14
-12
-7
-8
-12
-11
-4
-1
-4
-4
0
-2
-3
-4
2
7
3
5
8
18
10
11
20
27
28
30
36
47
50
52
65
80
88
90
101
116
129
132
136
146
160
167
171
178
180
174
165
160
150
130
109
95
84
67
49
40
32
23
12
6
3
4
-3
-8
-7
-7
-13
-15
-15
-11
-13
-16
-14
-11
-12
-20
-19
-11
-10
-18
-18
-17
-15
-19
-20
-15
-11
-14
-20
-16
-5
-14
-21
-18
-15
-17
-21
-17
-10
-15
-22
-20
-16
-15
-21
-21
-23
-20
-22
-21
-21
-23
-25
-28
-21
-17
-25
-30
-26
-24
-26
-31
-32
-26
-28
-31
-29
-24
-22
-26
-27
-20
-9
-8
-5
-7
-4
2
7
14
11
0
-14
-8
-2
-8
-17
-22
-17
-25
-33
-38
-31
-33
-39
-39
-37
-35
-38
-40
-38
-35
-44
-53
-47
-30
-8
34
107
199
296
359
322
139
-65
-131
-152
-150
-129
-127
-113
-93
-79
-69
-57
-48
-41
-42
-44
-39
-33
-32
-36
-32
-27
-27
-31
-25
-22
-22
-24
-22
-19
-16
-19
-18
-14
-10
-15
-16
-11
-5
-5
-7
-5
5
1
1
9
16
16
21
27
30
35
45
53
63
70
77
87
101
110
115
121
132
143
143
148
156
159
147
137
127
113
99
79
65
55
41
24
13
7
0
-4
-9
-14
-17
-18
-22
-23
-19
-16
-27
-24
-17
-24
-28
-24
-16
-17
-29
-26
-31
-25
-26
-25
-18
-23
-27
-32
-26
-24
-24
-24
-23
-26
-30
-34
-32
-32
-31
-32
-33
-30
-33
-37
-41
-37
-40
-46
-45
-40
-42
-47
-45
-42
-42
-48
-51
-52
-47
-51
-57
-54
-50
-52
-57
-57
-50
-46
-49
-54
-47
-36
-33
-33
-31
-27
-26
-18
-15
-15
-31
-45
-35
-33
-33
-40
-47
-47
-50
-58
-65
-63
-69
-69
-69
-66
-67
-71
-72
-69
-66
-72
-77
-73
-65
-51
-12
57
143
243
326
332
184
-54
-164
-204
-216
-207
-188
-165
-135
-109
-89
-81
-73
-70
-71
-71
-61
-56
-60
-61
-57
-56
-54
-51
-52
-52
-51
-51
-48
-45
-46
-46
-45
-39
-43
-45
-39
-30
-34
-38
-35
-31
-24
-25
-28
-21
-15
-14
-13
-6
7
11
14
26
34
41
51
61
74
85
93
99
115
121
123
129
133
135
131
123
111
101
83
65
44
32
19
4
-7
-11
-18
-27
-35
-36
-45
-46
-46
-43
-45
-47
-46
-47
-44
-48
-48
-47
-43
-47
-46
-44
-41
-47
-44
-42
-39
-41
-45
-42
-42
-40
-43
-51
-47
-43
-40
-46
-47
-42
-42
-51
-48
-43
-46
-54
-51
-46
-50
-50
-51
-48
-50
-47
-52
-49
-45
-50
-50
-45
-47
-49
-46
-44
-45
-47
-48
-46
-44
-44
-51
-47
-41
-49
-47
-44
-39
-39
-43
-41
-28
-18
-21
-23
-16
-10
-12
-9
-15
-14
-27
-24
-18
-23
-35
-43
-41
-37
-42
-53
-58
-54
-51
-54
-62
-58
-54
-54
-60
-57
-58
-60
-59
-50
-29
15
87
181
272
341
315
135
-67
-156
-202
-225
-205
-169
-144
-113
-86
-70
-66
-61
-53
-49
-53
-52
-47
-43
-46
-52
-43
-39
-39
-44
-39
-34
-35
-36
-32
-27
-29
-31
-33
-24
-21
-24
-24
-19
-21
-15
-18
-11
-4
-7
-6
0
6
11
13
21
34
39
43
56
66
76
86
96
107
119
121
135
138
148
151
154
154
152
135
125
113
99
82
61
47
36
26
8
-1
1
-2
-10
-19
-18
-20
-26
-29
-26
-23
-28
-31
-29
-27
-27
-29
-26
-25
-28
-31
-31
-31
-28
-32
-30
-30
-25
-28
-29
-30
-34
-33
-35
-31
-29
-33
-33
-32
-29
-30
-33
-36
-31
-34
-34
-34
-33
-30
-38
-37
-36
-36
-37
-35
-35
-34
-35
-41
-36
-34
-38
-37
-36
-34
-38
-39
-40
-36
-36
-37
-42
-32
-36
-37
-43
-39
-38
-36
-30
-28
-27
-27
-22
-13
-5
-8
-12
-1
10
10
6
-4
-10
-11
-7
-9
-17
-25
-26
-25
-29
-30
-36
-42
-37
-37
-43
-42
-40
-36
-42
-43
-41
-39
-46
-37
-19
13
68
148
233
325
352
238
4
-121
-165
-195
-192
-161
-127
-103
-80
-61
-48
-42
-43
-42
-35
-31
-30
-31
-30
-31
-26
-24
-22
-21
-18
-20
-20
-15
-14
-16
-12
-10
-16
-12
-10
-5
-5
-5
-2
0
0
1
6
10
9
13
11
23
34
37
40
48
57
64
70
78
95
108
111
120
133
141
146
149
157
159
159
162
156
143
128
110
97
79
63
47
38
30
17
10
9
0
-7
-8
-11
-12
-18
-19
-19
-15
-18
-20
-23
-19
-17
-22
-23
-22
-21
-22
-25
-23
-23
-24
-26
-22
-19
-24
-26
-27
-24
-24
-24
-29
-23
-20
-24
-27
-24
-23
-27
-30
-28
-23
-28
-30
-27
-29
-30
-32
-32
-33
-35
-39
-34
-32
-36
-36
-33
-35
-37
-37
-41
-37
-38
-40
-38
-40
-37
-39
-42
-41
-41
-45
-49
-46
-42
-45
-47
-49
-44
-44
-44
-46
-43
-46
-46
-47
-45
-47
-48
-44
-44
-41
-42
-35
-26
-17
-20
-27
-21
-9
-7
-10
-16
-17
-24
-22
-21
-27
-39
-40
-39
-44
-48
-53
-54
-52
-56
-58
-56
-52
-50
-56
-58
-56
-56
-64
-63
-49
-22
17
79
174
268
332
294
102
-91
-147
-168
-170
-150
-142
-128
-119
-99
-78
-71
-71
-64
-57
-57
-55
-53
-48
-49
-49
-49
-46
-46
-46
-44
-39
-40
-43
-42
-37
-36
-36
-32
-29
-28
-32
-28
-25
-22
-24
-24
-21
-11
-10
-13
-6
0
-1
4
15
26
29
36
41
56
66
71
82
91
102
107
112
125
134
135
139
134
135
128
113
103
89
72
55
40
31
19
5
-3
-6
-14
-24
-27
-26
-28
-35
-37
-32
-31
-39
-43
-33
-31
-36
-36
-36
-32
-34
-38
-37
-32
-34
-40
-39
-32
-33
-38
-39
-33
-33
-35
-39
-35
-33
-40
-41
-40
-35
-39
-44
-40
-37
-39
-48
-46
-42
-43
-50
-48
-43
-44
-50
-52
-47
-50
-51
-47
-47
-45
-49
-52
-53
-49
-53