15952
16456
16584
16104
15968
16488
16704
15968
15696
16208
16624
16176
15816
16160
16696
16392
15944
16144
16632
16480
15968
16056
16624
16576
16056
16024
16584
16696
16104
15944
16456
16768
16272
15936
16264
16736
16296
15912
16272
16744
16432
16016
16216
16768
16472
15888
15992
16504
16520
15976
15888
16408
16616
16080
15888
16328
16584
16096
15848
16224
16648
16224
15840
16136
16640
16312
15888
16064
16560
16384
15880
15952
16496
16464
15936
15896
16440
16568
16016
15888
16328
16640
16128
15824
16216
16632
16168
15808
16080
16592
16328
15872
16104
16672
16512
16088
16160
16688
16704
16272
16208
16808
16976
16368
16112
16488
16776
16216
15992
16384
16720
16248
15848
16128
16504
16184
15744
16016
16416
16000
15384
15784
16720
17360
18072
19248
20000
19632
18568
17344
16560
16144
15648
15528
16008
16568
16256
15864
16112
16608
16232
15792
15912
16416
16304
15840
15896
16448
16400
15856
15824
16384
16480
15968
15824
16232
16576
16056
15872
16216
16656
16184
15824
16184
16648
16376
15960
16192
16704
16608
16144
16232
16736
16768
16312
16280
16760
16936
16456
16336
16880
17208
16688
16472
16888
17376
17008
16688
17088
17624
17392
16992
17272
17840
17656
17232
17336
17928
17952
17392
17296
17784
17912
17336
17040
17408
17552
16952
16624
16880
17192
16688
16232
16448
16864
16496
16008
16232
16728
16528
15952
15992
16488
16536
16016
15928
16480
16592
16016
15864
16344
16664
16128
15848
16280
16704
16296
15904
16184
16712
16472
15992
16120
16688
16544
16064
16144
16616
16632
16072
16032
16552
16696
16184
15960
16448
16736
16248
15912
16328
16720
16296
15928
16144
16656
16384
15912
16120
16640
16472
16008
16048
16528
16512
15952
15960
16488
16648
16088
15904
16304
16608
16096
15848
16256
16632
16240
15856
16160
16592
16288
15904
16024
16520
16376
15928
15968
16528
16520
16008
15920
16408
16560
16016
15864
16344
16680
16208
15864
16224
16592
16240
15856
16144
16592
16360
15960
16040
16608
16504
16064
16216
16760
16736
16192
16168
16808
16976
16488
16256
16656
16840
16304
16104
16360
16784
16384
15912
16128
16568
16232
15776
15976
16536
16336
15720
15512
16112
16368
16216
16864
18792
19968
19352
18632
18392
17536
16024
15440
15792
16432
16176
15904
16208
16648
16304
15824
15952
16504
16392
15864
15896
16384
16416
15936
15896
16384
16488
16048
15832
16280
16568
16192
15880
16248
16688
16280
15856
16144
16672
16400
15968
16128
16696
16616
16112
16184
16736
16696
16216
16136
16712
16904
16408
16248
16696
17048
16616
16376
16808
17256
16920
16592
16880
17448
17240
16880
17128
17696
17536
17128
17248
17816
17824
17320
17264
17792
17984
17416
17176
17568
17744
17216
16808
17048
17312
16832
16376
16648
17032
16696
16192
16264
16712
16568
16024
16096
16536
16560
16080
15952
16384
16528
15984
15792
16336
16600
16096
15848
16232
16552
16232
15896
16208
16712
16432
15920
16072
16624
16568
16040
16136
16608
16616
16112
16024
16520
16736
16232
15968
16408
16752
16296
15992
16336
16704
16280
15960
16152
16616
16360
16000
16136
16656
16480
16016
16032
16568
16600
16072
15984
16448
16568
16112
15920
16352
16712
16208
15928
16256
16672
16272
15872
16096
16608
16376
15928
16088
16592
16456
15904
15944
16472
16552
16088
15960
16456
16568
16072
15872
16296
16560
16096
15864
16272
16736
16328
15912
16096
16600
16384
15936
16056
16616
16504
16016
16088
16672
16728
16216
16184
16800
16960
16488
16336
16680
16992
16432
16112
16464
16880
16496
15880
16064
16504
16224
15840
16016
16544
16400
15800
15624
16056
16320
16208
16824
18536
20024
19712
18952
18768
18120
16464
15512
15824
16344
16040
15864
16184
16688
16336
15848
15936
16488
16408
15912
15936
16448
16504
16000
15824
16304
16552
16048
15920
16328
16584
16208
15840
16264
16664
16280
15920
16216
16720
16496
16000
16080
16672
16616
16104
16152
16712
16736
16272
16168
16712
16952
16432
16288
16752
17184
16688
16432
16784
17344
16992
16704
16968
17528
17368
16960
17152
17704
17640
17192
17224
17920
17992
17440
17416
17888
18096
17592
17288
17664
17872
17336
16928
17208
17464
16968
16464
16640
17064
16760
16256
16336
16784
16584
16080
16088
16552
16560
16072
16000
16456
16624
16080
15936
16400
16704
16224
15904
16232
16736
16408
15968
16216
16712
16496
16016
16152
16696
16552
16072
16152
16656
16712
16224
16096
16592
16808
16288
16032
16464
16784
16400
16048
16368
16752
16400
16040
16288
16760
16456
16000
16144
16696
16608
16064
16088
16600
16624
16080
15984
16496
16736
16176
15960
16336
16752
16248
15960
16264
16720
16280
15984
16176
16736
16480
15912
16104
16680
16560
16008
16056
16520
16592
16088
16000
16440
16688
16144
15960
16352
16672
16176
15920
16288
16728
16368
15976
16240
16816
16592
16160
16320
16824
16784
16336
16416
16984
17040
16480
16232
16608
16904
16328
16160
16632
16824
16336
15960
16208
16648
16320
15872
16136
16536
16144
15528
15856
16768
17304
17936
19248
20104
19704
18584
17504
16768
16344
15720
15736
16264
16712
16360
15928
16288
16672
16312
15872
16136
16632
16440
15952
16048
16536
16504
16000
15984
16496
16592
16120
15984
16416
16648
16168
15976
16400
16688
16248
15936
16312
16792
16472
16064
16296
16816
16672
16232
16384
16840
16824
16312
16304
16928
17008
16440
16400
17008
17232
16712
16560
17032
17464
17040
16792
17136
17640
17376
17040
17368
17920
17712
17272
17456
17960
17880
17376
17376
17912
17944
17360
17104
17512
17664
17104
16760
17024
17232
16712
16360
16656
17080
16624
16160
16360
16848
16600
16072
16184
16664
16632
16096
15992
16528
16600
16088
15992
16472
16728
16176
15936
16416
16768
16312
16000
16344
16776
16384
16048
16272
16832
16576
16112
16272
16792
16720
16200
16216
16720
16752
16264
16096
16576
16848
16272
16120
16568
16872
16392
16032
16320
16792
16400
16000
16264
16736
16544
16040
16200
16760
16672
16112
16056
16592
16688
16184
16064
16504
16688
16272
16040
16384
16760
16296
16008
16280
16672
16392
15920
16224
16688
16520
16032
16192
16672
16584
16080
16048
16592
16632
16112
15976
16456
16720
16256
16024
16432
16752
16288
16000
16376
16872
16592
16168
16416
16944
16800
16392
16536
17080
16896
16360
16296
16880
16848
16288
16208
16528
16768
16208
15928
16312
16672
16240
15864
16112
16360
15976
15768
16368
17520
18616
19360
19600
19568
18904
17320
16128
16136
16216
15904
15840
16416
16672
16208
15904
16336
16640
16224
15888
16128
16600
16256
15912
16136
16616
16408
15944
16016
16560
16536
16032
15992
16536
16640
16136
16032
16440
16656
16216
15992
16440
16760
16336
16032
16448
16824
16528
16152
16440
16928
16816
16336
16464
16976
16952
16480
16560
17032
17136
16776
16656
17224
17552
17080
16888
17304
17752
17424
17224
17552
17944
17648
17304
17608
18048
17856
17440
17496
17960
17864
17240
17080
17520
17544
16896
16616
16936
17192
16624
16328
16616
16888
16416
16040
16328
16712
16384
15928
16144
16688
16528
15976
16008
16584
16496
16016
15968
16520
16632
16192
16024
16544
16776
16304
16016
16432
16816
16408
16032
16360
16824
16544
16072
16216
16768
16648
16168
16232
16760
16696
16232
16168
16664
16720
16216
16016
16480
16736
16256
15928
16432
16776
16384
16000
16320
16720
16448
16064
16272
16696
16448
15936
16064
16592
16608
16096
16000
16464
16568
16064
15896
16440
16672
16192
15952
16336
16696
16248
15968
16200
16624
16336
15920
16160
16640
16512
16008
16120
16504
16456
15968
15944
16456
16520
15992
15816
16368
16592
16144
15872
16360
16752
16344
16096
16400
16872
16608
16168
16456
17040
16784
16240
16240
16816
16752
16208
16208
16624
16592
16040
15800
16280
16544
16056
15800
16088
16248
15792
15696
16392
17608
18568
19480
19928
19816
19016
17520
16320
16160
16112
15736
15752
16456
16616
16088
15888
16336
16504
16048
15824
16256
16608
16184
15832
16136
16560
16288
15880
16056
16536
16464
15968
16016
16448
16512
15968
15928
16472
16616
16104
16008
16416
16760
16288
16080
16448
16856
16424
16072
16392
16968
16768
16280
16456
17000
16864
16464
16560
17096
17152
16696
16656
17264
17432
16976
16880
17416
17784
17344
17136
17568
18008
17688
17376
17656
18120
17832
17456
17632
18032
17776
17176
17176
17624
17512
16816
16664
17056
17072
16568
16312
16696
16896
16336
16048
16376
16792
16328
15944
16248
16624
16368
15976
16056
16632
16504
15976
16000
16552
16568
16064
16000
16528
16680
16144
15944
16440
16720
16280
15944
16376
16848
16392
16032
16352
16824
16544
16096
16248
16760
16592
16080
16128
16672
16688
16184
16080
16552
16680
16176
16016
16504
16792
16256
15968
16328
16728
16296
15952
16240
16656
16368
15952
16120
16616
16440
15992
16104
16584
16520
16008
15984
16472
16608
16104
15864
16360
16664
16152
15896
16280
16672
16280
15992
16216
16672
16352
15968
16096
16632
16456
15960
16072
16576
16592
16056
16056
16600
16776
16296
16192
16584
16896
16496
16320
16792
17136
16664
16232
16376
16856
16600
16072
16312
16712
16528
15944
16024
16440
16448
15896
15880
16312
16264
15608
15696
16464
17408
18056
19136
19856
19696
18744
17424
16488
16320
15904
15672
16056
16632
16480
15984
16096
16560
16504
15976
15832
16352
16536
15984
15864
16312
16568
16120
15840
16216
16552
16224
15880
16144
16608
16344
15936
16096
16624
16456
15984
16080
16632
16616
16168
16064
16592
16752
16280
16144
16576
16808
16360
16144
16592
17008
16632
16336
16632
17112
16944
16528
16760
17296
17264
16840
16912
17408
17472
17048
17032
17648
17856
17344
17184
17752
18040
17544
17304
17600
17976
17560
17120
17200
17536
17216
16672
16792
17160
16928
16368
16328
16848
16816
16248
16088
16488
16680
16152
15944
16384
16648
16208
15912
16248
16608
16240
15896
16216
16664
16360
15912
16072
16632
16496
15976
16024
16576
16568
16104
16056
16576
16680
16192
16032
16464
16736
16280
16000
16384
16776
16400
16000
16224
16720
16456
16040
16144
16680
16560
16056
16088
16576
16600
16056
15992
16440
16648
16152
15912
16360
16696
16200
15928
16256
16664
16320
15936
16128
16608
16304
15880
16088
16616
16496
15960
15984
16576
16608
16008
15912
16408
16544
16072
15904
16328
16672
16128
15912
16264
16640
16240
15856
16192
16632
16320
15888
16064
16568
16512
15960
16016
16504
16536
16056
15920
16400
16664
16232
16120
16568
16840
16352
16112
16568
16992
16688
16280
16480
16832
16568
16144
16208
16696
16552
16048
16056
16504
16472
15944
15848
16360
16520
15848
15480
15872
16424
16384
16896
18632
19960
19432
18480
18112
17432
16296
15536
15696
16368
16400
16000
16064
16544
16536
15936
15872
16296
16528
16056
15768
16160
16504
16016
15824
16176
16640
16184
15840
16088
16560
16304
15848
15968
16528
16440
15952
16032
16536
16600
16072
16000
16480
16656
16184
15968
16472
16848
16328
16056
16504
16920
16592
16184
16520
17056
16824
16400
16600
17176
17080
16664
16696
17288
17320
16912
16928
17480
17720
17216
17120
17584
17960
17464
17200
17544
17944
17552
17168
17368
17672
17336
16792
16832
17256
17056
16456
16384
16848
16792
16256
16080
16512
16656
16160
15936
16352
16592
16120
15888
16200
16592
16240
15872
16152
16592
16304
15896
16016
16576
16488
15928
15960
16480
16512
16064
15920
16432
16608
16080
15912
16416
16688
16232
15920
16328
16752
16352
16000
16224
16640
16408
16008
16088
16608
16472
15960
15936
16480
16520
16032
15968
16480
16664
16064
15928
16336
16648
16112
15768
16112
16576
16272
15880
16112
16592
16280
15864
16080
16552
16448
15912
15920
16464
16472
15968
15832
16320
16552
16008
15792
16288
16656
16152
15856
16192
16568
16240
15816
16072
16592
16368
15880
15984
16472
16432
15944
16048
16592
16688
16152
16064
16624
16936
16488
16232
16592
16856
16272
16040
16352
16720
16392
15896
16144
16600
16272
15776
15840
16352
16248
15696
15584
15960
16184
15968
16400
18080
19696
19592
18928
18768
18256
16576
15440
15616
16216
15952
15760
16080
16568
16256
15792
15888
16424
16280
15808
15848
16376
16360
15808
15720
16248
16504
16016
15792
16168
16488
16048
15752
16088
16504
16176
15800
16112
16648
16352
15856
16000
16576
16480
15960
16024
16584
16672
16160
16104
16592
16832
16360
16192
16664
16976
16560
16312
16672
17168
16928
16568
16864
17416
17208
16888
17104
17680
17584
17168
17224
17800
17856
17352
17288
17752
17976
17456
17200
17600
17824
17280
16792
17048
17336
16880
16424
16552
16888
16656
16136
16304
16720
16464
15928
15864
16424
16520
16032
15904
16360
16560
16024
15808
16248
16536
16128
15856
16184
16608
16248
15856
16120
16624
16376
15904
16000
16584
16520
16040
16016
16536
16616
16064
15984
16472
16640
16112
15936
16376
16752
16216
15960
16224
16664
16328
15904
16160
16608
16408
15936
16088
16552
16456
15928
15992
16464
16552
16032
15936
16408
16592
16064
15856
16312
16592
16184
15840
16176
16544
16240
15816
16040
16528
16320
15912
16000
16496
16424
15872
15920
16432
16536
16048
15952
16376
16576
16056
15808
16248
16624
16096
15800
16136
16608
16192
15872
16104
16624
16392
15888
15984
16544
16552
16120
16152
16640
16744
16336
16272
16712
17000
16416
16176
16472
16840
16344
16000
16400
16776
16360
15864
16072
16528
16296
15864
15944
16360
16152
15456
15592
16368
16944
17400
18696
19984
19856
18696
17744
16984
16376
15712
15528
15976
16576
16328
15912
16136
16536
16256
15808
15952
16480
16352
15848
15856
16408
16488
15928
15792
16248
16544
16040
15840
16224
16584
16088
15864
16192
16608
16264
15928
16192
16672
16440
16008
16096
16656
16616
16128
16176
16688
16736
16232
16224
16680
16912
16440
16256
16744
17040
16672
16440
16856
17272
17016
16648
16928
17496
17416
17008
17200
17680
17672
17224
17256
17744
17888
17368
17312
17768
17984
17384
17072
17376
17640
17072
16704
16864
17200
16768
16328
16480
16896
16608
16104
16248
16704
16576
16024
15984
16480
16552
16064
15936
16336
16584
16080
15872
16272
16632
16136
15824
16192
16648
16304
15872
16096
16608
16472
15968
16056
16584
16584
16072
16040
16560
16680
16184
15992
16480
16664
16200
15912
16336
16688
16256
15928
16192
16664
16344
15920
16152
16640
16424
15960
16016
16552
16496
16008
15952
16480
16552
15992
15896
16336
16632
16112
15920
16304
16584
16160
15848
16144
16592
16248
15848
16072
16560
16360
15912
15976
16544
16496
15888
15928
16440
16552
16056
15872
16336
16584
16056
15840
16184
16616
16176
15816
16160
16616
16296
15808
16088
16616
16424
15872
15984
16480
16584
16136
16128
16680
16752
16272
16184
16648
16928
16488
16192
16424
16768
16368
16024
16312
16784
16376
15936
16080
16528
16328
15864
15928
16392
16280
15568
15456
16208
16624
16768
17720
19448
19920
18896
18128
17440
16792
15808
15432
16040
16592
16360
15952
16112
16488
16256
15792
15952
16440
16464
15856
15816
16360
16496
15952
15760
16264
16480
16000
15808
16192
16416
16088
15824
16144
16592
16320
15896
16064
16664
16456
16008
16064
16600
16576
16104
16096
16608
16704
16248
16176
16632
16944
16440
16248
16712
17152
16712
16384
16704
17280
17088
16688
16936
17456
17368
16920
17120
17696
17704
17224
17280
17848
17976
17448
17312
17752
18080
17544
17232
17528
17792
17224
16776
16888
17240
16864
16392
16560
16992
16648
16176
16256
16816
16712
16104
16104
16584
16656
16072
15896
16288
16592
16072
15864
16296
16704
16320
15856
16224
16632
16384
15968
16224
16720
16536
16016
16064
16528
16520
16120
16096
16584
16648
16152
16104
16464
16784
16256
15960
16400
16744
16360
15992
16304
16776
16432
15936
16168
16624
16472
16024
16144
16672
16632
16032
16024
16480
16600
16104
15984
16424
16616
16208
15952
16320
16616
16224
15832
16184
16648
16376
15944
16136
16624
16440
15928
16056
16600
16672
16000
15992
16432
16592
16016
15920
16384
16624
16248
15992
16320
16744
16280
15840
16192
16688
16416
15984
16216
16720
16480
16128
16248
16800
16752
16264
16320
16840
16872
16240
16104
16552
16784
16304
16064
16392
16744
16176
15704
15976
16440
16224
15712
15816
16240
15936
15840
16424
17616
18776
19392
19552
19440
18864
17360
15912
15768
16032
15744
15664
16240
16744
16224
15680
16032
16488
16304
15824
16000
16520
16392
15872
15920
16400
16384
15944
15872
16440
16576
16016
15864
16272
16624
16056
15896
16224
16648
16264
15952
16264
16752
16400
16024
16256
16816
16688
16224
16360
16856
16848
16280
16288
16864
17064
16592
16480
16944
17280
16792
16600
17120
17624
17224
16864
17208
17808
17536
17208
17456
18040
17984
17560
17664
18112
18032
17544
17472
18008
18048
17456
17144
17440
17624
17032
16688
16896
17224
16800
16352
16544
16896
16552
16128
16336
16816
16688
16144
16104
16632
16592
16120
16056
16568
16696
16192
15976
16400
16712
16232
15984
16400
16792
16328
16024
16320
16792
16504
16128
16272
16832
16680
16160
16136
16672
16648
16168
16208
16688
16760
16184
16088
16552
16800
16296
15976
16336
16784
16344
16024
16176
16720
16400
15960
16168
16704
16592
16032
16128
16560
16568
16064
16072
16544
16608
16088
15888
16320
16728
16208
15968
16280
16600
16192
15792
16160
16648
16408
15848
15984
16432
16312
15816
15992
16504
16416
15912
15824
16312
16504
15992
15760
16216
16560
16096
15928
16328
16640
16224
16048
16408
16888
16656
16112
16176
16568
16440
16000
16024
16472
16480
15904
15768
16160
16240
15792
15600
15992
16192
15600
15176
15712
16384
16552
17304
19024
20176
19392
18352
17536
16728
15752
15160
15448
16176
16216
15784
15712
16072
16144
15672
15520
15896
16216
15696
15432
15800
16192
15792
15408
15688
16128
15800
15528
15656
16104
15984
15592
15576
16048
16032
15568
15552
16088
16208
15704
15592
16064
16248
15800
15592
15944
16344
15944
15712
16056
16520
16224
15880
16088
16560
16480
16096
16200
16680
16744
16384
16384
16888
17128
16744
16632
17104
17344
16952
16920
17264
17648
17256
16992
17160
17640
17312
16936
16968
17272
17024
16504
16456
16832
16656
16080
15920
16304
16384
15880
15744
16072
16320
15816
15584
15928
16248
15856
15592
15800
16200
15928
15536
15704
16176
16024
15672
15672
16080
16072
15648
15624
16112
16288
15800
15680
16024
16256
15800
15672
15968
16336
16016
15760
15992
16432
16160
15720
15880
16328
16200
15808
15792
16256
16272
15848
15808
16216
16336
15880
15768
16104
16352
15952
15720
16000
16400
16080
15792
16008
16328
16144
15744
15920
16272
16176
15744
15832
16280
16296
15848
15840
16248
16392
15928
15760
16128
16376
15968
15784
16080
16352
16048
15720
16008
16392
16160
15808
15968
16408
16288
15840
15880
16384
16424
16104
16056
16464
16576
16224
16264
16656
16920
16400
16040
16256
16688
16336
16048
16272
16696
16384
15880
16032
16360
16208
15744
15776
16248
16088
15496
15536
16200
16784
17344
18712
19904
19832
18768
17864
16968
16224
15568
15360
15792
16416
16312
15992
16056
16296
16224
15896
15968
16368
16320
15848
15776
16176
16304
15952
15840
16192
16376
15976
15776
16104
16408
16144
15864
16072
16408
16208
15904
16128
16616
16440
16040
16080
16632
16664
16248
16112
16456
16656
16216
16080
16464
16808
16432
16304
16616
16960
16616
16384
16744
17176
17080
16792
17032
17424
17368
17016
17104
17680
17696
17336
17320
17680
17808
17416
17320
17632
17856
17352
17096
17296
17568
17168
16776
16816
17048
16792
16424
16472
16856
16624
16136
16240
16656
16568
16024
15952
16352
16448
16008
15912
16296
16472
16200
15960
16256
16600
16248
15984
16264
16504
16248
15960
16096
16608
16512
16080
16136
16528
16584
16152
16088
16520
16632
16240
16128
16456
16712
16312
16168
16472
16808
16400
16008
16224
16728
16528
16112
16224
16648
16520
16072
16088
16544
16584
16176
16120
16520
16624
16184
16024
16360
16728
16320
16016
16280
16688
16320
16032
16208
16624
16376
15976
16072
16496
16448
16000
16128
16584
16544
16080
16000
16400
16632
16144
15936
16344
16640
16264
16048
16264
16624
16336
16040
16416
16808
16568
16160
16384
16952
16904
16424
16400
16792
16720
16200
16224
16648
16704
16264
16072
16432
16560
16056
15784
16152
16472
16160
15792
15832
16160
16072
15968
16656
18240
19560
19576
19072
18832
17952
16296
15616
15888
16304
16088
16016
16512
16696
16232
15944
16256
16656
16280
16008
16176
16592
16344
15984
16152
16632
16544
16056
16048
16600
16648
16128
16152
16616
16888
16504
16208
16440
16688
16312
16064
16336
16816
16480
16168
16472
16984
16816
16384
16456
16864
16936
16536
16512
16784
16768
16456
16400
16968
17288
16848
16608
17024
17560
17208
16936
17232
17560
17360
17016
17416
17960
17776
17256
17352
17912
17752
17312
17328
17784
17792
17152
16928
17344
17312
16688
16424
16760
16992
16496
16160
16376
16808
16408
16056
16200
16624
16440
15984
16080
16576
16552
16000
16088
16504
16504
15968
15944
16440
16648
16120
15904
16384
16672
16312
16008
16216
16648
16344
15976
16280
16776
16616
16096
16184
16688
16624
16128
16112
16648
16744
16168
16064
16536
16744
16264
16024
16504
16800
16336
16024
16384
16800
16440
16024
16192
16712
16576
16120
16232
16736
16576
16136
16080
16584
16600
16104
16048
16440
16616
16104
15992
16456
16736
16336
15952
16192
16560
16344
16016
16184
16576
16416
15968
16120
16600
16520
15984
16016
16536
16584
15968
16016
16440
16680
16160
15976
16384
16696
16232
15904
16256
16728
16448
16152
16304
16832
16696
16336
16536
17064
17008
16448
16336
16880
16808
16256
16064
16392
16568
16056
15888
16312
16640
16192
15928
16200
16392
15776
15672
16256
17376
18280
19264
19800
19688
19016
17608
16232
16000
16104
15896
16000
16464
16640
16216
16104
16528
16760
16400
16000
16200
16496
16360
16056
16224
16608
16416
15984
16072
16560
16464
16120
16088
16560
16656
16168
16184
16568
16704
16264
16096
16440
16784
16384
16064
16464
17000
16800
16368
16360
16808
16656
16280
16464
17080
16944
16592
16648
17192
17232
16800
16824
17344
17488
17200
17016
17320
17760
17440
17384
17616
17984
17688
17520
17792
18240
17952
17480
17632
17968
17832
17320
17216
17640
17568
17064
16824
17160
17312
16784
16448
16720
16936
16448
16160
16504
16824
16504
16096
16256
16704
16584
16200
16232
16704
16560
16080
16056
16464
16480
16072
15936
16432
16608
16360
16256
16600
16728
16376
16096
16288
16792
16464
16120
16352
16864
16664
16264
16248
16768
16632
16104
16064
16632
16656
16184
16080
16528
16624
16224
16064
16456
16760
16224
15968
16256
16584
16264
15984
16280
16616
16488
16104
16040
16600
16648
16120
16232
16600
16592
16144
16048
16416
16688
16328
15888
16256
16608
16168
16000
16152
16760
16456
16088
16384
16576
16256
15936
16224
16640
16584
16080
16000
16552
16720
16280
16184
16624
16752
16408
16408
16688
17048
16680
16336
16496
16928
16592
16160
16376
16720
16456
16000
16048
16552
16408
16024
15968
16456
16272
15608
15504
16304
17208
17744
19128
20664
20720
19472
18528
17440
16416
15776
15400
15728
16400
16456
16072
16072
16696
16592
16072
15904
16528
16656
16224
15976
16296
16584
16240
16032
16360
16528
16080
15896
16192
16728
16432
16080
16184
16600
16624
16192
16240
16704
16592
16224
16200
16560
16680
16216
16160
16560
16880
16560
16328
16712
17040
16672
16456
16824
17208
16968
16624
16848
17328
17216
16888
17008
17584
17656
17272
17272
17656
17696
17336
17304
17816
17960
17504
17368
17824
18120
17616
17256
17488
17880
17464
16952
17112
17416
17200
16584
16392
16704
16640
16224
16216
16584
16576
16056
15928
16384
16568
16176
16000
16304
16576
16216
16024
16192
16640
16376
16120
16088
16568
16424
16080
16104
16576
16504
16112
16064
16496
16672
16208
16040
16416
16640
16232
16112
16480
16720
16280
16040
16336
16632
16384
15992
16144
16648
16496
16216
16152
16576
16528
16024
16128
16432
16352
15904
15888
16328
16544
16192
16032
16352
16616
16184
15824
16104
16704
16504
15984
15936
16416
16352
15896
15936
16480
16456
16032
15920
16424
16536
16080
16000
16424
16584
16048
15776
16120
16544
16184
15872
16160
16744
16568
16216
16440
16824
16720
16256
16344
16776
16792
16280
16256
16832
16928
16152
15992
16360
16560
16160
15984
16224
16464
16048
15760
15928
16344
15968
15688
15976
17120
18280
19296
19840
19744
19032
17432
16056
15824
15848
15728
15872
16536
16984
16416
15976
16168
16528
16216
15872
16096
16496
16248
15856
15976
16448
16272
15800
16056
16640
16672
16088
15992
16432
16560
16144
16024
16456
16688
16256
15928
16264
16680
16288
16032
16304
16768
16456
16040
16272
16848
16744
16152
16216
16816
16888
16312
16288
16816
17040
16624
16496
16960
17344
16880
16736
17160
17736
17360
17080
17344
17736
17488
17032
17336
17944
17888
17368
17384
17832
17776
17200
17056
17488
17560
16856
16544
16824
17016
16416
16072
16504
16976
16528
16080
16272
16648
16336
15744
15904
16440
16392
15856
15968
16496
16608
15976
15848
16464
16616
16056
15736
16304
16624
16136
15720
16184
16760
16296
15792
16128
16760
16360
15872
15968
16616
16520
15936
15928
16504
16616
16232
15992
16408
16536
16048
15912
16424
16656
16200
15888
16384
16720
16256
15736
16128
16584
16336
15816
16048
16528
16312
15688
15856
16504
16512
15976
15848
16320
16608
16064
15784
16392
16648
16104
15736
16184
16616
16192
15616
15968
16512
16376
15808
15904
16440
16312
15864
15920
16512
16616
16040
15848
16240
16560
16152
15960
16552
16944
16264
15824
16312
16992
16712
16328
16376
16768
16432
16056
16248
16840
16752
16112
16064
16536
16504
15928
15744
16264
16528
15952
15560
15912
16400
16176
16272
17504
19288
19808
19168
18888
18616
17088
15536
15320
16072
16136
15808
15968
16584
16440
15840
15640
16208
16392
15824
15704
16160
16568
16016
15704
16064
16576
16176
15760
15992
16584
16304
15824
16008
16592
16480
15952
15864
16440
16600
16048
15952
16472
16632
16072
15840
16376
16784
16312
15960
16376
16920
16504
16136
16392
17032
16880
16368
16632
17408
17280
16736
16816
17440
17408
16760
16584
17216
17488
16960
16760
17256
17808
17344
17008
17432
18000
17648
17176
17400
17952
17632
17000
17056
17552
17280
16552
16440
17008
17136
16464
16256
16720
16912
16304
15952
16424
16848
16408
16064
16480
16992
16472
15960
16272
16888
16672
16064
16136
16744
16616
16088
16088
16752
16784
16128
16016
16624
16944
16264
15928
16376
16816
16360
15952
16360
16888
16472
15968
16176
16808
16520
15984
16112
16760
16696
16096
16016
16624
16720
16120
15952
16512
16856
16216
15784
16272
16768
16416
16016
16376
16768
16400
15960
16264
16920
16608
15944
16096
16744
16656
16000
15992
16648
16768
16200
15952
16568
16768
16128
15840
16392
16824
16264
15848
16264
16800
16416
15896
16168
16856
16664
16200
16296
16944
16912
16416
16384
17040
17192
16488
16192
16680
17064
16424
16072
16528
16760
16344
15936
16224
16544
16144
15736
16016
16496
16112
15472
15784
16720
17208
17648
18984
20176
19760
18520
17544
16864
16176
15456
15472
15976
16536
16168
15976
16408
16800
16384
15880
16144
16640
16416
15952
16144
16720
16600
16040
16040
16536
16728
16176
16008
16528
16752
16272
16040
16448
16784
16360
16112
16448
16896
16488
16080
16368
16952
16744
16360
16408
16944
16816
16456
16496
16984
17064
16536
16496
17048
17320
16800
16688
17128
17528
17080
16832
17184
17688
17448
17056
17360
17888
17632
17208
17408
18024
17952
17400
17456
18016
18032
17456
17304
17760
17800
17232
16880
17256
17512
16856
16480
16784
17168
16768
16288
16560
17032
16776
16176
16272
16848
16768
16232
16256
16760
16824
16360
16232
16720
16944
16384
16152
16536
16960
16496
16232
16640
17144
16792
16352
16448
16944
16696
16248
16376
16888
16864
16344
16400
16896
16888
16296
16128
16696
16968
16376
16144
16552
16944
16480
16136
16504
17008
16600
16136
16376
16872
16656
16144
16296
16792
16688
16144
16184
16736
16832
16288
16080
16568
16920
16424
16200
16504
16832
16376
16016
16352
16864
16448
16000
16328
16872
16576
16104
16248
16760
16704
16128
16168
16808
16960
16456
16368
16864
17240
16728
16496
16912
17176
16544
16224
16640
17176
16736
16144
16288
16872
16592
16096
16160
16688
16632
15968
15904
16256
16344
16056
16344
17704
19256
19768
19552
19328
19048
17528
15984
15816
16296
16040
15744
16208
16840
16528
16032
16112
16632
16592
16008
16024
16584
16720
16104
16008
16480
16784
16216
15992
16440
16808
16336
16064
16424
16840
16456
16000
16288
16872
16608
16128
16288
16808
16808
16312
16264
16824
16888
16392
16320
16848
17144
16616
16376
16840
17304
16856
16544
16896
17408
17080
16696
16992
17608
17448
17008
17168
17720
17680
17216
17288
17888
17904
17472
17352
17920
18176
17584
17312
17664
17960
17472
17024
17352
17664
17208
16720
16832
17280
16936
16336
16416
16928
16792
16280
16240
16792
16824
16232
16040
16552
16816
16304
16128
16488
16824
16344
16032
16448
16968
16528
16088
16312
16872
16608
16144
16224
16840
16768
16192
16224
16736
16840
16320
16216
16720
16984
16368
16120
16568
16944
16440
16120
16456
16944
16544
16096
16344
16784
16560
16088
16248
16792
16720
16096
16056
16584
16680
16200
16056
16576
16840
16320
16040
16368
16712
16288
15984
16320
16704
16352
15968
16208
16720
16520
16008
16112
16632
16616
16080
16064
16656
16784
16288
16216
16760
16992
16424
16224
16736
17184
16656
16352
16600
16984
16512
16160
16408
16944
16728
16064
16176
16680
16480
15928
15896
16448
16584
15976
15656
16016
16392
16224
16688
18280
19960
19688
18752
18504
18000
16432
15408
15608
16296
16280
15960
16112
16624
16536
15968
16000
16544
16568
16048
15888
16400
16672
16104
15904
16264
16648
16256
15960
16232
16656
16320
15928
16128
16680
16448
15952
16104
16672
16568
16040
16040
16632
16768
16264
16080
16560
16872
16432
16208
16616
16984
16568
16240
16616
17088
16784
16448
16696
17280
17128
16664
16856
17408
17432
16960
17064
17640
17800
17336
17248
17736
17976
17464
17216
17608
17984
17560
17208
17464
17856
17376
16784
16896
17320
17016
16560
16512
16920
16776
16272
16152
16648
16688
16184
16000
16432
16624
16080
15944
16352
16672
16208
15872
16160
16608
16304
15920
16168
16712
16496
15984
16120
16632
16576
15952
15952
16520
16616
16144
16000
16520
16752
16272
16024
16432
16712
16248
15920
16248
16776
16472
15984
16200
16728
16488
15968
16104
16600
16528
16048
15992
16496
16464
16000
16048
16512
16680
16208
15952
16288
16688
16224
15864
16144
16600
16296
15920
16144
16704
16480
16040
15976
16384
16272
15760
15872
16528
16648
16120
15952
16368
16624
16168
16016
16448
16872
16504
16344
16552
16864
16448
16120
16200
16616
16416
15848
15920
16424
16360
15808
15832
16264
16208
15640
15472
15952
16336
16080
16384
17728
19496
19840
19136
18752
18432
16712
15280
15344
16064
15960
15584
15712
16288
16264
15712
15704
16296
16520
16048
15872
16304
16512
15952
15816
16136
16328
15840
15512
15888
16456
16328
15952
16040
16440
16224
15816
15968
16480
16424
16072
16056
16536
16616
16216
16128
16600
16880
16280
16000
16200
16536
16368
16184
16568
16648
16240
15968
16432
16936
16808
16488
16816
17456
17504
16984
16848
17624
17784
17248
16928
17304
17664
17376
17288
17528
17744
17384
17008
17360
17728
17264
16608
16680
17152
16864
16320
16264
16880
16736
16088
15928
16392
16624
16184
15960
16376
16560
15928
15712
16192
16584
16096
15784
16016
16440
16136
15768
16040
16432
16152
15872
16144
16616
16288
15768
15960
16608
16560
15912
15768
16088
16472
16024
15776
16256
16768
16336
15672
15824
16320
16016
15728
16040
16952
16992
16008
15704
16408
16648
15720
15416
16216
16680
16248
16040
16832
16984
16216
15872
15936
16248
15976
15784
15728
16528
16928
16528
15976
15512
15544
15448
15568
16264
17112
17296
16520
15784
15768
15360
15384
15888
16560
16536
16328
16384
16552
16232
16208
16760
17208
16184
15696
15632
16392
16608
16264
15880
15848
15776
15312
15312
15936
16216
15952
16272
16600
16336
15600
15896
17488
19320
19248
18208
18224
18624
16944
14736
14720
16288
16600
15984
15360
15560
15376
15472
16392
16960
15976
14760
14904
15800
16336
15752
15536
16032
16040
15208
15008
15512
16240
16320
16152
16160
16160
15784
15296
15112
15976
16192
15672
15520
16184
16504
16096
15744
16272
16608
16216
15344
15544
16208
16056
16256
16856
16832
16304
16184
16304
16184
16192
16128
16544
17512
17800
16912
16360
16776
16968
16664
16696
17256
17656
17200
16944
17360
17656
17264
16816
17016
17392
17000
16464
16488
16976
16632
16048
16096
16592
16480
15888
15760
16216
16384
15856
15640
16032
16280
15824
15576
15912
16304
15864
15520
15848
16416
16080
15592
15760
16264
16144
15704
15864
16400
16200
15664
15600
16200
16352
15864
15776
16256
16552
16088
15808
16168
16592
16208
15840
16120
16576
16288
15856
16024
16528
16384
15864
15904
16432
16432
15928
15848
16400
16528
15968
15776
16248
16592
16112
15776
16192
16592
16176
15824
16112
16584
16248
15832
15984
16544
16360
15888
15912
16480
16520
15936
15936
16416
16600
16120
16008
16504
16808
16304
16112
16600
17032
16648
16128
16360
16768
16536
16064
16080
16688
16440
15944
15936
16400
16392
15832
15832
16360
16384
15704
15456
16080
16600
16544
17280
18952
19920
19056
18192
17784
17104
16048
15392
15696
16416
16416
15968
16016
16520
16480
15960
15824
16400
16528
15912
15720
16184
16536
16088
15784
16216
16632
16144
15728
15968
16528
16272
15776
16032
16624
16560
16000
15968
16488
16536
16048
15944
16488
16656
16104
15904
16432
16792
16352
16064
16416
16888
16464
16200
16552
17088
16856
16408
16592
17208
17144
16696
16800
17400
17456
17096
17048
17640
17864
17288
17168
17720
18056
17608
17344
17656
18064
17568
17096
17184
17672
17296
16768
16816
17232
16984
16400
16392
16912
16808
16176
15968
16424
16584
16056
15848
16280
16600
16112
15832
16160
16552
16192
15888
16120
16576
16312
15760
16000
16568
16408
15920
15976
16512
16520
15976
15880
16432
16576
16096
15920
16408
16584
16112
15888
16312
16712
16336
15984
16336
16824
16456
15864
15952
16576
16480
15864
15872
16504
16504
15928
15848
16368
16592
16032
15848
16248
16544
16088
15792
16096
16520
16096
15904
16192
16624
16280
15784
15928
16448
16360
15840
15896
16432
16432
15904
15816
16384
16592
16056
15784
16248
16656
16280
15976
16312
16736
16448
16184
16464
17000
16672
16104
16160
16720
16568
16064
16112
16512
16536
15920
15736
16232
16440
15904
15752
16104
16216
15600
15440
16144
17120
17696
18720
19632
19728
18888
17648
16512
16080
15848
15512
15664
16408
16528
16048
15912
16424
16536
16008
15712
16104
16368
15944
15776
16120
16504
16024
15688
16008
16472
16272
15776
15944
16472
16352
15856
15936
16440
16496
15944
15896
16472
16664
16128
15960
16384
16776
16344
16032
16384
16896
16552
16160
16464
16968
16776
16352
16544
17120
17000
16560
16632
17224
17336
16832
16824
17416
17656
17200
17048
17592
17952
17456
17248
17656
18056
17752
17272
17536
18016
17688
17080
17144
17552
17360
16736
16632
17072
17032
16424
16232
16696
16784
16224
16128
16560
16784
16160
15792
16152
16616
16216
15824
16112
16544
16376
15912
16056
16552
16392
15920
16000
16576
16632
16112
16008
16408
16568
16088
15936
16344
16688
16224
15936
16256
16712
16320
15968
16240
16664
16408
15960
16104
16648
16520
15992
15968
16552
16608
16032
15944
16464
16656
16096
15904
16368
16736
16288
15992
16400
16664
16080
15520
15776
16304
16104
15672
15856
16424
16392
15856
15904
16424
16488
15984
15928
16392
16584
16056
15832
16240
16520
16056
15744
16120
16544
16240
15816
16080
16528
16416
15976
16168
16736
16664
16216
16224
16808
16904
16384
16184
16648
16792
16136
15976
16424
16680
16240
15912
16176
16576
16152
15752
15968
16464
16200
15760
15704
16048
15992
15688
16088
17408
18800
19272
19016
18904
18480
16752
15640
15704
16080
15904
15720
16168
16608
16208
15776
15976
16480
16216
15744
15848
16376
16288
15784
15824
16312
16384
15824
15760
16232
16440
15944
15760
16208
16520
16016
15784
16136
16576
16216
15872
16040
16592
16400
15912
16120
16672
16584
16104
16128
16736
16808
16296
16192
16680
16920
16400
16288
16632
17032
16664
16368
16808
17296
17000
16656
17008
17544
17456
17072
17200
17712
17640
17208
17264
17760
17912
17408
17256
17616
17704
17064
16712
16984
17184
16696
16320
16592
17008
16536
16064
16216
16712
16440
15880
15968
16456
16384
15888
15840
16392
16408
15936
15808
16280
16496
15936
15760
16200
16504
16056
15688
16040
16552
16264
15824
16088
16512
16312
15872
15960
16496
16416
15920
15976
16496
16584
16032
15872
16360
16568
16088
15872
16288
16544
16112
15856
16168
16688
16312
15848
15984
16504
16328
15776
15928
16504
16456
15888
15888
16344
16464
15968
15840
16328
16448
15976
15720
16168
16560
16096
15808
16112
16568
16192
15696
15928
16432
16216
15792
15928
16424
16392
15888
15832
16424
16456
15976
15840
16248
16464
15960
15720
16152
16520
16064
15728
16032
16544
16256
15928
16208
16760
16488
16056
16264
16848
16864
16288
16168
16528
16664
16152
15968
16440
16568
15968
15656
16000
16376
15992
15648
15992
16408
15928
15312
15480
16312
16616
16888
18296
19848
19696
18520
17800
17224
16208
15296
15248
15880
16248
15888
15768
16120
16384
15968
15624
15960
16392
16048
15640
15792
16320
16152
15672
15760
16384
16344
15808
15712
16192
16296
15832
15744
16192
16408
15872
15736
16144
16520
16088
15800
16152
16648
16272
15856
16080
16624
16504
16056
16136
16696
16720
16208
16232
16728
16720
16536
16256
16792
17200
16872
16552
16976
17392
17080
16728
17080
17640
17432
17112
17216
17832
17640
17192
17312
17832
17824
17296
17032
17448
17504
16960
16600
16960
17112
16552
16160
16464
16832
16336
15896
16192
16672
16272
15824
16008
16560
16352
15872
15840
16400
16416
15944
15832
16320
16440
16000
15728
16192
16536
16080
15776
16168
16568
16208
15816
16136
16600
16352
15904
15976
16496
16376
15944
15976
16600
16528
16056
15856
16400
16552
16112
15816
16280
16552
16112
15776
16176
16560
16208
15824
16128
16584
16232
15784
16000
16544
16368
15912
15896
16448
16448
15976
15824
16352
16504
16008
15744
16224
16496
16032
15768
16168
16496
16032
15712
16064
16528
16240
15784
15904
16480
16328
15848
15816
16392
16400
15968
15848
16336
16408
16000
15720
16224
16528
16072
15728
16112
16560
16224
15800
16056
16592
16328
16000
16184
16720
16528
16120
16168
16776
16760
16304
16112
16560
16616
16240
15952
16400
16728
16160
15800
16112
16440
16008
15680
15952
16408
16032
15504
15456
16184
16328
16464
17504
19464
19928
19072
18248
17848
16776
15632
15216
15880
16368
16072
15824
16144
16448
16112
15744
15904
16440
16120
15704
15904
16368
16256
15776
15736
16312
16272
15872
15680
16248
16384
15936
15680
16160
16448
16048
15768
16176
16552
16168
15856
16096
16584
16336
16008
16096
16648
16480
16112
16040
16720
16784
16368
16184
16768
16896
16456
16312
16784
17200
16784
16552
16952
17384
17080
16848
17144
17632
17408
17096
17272
17816
17632
17272
17232
17792
17760
17256
17048
17520
17576
17016
16696
17008
17200
16688
16296
16576
16880
16392
16056
16240
16696
16384
15984
16032
16552
16408
16008
15792
16384
16408
15984
15808
16352
16448
15984
15752
16264
16584
16112
15840
16160
16664
16312
15920
16080
16560
16352
15976
16048
16560
16432
16048
16024
16568
16512
16112
15904
16424
16640
16112
15856
16336
16640
16176
15904
16216
16608
16208
15920
16120
16568
16288
15904
15968
16568
16368
15960
15872
16440
16512
16008
15824
16296
16488
16064
15872
16296
16616
16104
15808
16112
16512
16128
15840
16048
16544
16256
15872
15920
16464
16288
15952
15880
16416
16440
15984
15856
16328
16488
15968
15824
16264
16552
16072
15776
16088
16544
16184
15872
16048
16560
16288
15872
15984
16472
16424
15976
15920
16488
16408
15944
15848
16376
16544
16000
15792
16184
16568
16120
15832
16208
16696
16256
15944
16216
16768
16504
16040
16144
16872
16832
16352
16304
16784
16688
16120
16032
16448
16616
16144
15896
16288
16536
16032
15696
15960
16472
16112
15704
15696
16192
16128
16080
16872
18704
19656
19224
18528
18488
17432
15904
15312
15800
16272
15928
15896
16384
16560
16072
15760
16048
16448
16144
15776
15936
16424
16208
15896
15952
16488
16352
15856
15832
16376
16456
15984
15872
16320
16544
16056
15824
16232
16584
16184
15864
16152
16584
16328
16032
16272
16752
16480
16112
16240
16800
16672
16200
16192
16824
16936
16440
16264
16848
17120
16744
16600
17008
17336
16912
16712
17128
17688
17336
17048
17200
17840
17616
17200
17336
17864
17768
17352
17264
17736
17672
17136
16944
17296
17456
16864
16536
16712
16992
16488
16224
16432
16816
16376
16024
16128
16592
16368
16032
16056
16584
16488
15984
15928
16472
16536
15992
15784
16280
16512
16120
15896
16288
16624
16192
16008
16184
16632
16312
16048
16200
16704
16384
16032
16104
16688
16608
16080
16016
16544
16616
16112
15968
16400
16624
16120
15984
16400
16720
16160
15872
16192
16664
16248
15912
16072
16568
16400
16072
16112
16624
16480
16032
15952
16392
16504
15952
15856
16352
16552
16032
15856
16272
16552
16088
15832
16144
16576
16288
15992
16096
16544
16240
15888
16008
16528
16416
15936
15936
16480
16520
16024
15864
16336
16544
15992
15752
16184
16600
16104
15880
16168
16568
16200
15928
16032
16608
16352
15944
16016
16456
16376
15896
15912
16448
16504
16064
15904
16328
16576
16120
16032
16464
16808
16360
16152
16528
17088
16704
16280
16336
16776
16592
16144
16120
16688
16592
16072
15864
16344
16464
15928
15800
16224
16440
15752
15456
15968
16720
16816
17528
19176
20232
19408
18392
17664
16976
15896
15360
15480
16200
16304
15856
15920
16424
16608
15960
15728
16208
16592
15920
15744
16144
16608
16128
15816
16072
16568
16168
15872
16008
16600
16368
15856
15912
16600
16512
15952
15872
16488
16696
16120
15992
16448
16768
16168
16000
16336
16888
16376
16080
16376
16984
16648
16264
16400
17056
16968
16424
16488
17192
17232
16688
16632
17328
17512
16936
16816
17400
17768
17248
17008
17448
18008
17544
17176
17432
18024
17688
17232
17296
17904
17536
16912
16880
17384
17208
16528
16384
16912
17016
16352
16088
16480
16848
16272
15912
16296
16760
16232
15816
16160
16744
16352
15936
16120
16712
16472
15944
15936
16696
16672
16008
15872
16480
16656
16144
15952
16448
16760
16200
15944
16368
16888
16360
16000
16168
16832
16464
16040
16104
16728
16520
16016
16056
16664
16576
16032
15880
16520
16704
16096
15936
16328
16712
16192
15832
16256
16760
16248
15888
16080
16704
16336
15880
16000
16648
16416
15920
15992
16568
16552
15936
15824
16472
16624
15992
15800
16352
16680
16160
15920
16248
16672
16240
15944
16176
16696
16384
15888
15992
16624
16448
15968
15960
16528
16544
15984
15920
16448
16552
16048
15880
16336
16680
16152
15912
16264
16656
16160
15928
16248
16784
16488
16160
16296
16920
16672
16264
16392
17000
16936
16408
16288
16704
16824
16224
16096
16592
16720
16208
15960
16192
16600
16208
15888
16096
16456
15968
15512
15864
16688
17112
17792
19120
19984
19408
18384
17472
16752
16136
15560
15584
16184
16568
16216
16000
16248
16624
16128
15976
16104
16544
16248
15872
16032
16552
16392
15936
15960
16560
16488
16008
15992
16424
16568
16080
15952
16368
16640
16176
15984
16352
16728
16320
16048
16328
16792
16464
16112
16280
16848
16688
16272
16328
16928
16880
16416
16448
16888
17024
16520
16568
16984
17296
16872
16776
17112
17528
17224
16944
17288
17768
17512
17200
17440
17928
17784
17400
17472
17984
17864
17360
17272
17656
17688
17056
16824
17112
17280
16744
16464
16712
16968
16504
16216
16352
16752
16424
16032
16248
16688
16432
15984
15968
16520
16528
16072
15992
16416
16536
16056
15976
16400
16704
16192
16048
16312
16720
16240
16000
16264
16776
16376
16016
16224
16784
16592
16152
16176
16664
16624
16120
16104
16536
16592
16112
16048
16424
16728
16248
16096
16368
16752
16288
16024
16224
16672
16384
15984
16128
16584
16392
15960
16088
16536
16560
16016
16056
16480
16624
16072
15904
16352
16592
16144
15920
16256
16696
16288
15936
16208
16648
16304
15872
16064
16632
16408
15968
16080
16616
16616
16032
15992
16440
16576
16096
16000
16360
16616
16120
15936
16256
16600
16216
15912
16144
16648
16408
16056
16328
16784
16648
16160
16280
16872
16832
16456
16432
16776
16784
16224
16160
16504
16752
16184
15992
16240
16616
16176
15784
16056
16488
16160
15672
15608
16232
16376
16416
17352
19256
20072
19360
18800
18520
17456
15736
15184
15760
16176
15944
15968
16248
16608
16128
15824
16024
16480
16160
15784
16040
16568
16312
15896
16024
16488
16448
15920
15912
16360
16456
16016
15920
16320
16592
16160
16016
16352
16728
16264
15936
16176
16672
16408
16048
16272
16760
16584
16216
16304
16816
16800
16352
16392
16776
16960
16528
16488
16904
17224
16832
16752
17096
17560
17208
16928
17224
17736
17496
17136
17368
17856
17816
17368
17504
17976
17944
17456
17456
17808
17872
17288
17080
17352
17488
16888
16584
16720
17016
16552
16208
16448
16768
16504
16024
16192
16712
16472
15960
16040
16400
16488
15960
15992
16392
16520
16056
15944
16320
16624
16184
15992
16328
16712
16280
16016
16232
16728
16416
16040
16232
16704
16528
16024
16160
16624
16664
16144
16128
16504
16592
16136
16048
16408
16760
16256
15976
16240
16680
16312
15960
16232
16664
16336
16000
16176
16600
16472
15960
16088
16544
16480
15960
16008
16416
16552
16064
15936
16320
16632
16168
15960
16256
16656
16248
15920
16224
16624
16328
15864
16088
16584
16416
15976
16080
16576
16584
16048
16032
16424
16584
16064
15984
16360
16656
16144
15928
16216
16640
16200
15912
16200
16712
16392
15952
16144
16656
16608
16184
16280
16728
16752
16344
16384
16856
17016
16464
16208
16560
16920
16384
16096
16376
16736
16344
15904
16088
16576
16288
15920
16096
16408
16104
15472
15776
16656
17312
18008
19320
20072
19736
18584
17520
16616
16288
15728
15624
16144
16632
16288
15944
16256
16648
16248
15808
16048
16544
16408
15920
15992
16432
16488
16032
16000
16424
16576
16048
15992
16320
16608
16104
15936
16320
16712
16304
15928
16200
16688
16376
16016
16264
16760
16592
16120
16192
16720
16784
16304
16344
16792
16952
16424
16392
16816
17144
16688
16496
16856
17328
17024
16704
17032
17544
17368
17008
17296
17792
17736
17288
17464
17952
17984
17480
17448
17872
18008
17480
17208
17496
17744
17184
16840
17040
17336
16840
16424
16632
16976
16672
16144
16248
16704
16600
16080
16176
16544
16592
16056
15968
16456
16600
16072
15904
16280
16624
16152
15928
16280
16656
16272
15936
16216
16712
16424
15968
16240
16656
16584
16160
16184
16576
16592
16120
16152
16520
16744
16208
16064
16472
16824
16336
16000
16344
16760
16360
15984
16304
16712
16448
16024
16216
16640
16488
16024
16096
16632
16592
16064
16040
16504
16648
16120
15968
16336
16680
16216
15960
16288
16672
16304
15968
16280
16616
16352
15936
16184
16640
16472
15992
16128
16504
16592
16096
16088
16456
16584
16064
15928
16352
16680
16160
15952
16392
16688
16288
15856
16200
16624
16368
15952
16184
16608
16456
15984
16088
16528
16528
15976
16000
16456
16608
16104
15960
16400
16808
16448
16160
16560
16912
16632
16304
16520
17032
16768
16248
16368
16720
16600
16104
16232
16672
16664
16080
15984
16384
16480
15984
15848
16152
16312
15712
15592
16264
17080
17800
18864
19800
19776
18952
17608
16592
16288
16000
15656
15952
16496
16624
16072
16048
16392
16488
16024
15824
16280
16592
16160
15872
16248
16616
16192
15872
16208
16592
16336
15912
16144
16480
16448
15968
16048
16512
16568
16096
16096
16560
16640
16152
16056
16456
16792
16344
16128
16480
16816
16472
16192
16480
16936
16744
16400
16664
17080
16904
16512
16696
17192
17232
16832
16824
17272
17584
17192
17120
17528
17824
17464
17264
17624
17984
17640
17320
17640
18088
17856
17312
17424
17744
17496
16936
16928
17224
17168
16608
16424
16832
16920
16416
16216
16584
16784
16232
15952
16328
16696
16304
15912
16232
16632
16360
15984
16184
16608
16480
15992
16064
16552
16584
16072
16112
16584
16728
16192
15984
16440
16728
16320
16072
16432
16760
16384
16048
16336
16688
16472
16112
16320
16680
16608
16096
16208
16672
16640
16104
16048
16576
16752
16224
15896
16312
16672
16288
16000
16400
16688
16288
16000
16336
16688
16416
15960
16208
16608
16496
15944
16048
16480
16576
16128
16024
16408
16568
16112
15976
16376
16648
16168
15880
16272
16608
16280
15960
16160
16584
16384
16000
16184
16616
16520
16040
16120
16480
16496
15992
16008
16416
16624
16120
15952
16384
16656
16192
15936
16320
16624
16232
15984
16272
16584
16320
15952
16248
16768
16680
16192
16184
16720
16800
16416
16472
16912
16968
16400
16184
16640
16856
16352
16176
16392
16688
16256
15840
16200
16568
16312
15840
15976
16256
16072
15816
16208
17304
18512
19448
19920
19848
19312
17872
16312
15880
16136
15848
15656
16256
16656
16336
15904
16112
16552
16280
15896
16136
16536
16384
15888
16000
16432
16568
16080
15968
16336
16480
15968
15832
16336
16632
16176
15936
16352
16696
16432
16088
16344
16688
16368
15984
16224
16752
16640
16224
16328
16720
16792
16392
16352
16920
17064
16552
16376
16848
17264
16880
16640
17000
17352
17024
16776
17200
17600
17424
17024
17344
17840
17816
17384
17392
17928
18024
17544
17528
17992
18152
17584
17240
17520
17672
17168
16784
17072
17288
16832
16384
16632
16928
16664
16224
16304
16744
16600
16120
16104
16528
16536
16024
16016
16504
16632
16184
15968
16400
16712
16256
15952
16360
16672
16352
16056
16360
16688
16432
16016
16280
16728
16568
16104
16192
16696
16696
16224
16136
16536
16712
16288
16120
16560
16768
16328
16048
16448
16760
16400
16032
16328
16696
16480
16032
16248
16688
16544
16128
16144
16568
16528
16096
16048
16512
16664
16144
16008
16464
16688
16232
15944
16368
16704
16304
15968
16320
16640
16456
16088
16208
16560
16480
16032
16096
16528
16512
16064
16000
16480
16696
16144
15880
16288
16592
16176
15904
16312
16632
16232
15984
16264
16576
16360
15912
15960
16504
16576
16240
16456
17024
16928
16456
16304
16856
17016
16616
16480
16792
16944
16440
16200
16576
16864
16560
16064
16344
16704
16368
15936
16104
16472
16360
15808
15712
16064
16344
16240
16912
18680
20072
19800
19040
18904
17968
16264
15408
15896
16352
16144
15840
16424
16584
16376
15832
16248
16328
16360
15920
15936
16344
16480
16000
15744
16432
16552
16104
15816
16608
16560
16144
15800
16600
16504
16360
15984
16616
16544
16480
16024
16480
16592
16560
16112
16192
16728
16816
16224
16032
16640
16832
16472
16208
16992
16904
16528
16256
17120
17104
16864
16536
17336
17328
17288
16904
17240
17528
17616
17160
17200
17744
17880
17400
17336
17968
17984
17504
17224
17920
17856
17432
16992
17712
17440
17128
16624
17112
16960
16840
16408
16632
16792
16720
16208
16192
16584
16664
16160
15928
16664
16656
16176
15920
16712
16640
16280
15944
16760
16584
16400
16016
16600
16608
16496
16104
16416
16592
16728
16248
16168
16704
16784
16288
16064
16816
16840
16392
16120
16904
16824
16448
16176
16912
16712
16488
16128
16776
16760
16664
16144
16440
16688
16720
16224
16080
16696
16784
16304
16008
16760
16664
16192
15992
16856
16744
16416
16040
16824
16712
16488
16040
16688
16664
16520
16104
16320
16632
16608
16208
16176
16768
16712
16192
15968
16792
16792
16280
15976
16776
16760
16384
16064
16864
16680
16472
16064
16640
16712
16624
16120
16328
16712
16672
16168
16080
16728
16728
16232
16024
16912
16712
16272
16048
16992
16848
16648
16384
17200
17000
16784
16528
17016
17104
16952
16360
16480
16984
16928
16432
16296
16832
16800
16280
16032
16888
16744
16240
15904
16728
16336
15920
15808
17064
17776
18928
19688
20264
19704
18968
17544
16360
16192
16160
15912
15960
16848
16872
16248
16000
16816
16672
16304
16064
16928
16712
16360
15952
16680
16624
16360
16040
16632
16904
16712
16120
16176
16664
16616
16080
16072
16864
16752
16248
16128
17008
16784
16480
16272
17032
16912
16576
16320
17048
16960
16784
16400
16920
17168
17104
16656
16712
17264
17280
16864
16768
17616
17544
17104
16992
18016
17816
17416
17256
18160
17960
17696
17472
18216
18256
18056
17648
18056
18312
18080
17536
17576
18016
17728
17208
17032
17688
17352
16776
16504
17408
17112
16608
16296
17200
16912
16592
16256
16840
16760
16560
16232
16552
16744
16616
16208
16288
16912
16816
16280
16120
16960
16832
16328
16176
17080
16840
16432
16288
17152
16888
16600
16304
16960
16944
16704
16304
16672
16968
16824
16376
16400
17024
16896
16416
16312
17160
16880
16392
16240
17144
16792
16448
16232
17040
16856
16528
16256
16904
16840
16640
16192
16512
16848
16704
16248
16248
16936
16736
16288
16168
17048
16776
16384
16176
17136
16784
16376
16200
17040
16752
16496
16192
16768
16784
16536
16272
16504
16888
16696
16272
16328
16952
16728
16264
16064
16976
16720
16280
16144
17120
16784
16368
16176
17000
16712
16472
16176
16808
16928
16712
16360
16688
17128
16912
16536
16664
17376
17144
16624
16472
17192
16976
16568
16376
17408
16904
16440
16152
16992
16728
16352
16120
16640
16712
16328
15720
16112
16856
17248
17912
19408
20816
20168
19032
18120
17744
16440
15784
15784
16960
16744
16448
16264
16944
16776
16416
16168
16624
16744
16504
16120
16384
16896
16608
16088
16152
16976
16680
16224
16168
17048
16728
16304
16160
17120
16864
16496
16176
16768
16728
16480
16200
16624
16896
16640
16240
16576
17088
16912
16312
16464
17296
17024
16584
16496
17472
17120
16760
16696
17616
17312
17048
16936
17768
17688
17368
17152
17704
17952
17776
17424
17576
18248
17936
17632
17624
18392
18048
17592
17520
18336
17832
17360
17128
17920
17472
17064
16760
17352
17184
16880
16496
16776
17056
16616
16216
16200
16872
16648
16264
16400
17016
16736
16272
16160
17016
16656
16328
16152
17072
16608
16328
16080
16696
16760
16440
16136
16480
16776
16448
16104
16256
16896
16656
16296
16296
17056
16632
16232
16088
16984
16600
16280
16168
17096
16704
16424
16200
16808
16792
16488
16184
16528
16872
16576
16184
16336
17040
16656
16248
16272
17184
16648
16280
16256
17224
16672
16248
16208
17240
16936
16440
16240
16704
16824
16424
16248
16448
16888
16568
16160
16304
17056
16640
16240
16272
17104
16720
16352
16256
17176
16792
16352
16280
17088
16768
16488
16272
16856
16872
16592
16272
16504
16984
16624
16264
16264
17032
16704
16240
16280
17184
16784
16456
16456
17464
16960
16544
16456
17536
17288
17008
16728
17112
17208
16752
16400
16680
17208
16896
16464
16400
17208
16872
16424
16352
17232
16616
16160
15952
17136
16872
16800
17440
19640
20216
19632
18680
18376
17336
16256
15640
15968
16760
16552
16248
16264
17032
16568
16176
16160
17128
16632
16176
16120
17088
16664
16200
16032
16832
16720
16456
16176
16608
16768
16424
16104
16280
16928
16536
16120
16200
17136
16632
16176
16168
17208
16696
16296
16200
17240
16832
16424
16352
17240
17104
16744
16312
16784
17368
16880
16576
16728
17456
17064
16784
17072
17872
17384
17072
17040
18264
17720
17280
17408
18424
17888
17656
17416
18296
18136
17736
17432
17656
18024
17600
17160
17216
17872
17248
16520
16872
17744
16968
16384
16432
17456
16720
16360
16232
17200
16840
16456
16264
16904
16752
16336
16104
16568
17008
16488
16096
16336
17016
16432
16112
16144
17200
16592
16216
16160
17304
16608
16152
16232
17232
16712
16304
16200
16912
16856
16264
16184
16536
17048
16472
16112
16384
17160
16664
16168
16240
17192
16464
16208
16240
17264
16608
16216
16128
16992
16768
16304
16152
16752
16688
16264
16024
16344
16840
16416
16168
16328
17032
16392
15936
16176
17200
16680
16296
16400
17352
16616
16184
16184
17168
16728
16232
16208
16800
16840
16416
16208
16384
16784
16456
16152
16312
17096
16384
16016
16240
17264
16576
16160
16240
17232
16504
16160
16256
17144
16696
16288
16320
16856
17008
16480
16384
16816
17336
16664
16216
16360
17136
16656
16248
16256
17128
16344
16120
16144
17048
16376
15952
15896
16712
16392
15856
15632
16376
17048
17472
18528
19560
19776
18712
17752
16808
16592
15600
15280
15584
16728
16240
16024
16048
16824
16360
16000
15928
16536
16392
15896
15792
16464
16680
16200
15960
16240
16712
16128
15848
16128
16776
16280
16008
16192
16880
16584
16048
16144
16744
16584
16056
16072
16744
16712
16184
15984
16528
16952
16416
16192
16656
17032
16624
16264
16640
17184
16872
16352
16624
17400
17128
16744
16912
17528
17480
17008
17080
17704
17848
17256
17128
17672
18088
17520
17312
17752
18112
17648
17272
17568
17952
17416
16848
16984
17376
17048
16584
16608
17024
16816
16272
16272
16776
16728
16120
15984
16384
16656
16096
15960
16392
16720
16264
15992
16264
16808
16304
15904
16200
16768
16400
16008
16200
16720
16656
16104
16104
16608
16728
16240
16048
16616
16792
16248
16008
16496
16880
16296
15960
16424
16912
16432
16056
16264
16768
16496
16040
16088
16720
16512
16080
16088
16632
16712
16064
15976
16512
16736
16216
15928
16288
16720
16256
15904
16280
16752
16336
15992
16176
16760
16464
16040
16088
16608
16552
16040
16008
16560
16656
16120
16000
16464
16680
16152
15960
16376
16728
16240
15952
16360
16832
16392
15984
16328
16928
16728
16240
16368
16976
16872
16480
16536
16968
16936
16200
16200
16656
16872
16312
15960
16312
16720
16264
15912
16136
16576
16136
15816
15784
16216
16152
16056
16864
18512
19896
19888
19392
19296
18432
16544
15536
15872
16280
15848
15840
16408
16784
16280
15984
16280
16752
16360
15944
16176
16696
16408
15960
16120
16648
16536
16088
16016
16544
16648
16168
16104
16504
16760
16160
16072
16448
16808
16400
16072
16464
16912
16408
16072
16264
16952
16680
16312
16392
16936
16784
16488
16376
16976
17048
16496
16488
17104
17352
16776
16640
17112
17600
17072
16912
17320
17912
17432
17144
17432
18104
17752
17424
17600
18144
17928
17496
17456
18072
17960
17272
17160
17560
17624
16976
16688
16976
17272
16616
16256
16560
17160
16392
16088
16344
16984
16336
15976
16152
16776
16384
15952
16024
16624
16552
16120
15984
16456
16664
16088
15960
16400
16904
16200
16048
16384
17064
16272
16032
16224
17024
16360
16088
16240
16872
16480
16112
16160
16704
16568
16072
16088
16552
16720
16104
16024
16408
16888
16168
16040
16352
17040
16200
16008
16184
17000
16248
16064
16160
16776
16368
15992
16064
16600
16528
16072
16056
16464
16776
16128
16000
16384
17000
16160
16040
16360
17008
16136
16024
16216
16960
16280
16040
16160
16816
16432
16056
16048
16560
16536
16096
16024
16536
16872
16280
16208
16624
17216
16376
16360
16712
17520
16544
16344
16376
17072
16512
16216
16424
16952
16416
16072
16072
16544
16528
16072
15984
16368
16640
15680
15656
16320
17424
17240
18416
19680
20456
19008
18160
17208
16840
15744
15496
15880
16664
16496
16152
16128
16560
16528
15984
15936
16376
16720
15992
15912
16304
16904
16160
15976
16304
17024
16144
15968
16224
16944
16280
16000
16128
16768
16440
16064
16032
16616
16696
16144
16168
16656
16968
16208
16200
16608
17288
16408
16320
16624
17384
16528
16368
16640
17320
16840
16624
16760
17328
17160
16752
16832
17472
17640
17120
17152
17640
18056
17336
17224
17720
18416
17544
17432
17736
18496
17632
17416
17496
18072
17384
16992
17064
17448
17120
16600
16544
16976
16968
16392
16320
16688
17088
16168
16136
16472
17160
16160
16008
16328
17080
16208
16008
16232
16840
16344
16040
16152
16752
16536
16072
16048
16592
16744
16096
16168
16544
16976
16112
16016
16400
17104
16232
16040
16424
17136
16424
16176
16416
17032
16400
16072
16264
16840
16568
15912
15992
16448
16656
15952
16096
16712
17104
16168
16144
16432
17008
15832
15664
16112
16888
16112
15840
15952
16472
15904
15696
15920
16504
16296
15792
15864
16448
16632
15880
15848
16256
16752
15832
15768
16184
16936
15912
15776
16072
16808
16056
15832
16040
16632
16112
15784
15976
16568
16456
16024
16168
16592
16752
16208
16264
16720
17272
16288
16232
16488
17152
16088
15984
16296
16928
16216
15976
16096
16584
16120
15792
15992
16440
16128
15344
15584
16392
17320
17720
19192
20304
20344
18664
17648
16688
16464
15424
15456
15848
16688
16104
15912
16056
16576
16160
15840
16040
16552
16456
15896
15992
16416
16664
15800
15880
16296
16840
15832
15864
16176
16896
15880
15864
16216
16840
16144
15928
16216
16752
16376
16080
16264
16736
16664
16088
16160
16632
17000
16216
16264
16712
17336
16360
16416
16800
17488
16568
16464
16888
17568
16912
16752
17000
17656
17344
17000
17208
17720
17776
17224
17408
17936
18184
17464
17464
17944
18528
17432
17312
17640
18168
17112
16944
17112
17520
16792
16496
16672
17056
16736
16280
16432
16864
16784
16088
16168
16696
17008
16064
16072
16520
17128
16104
16096
16456
17016
16184
16136
16384
16920
16264
16040
16320
16864
16544
16088
16288
16784
16792
16136
16224
16712
17056
16144
16176
16640
17224
16152
16144
16552
17160
16208
16096
16432
16960
16312
16056
16320
16816
16416
16072
16152
16656
16704
15936
16112
16616
16936
15944
16032
16512
17120
16008
15984
16368
17008
16120
15944
16296
16784
16240
15952
16232
16704
16416
15904
16128
16592
16664
15928
16056
16560
16936
16016
16032
16408
17008
16016
15968
16368
17024
16200
16168
16512
17080
16464
16224
16616
17072
16888
16312
16376
16800
16952
16152
16192
16664
17016
15952
15992
16392
16912
15928
15880
16248
16760
15744
15488
16024
16824
16824
17520
19168
20128
19480
18224
17528
16744
16224
15312
15664
16392
16928
16000
15968
16336
16840
15832
15800
16216
16776
15952
15792
16112
16624
16192
15880
16088
16504
16344
15880
16072
16544
16696
15760
15976
16464
16864
15848
15944
16440
16952
16032
16016
16400
16976
16040
16024
16360
16808
16352
16056
16440
16880
16784
16192
16504
17080
17272
16384
16512
17056
17480
16584
16704
17224
17760
16896
16920
17352
17920
17240
17080
17448
18008
17608
17248
17568
18048
17928
17160
17360
17680
17792
16784
16864
17216
17648
16416
16392
16784
17200
16168
16024
16392
16960
16152
15976
16176
16672
16264
15920
16144
16512
16416
15632
15984
16560
16736
15760
15920
16464
16848
15800
15888
16320
16776
15856
15848
16280
16848
16096
15880
16272
16672
16312
15840
16152
16616
16496
15880
16104
16656
16808
15960
16072
16536
16880
15928
15976
16376
16752
16008
15888
16312
16760
16200
15896
16264
16640
16304
15848
16104
16672
16504
15880
16000
16480
16480
15872
15872
16424
16544
16024
15936
16424
16616
16056
15712
16152
16560
16264
15808
16136
16536
16264
15848
16000
16472
16416
15840
15952
16504
16520
15944
15904
16480
16680