-58
-59
-60
-57
-58
-59
-62
-61
-56
-59
-62
-58
-56
-57
-54
-56
-53
-47
-44
-40
-35
-30
-28
-27
-30
-32
-31
-36
-33
-31
-32
-45
-50
-50
-50
-55
-58
-52
-53
-60
-62
-58
-58
-61
-62
-60
-57
-59
-62
-65
-61
-62
-63
-61
-61
-61
-63
-60
-59
-58
-61
-58
-54
-56
-64
-75
-90
-98
-81
-32
48
175
312
481
594
544
272
61
-65
-127
-151
-171
-164
-132
-94
-66
-47
-37
-35
-34
-39
-33
-26
-28
-30
-27
-23
-21
-25
-25
-21
-23
-23
-21
-18
-17
-18
-15
-11
-11
-14
-10
-7
-7
-7
-3
3
5
7
11
17
19
21
29
40
48
54
59
70
84
92
102
118
133
147
158
173
192
207
216
227
240
250
248
243
239
228
210
188
168
145
116
92
70
54
36
19
4
-6
-14
-26
-34
-36
-37
-40
-41
-47
-49
-51
-52
-50
-51
-50
-49
-47
-47
-51
-54
-52
-48
-49
-53
-57
-54
-53
-58
-54
-51
-52
-57
-55
-58
-59
-58
-58
-54
-56
-59
-62
-59
-59
-63
-66
-65
-61
-62
-67
-69
-62
-63
-67
-67
-68
-68
-71
-71
-72
-67
-71
-72
-72
-71
-75
-78
-74
-73
-73
-75
-75
-76
-74
-71
-71
-71
-73
-75
-78
-76
-77
-76
-74
-71
-70
-74
-77
-77
-71
-71
-76
-72
-75
-76
-78
-75
-74
-72
-73
-78
-77
-80
-80
-78
-76
-78
-76
-76
-82
-84
-81
-81
-81
-78
-77
-76
-72
-69
-64
-64
-53
-47
-48
-58
-61
-58
-57
-57
-56
-59
-64
-72
-80
-82
-82
-88
-88
-83
-83
-87
-87
-86
-84
-91
-91
-83
-84
-86
-88
-89
-88
-87
-86
-83
-83
-83
-87
-88
-82
-81
-84
-84
-82
-80
-99
-126
-131
-106
-49
40
167
300
443
537
473
222
40
-79
-143
-169
-186
-191
-172
-137
-100
-77
-66
-60
-59
-59
-53
-52
-49
-48
-51
-49
-44
-46
-50
-44
-36
-41
-42
-37
-36
-36
-35
-34
-36
-30
-29
-34
-33
-28
-24
-22
-19
-16
-14
-13
-9
0
8
15
21
28
38
44
53
64
79
94
105
115
128
139
154
171
185
193
198
206
211
207
204
194
175
154
131
109
89
68
42
20
7
-7
-20
-31
-38
-47
-55
-60
-59
-58
-62
-68
-70
-68
-68
-69
-70
-71
-67
-67
-74
-74
-69
-69
-69
-68
-67
-69
-66
-65
-63
-62
-62
-63
-62
-62
-62
-60
-57
-56
-58
-61
-59
-58
-60
-59
-56
-58
-61
-64
-63
-62
-66
-66
-67
-65
-66
-66
-62
-60
-69
-71
-64
-61
-66
-73
-69
-63
-62
-65
-67
-61
-65
-66
-66
-60
-58
-60
-65
-62
-59
-62
-65
-63
-64
-62
-63
-64
-63
-64
-62
-62
-64
-65
-67
-64
-62
-64
-66
-66
-62
-62
-64
-62
-61
-60
-65
-63
-59
-58
-62
-62
-57
-51
-52
-56
-52
-48
-40
-39
-33
-24
-24
-31
-36
-30
-28
-27
-28
-31
-33
-44
-48
-48
-47
-53
-54
-53
-51
-52
-53
-55
-55
-55
-57
-56
-55
-53
-54
-54
-54
-54
-55
-56
-52
-49
-50
-51
-47
-48
-64
-83
-89
-64
-13
67
192
327
482
589
542
285
87
-38
-110
-130
-145
-153
-133
-93
-56
-37
-28
-23
-21
-19
-21
-16
-11
-14
-15
-14
-11
-8
-11
-9
-6
-3
-3
-1
1
-1
-6
-7
-3
0
2
2
7
11
12
15
22
26
30
33
37
45
47
51
60
68
77
84
96
109
121
132
144
163
179
190
200
216
230
241
250
257
262
260
250
238
224
204
181
157
133
113
90
70
51
35
21
10
4
-2
-8
-15
-18
-19
-21
-25
-24
-21
-25
-28
-27
-22
-24
-26
-26
-20
-23
-25
-24
-25
-22
-22
-21
-23
-22
-22
-25
-22
-20
-22
-26
-22
-20
-20
-19
-24
-22
-21
-25
-26
-23
-22
-25
-24
-24
-25
-27
-28
-27
-23
-25
-30
-27
-26
-26
-29
-26
-24
-26
-29
-29
-26
-29
-31
-32
-27
-30
-32
-33
-29
-29
-34
-32
-30
-30
-34
-34
-30
-31
-33
-35
-34
-32
-32
-34
-34
-33
-32
-35
-37
-32
-31
-32
-35
-32
-32
-33
-32
-33
-30
-35
-37
-35
-32
-34
-37
-35
-30
-32
-38
-38
-34
-32
-37
-36
-31
-33
-32
-30
-27
-26
-20
-15
-11
-6
-6
-3
-3
-5
-8
-4
-5
-4
-5
-15
-19
-21
-24
-28
-31
-31
-30
-31
-34
-31
-31
-33
-33
-31
-30
-32
-35
-35
-33
-32
-34
-33
-30
-33
-33
-30
-28
-29
-28
-27
-33
-45
-64
-72
-53
-2
77
199
342
511
623
569
307
95
-35
-102
-124
-138
-137
-109
-72
-38
-17
-10
-8
-7
-8
-10
-9
0
2
-1
-2
2
5
5
3
7
9
8
7
9
12
14
12
13
15
19
17
19
23
27
28
30
36
40
39
45
51
55
59
64
75
85
93
101
114
128
139
153
168
186
201
211
224
240
253
259
267
273
273
265
253
241
222
199
174
149
124
100
79
66
54
35
23
12
10
3
-5
-13
-15
-14
-16
-18
-17
-14
-17
-20
-20
-17
-17
-20
-18
-17
-16
-18
-18
-15
-17
-17
-18
-15
-15
-15
-20
-18
-16
-18
-20
-17
-19
-22
-23
-21
-19
-19
-23
-20
-18
-22
-25
-24
-21
-23
-30
-32
-27
-30
-32
-31
-26
-29
-33
-35
-35
-34
-38
-39
-39
-35
-35
-37
-35
-35
-37
-39
-38
-39
-39
-43
-44
-40
-42
-43
-46
-45
-45
-45
-46
-38
-41
-48
-48
-47
-46
-50
-50
-49
-47
-46
-50
-47
-47
-50
-54
-51
-47
-47
-54
-58
-53
-48
-51
-54
-50
-52
-56
-55
-53
-47
-49
-55
-54
-48
-49
-49
-42
-36
-32
-32
-25
-19
-21
-27
-28
-24
-26
-28
-34
-35
-45
-46
-52
-51
-53
-55
-57
-56
-51
-55
-58
-61
-58
-59
-61
-64
-63
-56
-58
-59
-57
-56
-59
-62
-59
-57
-57
-56
-55
-56
-56
-66
-83
-99
-103
-73
-2
107
235
365
505
564
425
171
14
-87
-130
-155
-170
-167
-135
-100
-72
-53
-42
-38
-39
-37
-32
-35
-37
-35
-27
-28
-28
-30
-23
-23
-29
-25
-21
-20
-21
-22
-22
-22
-21
-21
-17
-14
-13
-10
-3
-2
-4
-2
2
11
14
13
16
24
34
37
44
57
70
78
88
101
115
129
145
162
174
186
188
199
210
215
218
214
210
192
176
161
144
121
94
68
51
38
18
-5
-16
-24
-36
-45
-49
-49
-53
-60
-56
-51
-58
-67
-72
-67
-63
-61
-58
-59
-63
-66
-68
-68
-61
-59
-60
-58
-57
-59
-60
-61
-59
-59
-63
-63
-61
-59
-62
-59
-57
-60
-59
-55
-56
-62
-61
-62
-64
-64
-65
-62
-62
-58
-63
-65
-63
-65
-68
-67
-65
-64
-64
-66
-61
-61
-65
-69
-67
-62
-57
-62
-71
-66
-60
-64
-71
-71
-64
-64
-67
-65
-62
-67
-71
-67
-62
-61
-67
-69
-63
-63
-69
-69
-63
-60
-61
-64
-62
-61
-60
-60
-63
-64
-63
-63
-60
-53
-57
-65
-60
-51
-53
-54
-52
-45
-40
-40
-35
-25
-27
-36
-37
-28
-26
-28
-34
-34
-43
-49
-51
-52
-54
-57
-59
-60
-55
-54
-57
-56
-56
-55
-60
-61
-58
-55
-59
-61
-57
-57
-59
-62
-58
-57
-54
-59
-66
-81
-98
-97
-57
24
137
267
407
543
564
358
132
2
-88
-135
-157
-166
-155
-124
-87
-58
-42
-37
-40
-34
-29
-26
-31
-32
-26
-25
-23
-20
-16
-19
-19
-18
-15
-14
-17
-15
-13
-7
-9
-10
-8
-7
-5
-5
-2
1
6
7
10
18
23
27
26
32
40
47
56
64
74
85
94
107
123
135
148
163
178
188
198
211
224
234
237
239
237
227
209
188
175
154
128
103
85
69
48
26
12
6
-5
-16
-25
-26
-30
-35
-34
-35
-36
-39
-38
-37
-37
-39
-37
-35
-37
-37
-37
-35
-33
-35
-37
-34
-32
-35
-33
-31
-29
-30
-30
-31
-29
-27
-34
-34
-29
-28
-34
-35
-32
-33
-34
-36
-33
-33
-35
-39
-35
-33
-35
-38
-39
-35
-37
-40
-40
-37
-37
-40
-38
-38
-38
-41
-40
-38
-38
-40
-38
-35
-38
-40
-40
-37
-36
-35
-37
-38
-38
-39
-36
-36
-34
-35
-37
-37
-35
-36
-40
-39
-36
-35
-38
-38
-35
-32
-33
-40
-35
-33
-34
-36
-35
-31
-32
-35
-36
-32
-32
-33
-32
-30
-30
-33
-33
-32
-30
-31
-30
-27
-26
-26
-26
-21
-18
-11
-8
-5
0
4
4
1
1
0
-1
1
4
-2
-9
-16
-17
-17
-19
-24
-26
-20
-23
-26
-24
-21
-23
-26
-23
-21
-22
-25
-24
-22
-21
-24
-25
-21
-20
-22
-22
-21
-26
-44
-60
-52
-9
61
168
310
464
610
634
439
177
22
-77
-107
-121
-130
-110
-77
-36
-14
-1
5
7
8
6
8
13
16
13
15
19
22
21
20
23
26
25
24
27
32
30
30
33
33
35
35
36
40
43
45
46
53
58
59
60
65
74
78
83
91
99
108
116
129
142
154
166
181
199
213
224
235
252
264
272
280
288
292
286
276
266
248
225
202
178
156
134
110
93
78
63
46
37
31
24
16
10
13
14
11
3
4
6
4
2
4
8
7
4
4
8
7
3
5
6
8
5
6
7
9
6
2
5
7
6
4
6
4
3
1
7
9
2
-2
-1
2
-1
-3
-1
0
1
-4
-2
2
0
-3
-3
-5
-4
-7
-9
-6
-6
-7
-11
-7
-5
-5
-9
-10
-7
-8
-7
-8
-7
-5
-8
-9
-10
-12
-15
-15
-11
-11
-12
-13
-11
-13
-13
-15
-13
-12
-13
-14
-12
-11
-14
-15
-17
-15
-16
-18
-19
-13
-14
-16
-18
-19
-18
-20
-21
-17
-15
-19
-20
-20
-18
-22
-23
-18
-16
-16
-13
-11
-10
-7
-3
-2
6
14
17
12
7
10
13
13
8
11
5
-6
-9
-8
-6
-9
-11
-15
-16
-18
-19
-17
-20
-22
-25
-21
-21
-23
-24
-21
-20
-26
-29
-27
-23
-25
-25
-22
-20
-21
-23
-32
-51
-66
-59
-14
68
182
306
447
573
575
362
138
10
-69
-105
-132
-144
-126
-90
-53
-28
-17
-15
-14
-5
-1
0
0
-5
-2
-3
-1
2
4
2
1
3
9
9
1
2
9
11
13
10
12
13
14
17
23
28
26
28
34
41
45
47
53
58
64
66
72
86
95
108
123
135
144
158
168
180
199
208
219
231
242
253
258
260
254
245
233
217
196
175
146
122
105
83
68
52
33
23
14
4
2
-4
-16
-18
-20
-23
-20
-20
-25
-24
-22
-28
-28
-26
-24
-27
-31
-26
-21
-27
-30
-25
-24
-24
-29
-28
-22
-18
-16
-20
-21
-22
-24
-22
-18
-14
-20
-22
-22
-20
-23
-26
-25
-21
-22
-21
-20
-22
-20
-21
-26
-25
-31
-33
-31
-25
-25
-25
-28
-29
-27
-27
-25
-25
-22
-26
-32
-33
-26
-23
-26
-26
-24
-25
-30
-27
-24
-23
-25
-27
-24
-22
-22
-26
-22
-22
-26
-25
-20
-18
-22
-23
-23
-22
-25
-22
-20
-21
-22
-26
-23
-22
-21
-22
-19
-18
-20
-22
-20
-15
-13
-9
-7
-3
2
6
12
12
10
3
8
11
12
10
1
-5
-4
-6
-16
-19
-17
-17
-20
-20
-16
-13
-17
-21
-17
-18
-18
-17
-15
-17
-17
-18
-17
-14
-15
-15
-12
-11
-19
-37
-55
-59
-33
33
129
261
397
543
617
500
244
86
-24
-74
-94
-113
-125
-99
-59
-26
-4
9
14
11
8
13
17
20
20
22
26
27
27
25
31
33
30
28
35
36
36
37
34
36
41
39
40
46
46
47
50
55
60
65
70
73
75
79
87
95
102
111
118
130
141
153
162
180
195
201
213
230
245
256
266
279
287
290
284
277
268
251
226
204
184
162
139
117
100
84
70
56
42
36
31
23
17
18
14
10
10
12
11
8
7
8
11
5
4
8
9
7
7
11
13
12
11
12
11
11
12
15
16
12
13
13
16
14
12
11
12
12
9
10
10
10
8
8
9
9
9
6
8
9
10
9
11
10
8
4
0
7
9
4
2
5
7
7
6
5
5
2
1
1
4
2
3
5
4
6
1
2
6
8
5
4
9
9
9
8
11
7
5
8
6
6
5
18
24
26
12
-8
-25
-5
16
14
8
-5
-5
-10
6
36
42
28
19
22
22
21
12
20
24
23
21
15
14
13
24
28
26
42
42
45
58
57
47
43
32
34
36
29
33
29
25
26
25
20
14
20
22
19
14
5
17
22
14
13
15
19
17
12
11
13
9
13
7
-3
-10
-25
-18
21
96
221
365
522
638
614
372
151
26
-56
-84
-107
-108
-82
-43
-8
14
23
25
21
26
31
31
31
39
41
39
36
42
40
40
39
42
38
39
42
50
56
58
58
60
62
59
66
68
67
76
82
82
88
94
92
96
102
106
117
123
137
150
158
166
176
189
205
218
223
237
255
265
280
299
310
313
315
319
312
299
283
264
247
220
193
168
149
128
109
88
81
66
59
49
49
50
39
39
36
32
31
25
28
32
33
28
34
35
32
26
33
37
35
35
34
34
37
35
27
27
24
19
17
24
24
18
15
19
27
22
17
19
15
11
9
15
18
19
11
11
12
9
3
3
7
7
9
8
9
12
8
7
9
13
9
7
6
10
15
15
15
15
13
6
7
9
15
14
11
15
16
10
2
6
8
6
3
4
5
0
1
4
4
2
0
-3
-2
0
-7
-9
-10
-7
-11
-12
-12
-15
-20
-21
-15
-15
-18
-24
-16
-16
-18
-16
-8
-2
1
8
6
1
3
-2
2
1
-1
-5
-13
-21
-21
-23
-29
-29
-29
-33
-35
-31
-30
-30
-30
-34
-29
-27
-32
-39
-40
-35
-40
-39
-36
-34
-37
-36
-28
-34
-56
-81
-79
-47
24
133
270
400
532
585
430
197
58
-44
-93
-121
-138
-149
-119
-76
-44
-27
-18
-15
-13
-14
-10
-10
-4
-3
-6
1
4
0
-5
-4
4
4
5
6
12
11
6
13
16
11
13
12
14
18
23
27
30
30
32
33
41
49
54
62
63
71
84
91
98
111
123
134
145
162
173
180
196
212
223
228
237
246
252
245
235
224
205
182
156
137
119
96
77
60
47
30
14
3
-4
-9
-17
-22
-22
-22
-28
-26
-22
-22
-28
-32
-31
-28
-27
-30
-27
-25
-27
-29
-28
-23
-23
-26
-25
-20
-21
-20
-21
-21
-22
-26
-25
-26
-25
-24
-25
-24
-24
-25
-27
-24
-23
-23
-30
-31
-28
-26
-30
-32
-28
-30
-33
-32
-25
-26
-29
-30
-29
-27
-26
-28
-30
-30
-32
-32
-31
-31
-31
-34
-33
-31
-28
-32
-29
-28
-28
-29
-29
-28
-29
-32
-33
-32
-30
-31
-30
-25
-24
-30
-30
-28
-25
-26
-31
-27
-27
-30
-32
-30
-28
-26
-26
-25
-21
-20
-20
-22
-21
-12
-8
-8
-9
-2
3
5
1
2
4
1
2
6
1
-10
-15
-16
-13
-17
-23
-21
-21
-22
-28
-27
-29
-26
-28
-27
-27
-29
-29
-27
-24
-27
-28
-27
-24
-25
-34
-46
-62
-66
-48
14
112
244
380
533
625
521
250
82
-29
-89
-115
-132
-133
-108
-75
-46
-24
-9
-6
-8
-7
-2
1
0
2
4
7
5
4
6
7
7
4
9
12
10
12
13
17
16
17
17
20
26
23
23
29
32
34
38
46
49
49
53
63
72
78
83
95
110
117
126
140
156
170
182
195
212
222
231
240
252
259
259
257
250
239
221
199
177
155
131
106
88
67
50
34
22
11
1
-6
-13
-13
-18
-22
-22
-20
-20
-24
-27
-24
-23
-27
-25
-23
-23
-25
-27
-25
-22
-24
-26
-23
-21
-22
-26
-25
-24
-23
-26
-26
-21
-22
-24
-25
-23
-23
-26
-27
-27
-26
-30
-31
-31
-29
-30
-33
-33
-34
-33
-36
-37
-36
-34
-35
-37
-35
-37
-39
-40
-37
-37
-41
-41
-39
-38
-41
-42
-40
-39
-41
-42
-41
-39
-41
-44
-43
-40
-39
-44
-46
-42
-41
-43
-45
-42
-41
-43
-45
-44
-42
-44
-46
-46
-41
-42
-45
-43
-42
-42
-46
-44
-44
-42
-45
-46
-44
-43
-43
-42
-39
-41
-40
-40
-36
-32
-27
-25
-21
-16
-14
-14
-18
-18
-15
-18
-15
-12
-17
-28
-34
-33
-34
-36
-41
-40
-40
-42
-46
-42
-41
-42
-46
-45
-42
-42
-46
-48
-44
-45
-47
-47
-46
-44
-42
-44
-48
-59
-82
-85
-58
3
92
222
375
547
629
517
232
53
-64
-119
-134
-151
-144
-116
-79
-47
-28
-25
-24
-19
-17
-19
-17
-12
-10
-11
-13
-11
-10
-9
-9
-8
-6
-5
-5
-5
0
0
0
-2
1
6
4
3
7
11
11
15
18
24
26
29
36
41
45
52
62
72
80
90
104
118
129
141
156
175
190
200
211
228
240
245
251
256
256
243
227
211
195
170
142
119
98
75
52
34
22
9
-3
-14
-16
-22
-29
-34
-33
-34
-41
-44
-40
-34
-37
-39
-38
-38
-41
-46
-46
-44
-42
-44
-44
-44
-46
-46
-43
-38
-39
-41
-44
-42
-45
-49
-50
-48
-46
-48
-50
-47
-47
-51
-54
-53
-51
-57
-62
-60
-57
-57
-61
-58
-55
-56
-59
-62
-63
-62
-62
-64
-63
-63
-65
-69
-69
-65
-66
-73
-74
-71
-72
-72
-69
-68
-70
-74
-74
-72
-71
-76
-77
-74
-73
-73
-75
-77
-76
-74
-72
-70
-72
-72
-75
-77
-77
-78
-79
-78
-75
-77
-78
-80
-80
-81
-83
-85
-80
-78
-78
-80
-75
-76
-79
-74
-68
-63
-63
-64
-57
-49
-52
-63
-64
-57
-56
-53
-51
-54
-62
-75
-81
-79
-76
-83
-86
-79
-80
-82
-92
-89
-87
-88
-90
-88
-84
-86
-92
-93
-87
-86
-88
-92
-90
-88
-92
-92
-86
-88
-97
-107
-123
-131
-120
-69
26
152
278
426
537
500
250
53
-71
-138
-168
-192
-203
-184
-149
-115
-90
-79
-74
-70
-68
-64
-61
-61
-60
-60
-61
-58
-60
-55
-51
-54
-56
-60
-56
-55
-53
-51
-47
-49
-48
-47
-45
-40
-38
-40
-40
-39
-36
-33
-21
-16
-18
-14
-8
2
9
18
25
37
47
54
63
84
99
106
118
133
145
155
168
180
187
189
187
183
173
159
131
110
91
70
45
26
9
-10
-24
-40
-51
-60
-71
-77
-76
-77
-83
-89
-91
-90
-93
-91
-87
-86
-90
-96
-97
-94
-91
-92
-89
-87
-85
-85
-91
-91
-89
-91
-92
-84
-81
-86
-87
-85
-82
-84
-86
-87
-84
-87
-89
-86
-82
-80
-85
-86
-88
-88
-89
-89
-89
-88
-89
-91
-90
-88
-85
-90
-89
-88
-93
-92
-93
-89
-91
-88
-90
-90
-90
-94
-92
-88
-87
-92
-94
-92
-89
-87
-90
-84
-85
-90
-90
-88
-84
-87
-91
-88
-85
-85
-87
-89
-84
-84
-84
-83
-79
-81
-88
-89
-86
-82
-82
-83
-81
-84
-81
-81
-75
-71
-66
-65
-64
-55
-52
-55
-56
-54
-54
-54
-49
-47
-54
-66
-72
-73
-72
-74
-76
-73
-77
-81
-81
-79
-77
-77
-81
-82
-80
-79
-83
-82
-79
-83
-84
-84
-79
-78
-80
-82
-79
-77
-92
-115
-126
-106
-55
29
156
291
447
559
516
259
60
-66
-137
-165
-187
-195
-171
-132
-97
-78
-64
-59
-58
-61
-57
-53
-48
-48
-47
-45
-40
-38
-43
-43
-39
-38
-40
-38
-35
-33
-34
-35
-29
-27
-28
-28
-24
-20
-16
-15
-10
-3
-1
-3
2
11
14
19
27
35
45
51
63
79
89
100
114
131
144
158
170
186
200
209
216
226
232
228
219
207
193
170
147
125
105
80
56
40
23
7
-8
-20
-26
-32
-39
-45
-45
-44
-50
-55
-54
-52
-52
-54
-54
-50
-50
-52
-52
-49
-48
-52
-50
-49
-48
-48
-47
-45
-44
-49
-51
-47
-48
-48
-49
-46
-43
-49
-50
-48
-45
-47
-48
-48
-46
-49
-53
-52
-47
-47
-54
-51
-49
-48
-54
-56
-52
-51
-51
-54
-51
-48
-51
-54
-53
-50
-50
-51
-52
-50
-50
-52
-52
-50
-48
-52
-52
-51
-48
-51
-51
-48
-46
-48
-51
-49
-48
-48
-49
-47
-46
-49
-50
-48
-44
-45
-46
-47
-42
-43
-47
-47
-44
-42
-46
-47
-45
-43
-46
-48
-45
-42
-45
-48
-44
-42
-41
-41
-39
-36
-31
-26
-24
-18
-13
-10
-13
-14
-15
-15
-16
-15
-10
-17
-25
-31
-32
-32
-35
-37
-37
-37
-40
-39
-37
-38
-39
-39
-36
-38
-39
-40
-38
-37
-40
-40
-38
-35
-38
-38
-35
-29
-33
-38
-35
-43
-64
-79
-58
-4
78
199
342
516
628
576
306
100
-25
-97
-123
-141
-138
-113
-75
-41
-16
-8
-8
-5
-3
0
1
1
5
8
6
8
12
12
11
11
14
15
16
17
20
22
23
21
26
30
29
29
33
38
41
40
45
52
57
57
64
74
80
84
89
101
113
119
128
144
160
171
185
199
218
232
244
257
272
281
287
293
292
287
273
257
236
216
189
165
145
123
102
84
69
56
46
35
28
26
19
15
14
17
14
9
6
7
8
4
5
8
9
7
8
11
14
11
6
11
15
11
7
11
14
12
12
8
10
9
9
8
12
10
5
6
10
11
8
5
6
6
4
-1
1
5
4
0
2
6
7
-2
-6
-2
-2
-2
-5
0
0
-5
-6
-4
-6
-11
-11
-10
-9
-9
-9
-7
-8
-9
-13
-10
-5
-4
-6
-3
-1
-7
-12
-14
-11
-11
-13
-14
-10
-8
-11
-9
-8
-5
-5
-9
-11
-9
-11
-15
-14
-13
-11
-14
-12
-12
-11
-14
-15
-11
-13
-16
-16
-15
-13
-16
-17
-10
0
0
7
15
17
11
4
1
8
10
12
14
11
-1
-11
-16
-15
-14
-23
-25
-18
-17
-17
-22
-21
-18
-26
-28
-31
-26
-27
-28
-25
-25
-27
-29
-30
-27
-23
-23
-20
-26
-30
-34
-35
-32
-41
-59
-72
-55
-3
78
199
325
472
589
575
340
122
-11
-87
-116
-133
-147
-133
-95
-59
-35
-21
-15
-9
-6
-10
-10
-3
-4
-7
-6
-4
-3
-2
-2
3
7
1
-2
1
1
4
1
6
11
11
6
9
14
13
13
13
23
26
29
33
37
43
45
51
63
72
74
79
95
110
122
131
146
160
173
182
195
208
221
227
231
240
243
237
229
215
191
168
145
129
107
78
56
39
24
8
-3
-12
-18
-20
-28
-33
-36
-39
-44
-44
-44
-43
-46
-47
-44
-42
-44
-49
-49
-47
-53
-51
-49
-44
-45
-47
-48
-46
-42
-45
-43
-40
-40
-46
-48
-46
-46
-48
-48
-47
-45
-46
-50
-48
-45
-47
-54
-56
-51
-51
-49
-50
-52
-56
-56
-57
-57
-51
-54
-58
-58
-54
-55
-59
-60
-59
-56
-60
-57
-55
-54
-56
-58
-56
-58
-58
-59
-58
-57
-58
-58
-53
-52
-60
-61
-56
-51
-54
-58
-59
-56
-53
-56
-55
-53
-55
-60
-58
-55
-53
-56
-61
-56
-50
-53
-59
-55
-54
-54
-52
-49
-46
-43
-40
-37
-29
-25
-26
-28
-26
-25
-28
-27
-25
-28
-41
-48
-47
-48
-50
-56
-55
-53
-55
-53
-49
-50
-56
-57
-58
-58
-58
-60
-58
-56
-54
-59
-57
-56
-55
-58
-55
-50
-51
-53
-59
-66
-84
-99
-90
-40
42
161
293
443
577
570
335
112
-15
-98
-134
-155
-167
-151
-117
-81
-56
-39
-34
-34
-31
-30
-30
-29
-25
-22
-23
-25
-20
-18
-18
-21
-18
-13
-14
-15
-15
-12
-12
-12
-9
-6
-4
-5
-4
1
6
5
5
14
21
22
23
29
37
41
46
54
69
78
85
97
111
127
137
150
165
182
192
202
217
227
232
236
239
234
220
204
186
168
146
119
96
78
54
34
17
8
-5
-18
-26
-31
-34
-40
-43
-43
-44
-49
-50
-45
-43
-45
-49
-47
-45
-46
-49
-48
-44
-47
-49
-51
-47
-45
-46
-48
-45
-42
-44
-46
-44
-44
-47
-49
-45
-47
-47
-48
-47
-48
-47
-50
-49
-48
-52
-52
-53
-50
-53
-56
-55
-53
-52
-56
-57
-54
-54
-58
-57
-56
-54
-56
-61
-59
-58
-59
-64
-60
-58
-58
-61
-64
-59
-60
-60
-62
-60
-60
-60
-61
-61
-58
-60
-63
-62
-61
-60
-63
-63
-63
-62
-65
-64
-64
-62
-66
-64
-62
-62
-65
-66
-63
-64
-65
-67
-64
-62
-63
-65
-65
-65
-68
-66
-66
-64
-65
-68
-64
-58
-59
-61
-57
-47
-43
-41
-40
-33
-33
-39
-43
-36
-36
-37
-40
-46
-50
-57
-62
-64
-63
-65
-68
-68
-65
-66
-68
-69
-69
-68
-70
-71
-68
-69
-71
-72
-69
-68
-70
-71
-68
-67
-69
-69
-67
-64
-66
-71
-85
-103
-106
-86
-25
66
196
335
503
594
498
214
26
-86
-138
-160
-182
-174
-140
-101
-75
-57
-46
-43
-46
-46
-41
-37
-38
-37
-36
-35
-36
-36
-33
-31
-32
-33
-30
-29
-30
-30
-26
-23
-25
-25
-22
-18
-18
-16
-13
-9
-9
-6
-2
5
10
12
17
24
33
37
42
55
68
76
86
103
119
132
144
157
173
187
197
208
223
229
228
226
222
212
194
173
150
130
106
79
57
37
19
0
-12
-23
-30
-38
-44
-46
-50
-54
-56
-56
-58
-59
-60
-57
-57
-62
-62
-57
-55
-61
-62
-60
-58
-60
-61
-58
-57
-58
-62
-60
-57
-58
-62
-61
-59
-58
-61
-61
-57
-56
-58
-62
-68
-65
-65
-64
-65
-63
-66
-70
-71
-70
-71
-73
-72
-72
-71
-75
-74
-72
-73
-76
-78
-77
-79
-78
-79
-77
-77
-81
-83
-82
-79
-84
-83
-82
-80
-81
-87
-88
-87
-84
-87
-84
-79
-81
-87
-88
-85
-86
-91
-92
-85
-86
-87
-92
-92
-88
-88
-90
-90
-84
-85
-87
-88
-92
-92
-95
-94
-89
-90
-94
-96
-94
-91
-92
-95
-94
-92
-90
-91
-89
-89
-90
-86
-78
-71
-69
-64
-61
-65
-68
-68
-67
-63
-64
-76
-82
-87
-86
-86
-93
-94
-95
-97
-97
-92
-93
-96
-103
-102
-97
-97
-101
-101
-97
-97
-98
-100
-97
-95
-100
-105
-106
-100
-98
-96
-95
-97
-97
-96
-101
-117
-138
-144
-115
-43
54
183
319
471
546
424
156
-11
-120
-170
-194
-213
-210
-179
-137
-103
-82
-75
-81
-81
-80
-79
-79
-74
-65
-64
-68
-66
-63
-66
-71
-71
-63
-56
-57
-65
-63
-57
-57
-55
-55
-50
-51
-56
-54
-46
-42
-43
-42
-36
-32
-30
-25
-16
-10
-5
3
14
19
24
36
52
67
77
90
105
119
130
143
159
171
174
172
179
185
177
161
150
131
109
85
61
47
25
-1
-21
-35
-45
-56
-69
-79
-80
-84
-88
-87
-87
-95
-96
-92
-96
-99
-101
-105
-104
-100
-100
-100
-95
-96
-98
-100
-94
-91
-93
-93
-91
-91
-96
-97
-94
-93
-93
-93
-91
-88
-92
-103
-100
-94
-91
-94
-94
-92
-91
-92
-98
-96
-93
-97
-103
-98
-92
-93
-100
-102
-95
-95
-99
-101
-97
-98
-101
-104
-104
-99
-101
-100
-100
-98
-100
-104
-98
-94
-100
-102
-99
-98
-98
-101
-97
-94
-98
-98
-97
-94
-94
-96
-97
-95
-96
-96
-93
-93
-92
-98
-99
-97
-94
-93
-95
-94
-95
-91
-93
-92
-89
-91
-94
-91
-84
-85
-84
-80
-73
-69
-66
-62
-62
-63
-64
-62
-62
-57
-60
-67
-74
-80
-80
-82
-85
-86
-84
-85
-87
-85
-84
-85
-86
-85
-88
-91
-91
-87
-84
-88
-89
-88
-87
-87
-88
-88
-86
-84
-87
-83
-87
-103
-126
-129
-99
-30
72
203
345
495
569
442
175
17
-96
-151
-172
-186
-189
-162
-125
-91
-70
-62
-60
-59
-55
-55
-53
-51
-48
-48
-47
-46
-47
-46
-44
-40
-40
-44
-43
-38
-33
-35
-35
-35
-31
-30
-31
-28
-23
-20
-19
-16
-11
-8
-5
-1
6
11
12
17
29
41
48
55
68
84
95
106
120
136
149
159
174
187
198
204
213
218
217
206
195
179
159
138
114
91
70
49
28
10
-3
-18
-30
-37
-42
-49
-53
-55
-56
-59
-64
-63
-59
-59
-64
-63
-62
-59
-59
-60
-57
-57
-59
-62
-58
-55
-57
-57
-57
-55
-56
-57
-58
-55
-53
-56
-57
-58
-55
-57
-59
-60
-56
-58
-60
-58
-58
-59
-62
-60
-59
-60
-62
-63
-61
-64
-65
-64
-60
-63
-64
-63
-59
-59
-63
-66
-64
-64
-67
-66
-62
-62
-65
-68
-63
-63
-64
-66
-64
-62
-62
-65
-66
-63
-64
-65
-65
-62
-62
-63
-62
-61
-59
-63
-65
-63
-59
-60
-61
-59
-59
-62
-63
-60
-60
-59
-63
-61
-59
-61
-62
-61
-58
-60
-61
-60
-58
-56
-59
-61
-59
-56
-59
-59
-56
-52
-51
-53
-48
-41
-37
-36
-28
-21
-21
-27
-29
-23
-22
-24
-24
-23
-29
-39
-43
-43
-41
-45
-48
-49
-46
-47
-47
-47
-48
-49
-51
-50
-48
-48
-49
-49
-47
-47
-48
-50
-46
-46
-45
-45
-42
-41
-53
-72
-85
-73
-30
43
160
300
459
593
598
374
129
-13
-97
-123
-142
-151
-132
-92
-55
-34
-23
-17
-13
-12
-13
-11
-6
-6
-5
-5
-3
-2
-2
-1
2
3
1
2
5
6
7
6
9
12
14
14
18
21
20
21
28
33
31
35
42
48
51
54
61
72
83
87
97
109
123
132
145
163
178
191
201
219
233
241
252
263
272
273
267
257
246
227
204
183
164
141
114
93
72
57
40
27
20
13
5
-3
-6
-9
-11
-13
-12
-12
-12
-13
-13
-12
-15
-16
-15
-13
-14
-16
-15
-12
-10
-15
-14
-13
-13
-13
-14
-14
-14
-16
-18
-17
-15
-14
-18
-18
-17
-17
-20
-25
-21
-20
-22
-24
-26
-24
-26
-28
-29
-26
-29
-32
-30
-30
-30
-31
-27
-30
-33
-37
-35
-35
-39
-39
-37
-37
-40
-40
-41
-38
-38
-40
-40
-38
-38
-45
-45
-43
-42
-42
-45
-44
-41
-41
-46
-44
-43
-41
-44
-49
-47
-45
-44
-45
-42
-43
-48
-52
-52
-48
-47
-47
-46
-42
-47
-49
-50
-51
-51
-54
-53
-51
-50
-54
-55
-54
-54
-52
-50
-46
-47
-48
-48
-44
-36
-34
-33
-25
-17
-19
-25
-26
-22
-23
-25
-28
-29
-32
-47
-50
-49
-49
-52
-52
-48
-51
-54
-59
-57
-58
-57
-57
-54
-50
-55
-54
-54
-55
-58
-60
-55
-52
-52
-59
-59
-54
-52
-56
-60
-72
-93
-100
-75
-13
81
211
340
493
585
494
233
59
-57
-121
-148
-163
-168
-141
-107
-73
-50
-41
-40
-38
-32
-29
-30
-30
-23
-23
-27
-27
-25
-28
-24
-24
-23
-16
-17
-16
-20
-20
-16
-14
-13
-11
-8
-12
-7
-3
0
1
4
12
12
16
19
25
33
38
41
51
64
73
84
97
110
122
132
142
156
167
181
197
209
222
225
227
227
223
212
193
181
163
139
110
88
71
50
35
14
4
-5
-18
-29
-30
-33
-43
-48
-51
-46
-50
-53
-50
-52
-51
-50
-52
-54
-53
-53
-53
-52
-54
-52
-50
-49
-52
-52
-51
-45
-46
-48
-46
-49
-48
-50
-51
-48
-48
-48
-50
-46
-46
-49
-52
-47
-46
-47
-50
-52
-49
-50
-49
-52
-52
-54
-51
-51
-54
-53
-55
-53
-50
-48
-52
-53
-51
-49
-47
-50
-49
-50
-51
-53
-53
-51
-48
-50
-50
-44
-49
-53
-52
-51
-51
-50
-49
-48
-46
-50
-51
-48
-47
-45
-45
-44
-44
-46
-51
-49
-45
-43
-47
-47
-43
-43
-47
-52
-45
-44
-46
-49
-45
-41
-40
-43
-46
-39
-37
-40
-36
-28
-25
-26
-20
-12
-10
-17
-17
-14
-15
-14
-16
-22
-31
-36
-37
-37
-38
-41
-42
-39
-36
-42
-43
-42
-41
-45
-46
-42
-43
-44
-50
-48
-44
-43
-45
-46
-40
-37
-40
-44
-42
-41
-50
-68
-85
-79
-38
38
154
287
429
567
596
398
160
18
-77
-114
-134
-151
-144
-109
-73
-48
-29
-21
-20
-20
-18
-14
-9
-10
-9
-11
-9
-9
-9
-10
-7
-4
-6
-2
1
-1
-4
0
2
7
5
4
8
12
12
12
17
25
26
29
32
39
43
46
53
64
72
75
84
97
110
118
129
144
160
173
188
201
212
222
232
241
249
252
246
238
229
210
191
167
146
123
100
78
61
46
26
14
5
-2
-10
-18
-19
-20
-25
-27
-24
-26
-29
-31
-30
-28
-27
-29
-32
-28
-26
-27
-29
-23
-23
-24
-26
-25
-20
-23
-27
-26
-23
-23
-23
-21
-22
-21
-23
-22
-22
-22
-25
-26
-25
-27
-27
-26
-23
-25
-28
-31
-29
-26
-28
-29
-27
-26
-29
-31
-28
-26
-28
-30
-29
-28
-29
-32
-32
-29
-26
-30
-33
-28
-29
-32
-33
-30
-29
-30
-30
-29
-28
-32
-34
-32
-27
-28
-29
-30
-27
-25
-28
-30
-29
-29
-29
-29
-25
-27
-29
-30
-25
-25
-26
-27
-26
-25
-26
-26
-26
-22
-25
-27
-26
-24
-24
-25
-25
-22
-22
-26
-27
-22
-18
-20
-24
-19
-17
-17
-14
-6
0
5
7
9
10
6
3
5
7
9
6
4
-4
-8
-11
-12
-12
-14
-18
-19
-17
-14
-17
-19
-16
-15
-17
-22
-22
-20
-22
-20
-19
-17
-18
-21
-19
-15
-15
-18
-17
-16
-25
-48
-60
-42
8
85
207
348
512
632
603
351
132
0
-76
-102
-119
-125
-103
-66
-29
-4
4
4
7
12
13
14
18
18
18
18
19
20
20
20
23
26
25
27
27
30
30
29
28
32
35
33
36
41
43
41
44
51
54
56
57
65
73
77
79
89
100
108
116
126
142
154
167
181
196
211
225
235
250
266
276
283
286
290
282
269
255
239
221
195
168
147
127
106
88
72
55
42
31
25
18
14
10
9
7
-1
-5
-3
-1
-3
-1
-2
0
-2
-5
-2
1
0
-4
-1
-2
-2
-2
-2
0
1
-3
-6
-4
-2
-2
-4
-6
-5
-4
-4
-4
-3
-4
-5
-4
-6
-7
-11
-11
-13
-13
-15
-16
-15
-16
-16
-17
-12
-12
-14
-16
-15
-16
-21
-21
-21
-19
-19
-26
-25
-20
-21
-23
-24
-24
-24
-24
-21
-20
-21
-23
-26
-26
-27
-30
-30
-26
-24
-25
-28
-29
-22
-24
-28
-32
-26
-26
-27
-26
-27
-26
-27
-30
-30
-30
-33
-35
-31
-31
-32
-30
-31
-32
-32
-37
-35
-31
-29
-30
-32
-34
-37
-37
-35
-33
-35
-35
-31
-28
-23
-20
-13
-8
-2
-5
-9
-9
-7
-4
-8
-9
-5
-10
-21
-31
-28
-29
-35
-34
-32
-34
-40
-40
-38
-33
-35
-36
-35
-37
-42
-41
-34
-36
-39
-43
-44
-39
-42
-42
-42
-37
-37
-37
-40
-50
-70
-85
-73
-22
65
186
315
460
581
563
329
123
-7
-86
-126
-142
-152
-141
-108
-71
-43
-27
-26
-25
-16
-18
-19
-13
-7
-4
-13
-15
-8
-3
-8
-12
-8
-1
-1
-2
0
1
2
-3
-1
4
9
10
8
11
12
15
24
29
30
28
30
41
49
50
58
65
75
85
93
106
121
135
142
156
170
183
192
203
222
236
236
235
240
241
234
220
205
188
157
128
109
96
73
48
31
21
10
-1
-12
-15
-19
-27
-30
-33
-37
-39
-40
-37
-37
-35
-35
-35
-37
-40
-41
-36
-32
-38
-37
-35
-35
-39
-39
-38
-39
-35
-36
-37
-31
-29
-29
-35
-40
-36
-34
-37
-33
-31
-35
-36
-37
-36
-40
-42
-42
-37
-36
-40
-43
-41
-39
-41
-42
-46
-43
-45
-48
-46
-42
-42
-44
-44
-43
-42
-45
-42
-40
-41
-43
-43
-43
-47
-47
-47
-42
-42
-47
-46
-41
-40
-46
-44
-42
-40
-44
-43
-40
-38
-39
-42
-40
-40
-40
-43
-42
-36
-38
-41
-43
-41
-40
-41
-42
-42
-38
-39
-41
-44
-40
-41
-40
-36
-35
-35
-36
-33
-30
-27
-26
-21
-12
-9
-11
-14
-13
-9
-6
-5
-5
-13
-27
-34
-32
-30
-36
-37
-37
-36
-35
-37
-37
-35
-37
-37
-35
-30
-35
-46
-47
-41
-38
-42
-44
-37
-34
-36
-37
-36
-35
-44
-61
-77
-80
-55
9
108
242
378
524
607
494
228
62
-48
-100
-128
-145
-148
-116
-81
-51
-35
-20
-16
-18
-14
-11
-6
-8
-9
-7
-5
-4
-7
-5
-1
0
-4
-2
2
3
2
3
6
8
6
9
12
15
14
15
19
22
23
27
32
41
46
47
53
58
69
74
85
98
110
118
130
147
161
173
187
203
216
225
235
247
258
259
257
252
242
224
204
180
162
140
111
88
71
55
36
23
15
6
-3
-11
-12
-14
-18
-22
-21
-22
-25
-24
-24
-21
-23
-27
-29
-25
-22
-23
-23
-23
-23
-26
-25
-23
-23
-24
-26
-25
-25
-24
-24
-22
-21
-23
-27
-27
-26
-27
-29
-31
-28
-28
-30
-30
-27
-29
-33
-30
-30
-29
-32
-33
-29
-27
-27
-33
-32
-32
-35
-35
-32
-29
-30
-33
-33
-29
-28
-31
-33
-32
-30
-31
-30
-30
-28
-30
-29
-29
-31
-30
-29
-28
-30
-30
-30
-31
-31
-33
-32
-32
-30
-29
-30
-30
-30
-29
-30
-30
-27
-27
-30
-31
-30
-27
-31
-31
-29
-26
-28
-32
-29
-27
-26
-31
-30
-28
-25
-30
-32
-27
-25
-28
-27
-22
-19
-19
-14
-8
-3
-1
2
4
2
-1
-1
-1
0
2
-3
-11
-16
-19
-20
-22
-22
-26
-26
-26
-25
-24
-27
-28
-26
-26
-29
-29
-25
-24
-25
-28
-26
-24
-25
-29
-27
-23
-21
-22
-24
-20
-32
-56
-68
-48
6
82
204
340
502
620
590
337
120
-10
-86
-110
-129
-133
-111
-74
-38
-15
-6
-4
-1
2
3
5
11
13
12
11
14
17
14
14
17
18
17
17
18
23
23
21
23
26
27
24
29
33
35
35
37
42
46
48
48
57
65
68
74
82
95
102
111
122
137
148
159
174
190
206
220
234
250
261
268
277
285
285
279
268
254
236
217
195
173
149
125
103
86
72
57
42
31
25
18
9
4
4
4
0
-3
-2
0
-1
-2
1
2
-2
-11
-7
-2
-2
-2
-3
0
-1
-4
-5
2
4
-1
-3
-2
3
-2
-3
-2
-1
-3
-4
-1
1
1
-3
-4
-6
-5
-7
-5
-3
-7
-12
-10
-7
-9
-12
-13
-10
-9
-18
-20
-15
-13
-20
-19
-15
-15
-17
-20
-20
-19
-19
-22
-21
-17
-21
-25
-25
-23
-19
-19
-21
-20
-20
-24
-24
-23
-19
-19
-21
-23
-22
-20
-22
-23
-23
-21
-22
-21
-21
-20
-22
-22
-19
-22
-25
-26
-23
-26
-27
-27
-27
-29
-30
-27
-23
-22
-28
-34
-33
-28
-25
-27
-29
-26
-27
-26
-21
-10
-8
-10
-3
2
0
-6
-10
-4
-1
-2
0
-7
-16
-24
-28
-27
-28
-30
-33
-27
-25
-32
-41
-39
-34
-32
-36
-39
-35
-35
-39
-38
-39
-40
-43
-46
-42
-38
-39
-39
-34
-34
-38
-42
-47
-62
-84
-80
-32
48
166
290
422
559
588
387
144
10
-78
-120
-143
-155
-139
-104
-70
-47
-27
-23
-26
-25
-21
-16
-13
-12
-13
-11
-14
-15
-16
-9
-6
-6
-7
-11
-14
-12
-4
-2
-3
-4
-2
4
4
7
9
14
20
17
16
22
24
25
33
45
48
53
59
71
78
87
95
108
127
142
150
163
178
190
199
208
225
230
234
236
239
235
221
200
181
162
140
117
95
69
49
34
24
12
3
-10
-15
-16
-24
-29
-31
-31
-39
-40
-47
-48
-47
-52
-52
-49
-46
-53
-58
-56
-54
-55
-59
-56
-55
-59
-62
-54
-48
-47
-52
-53
-55
-51
-52
-54
-51
-49
-49
-50
-49
-48
-48
-52
-52
-51
-54
-54
-55
-57
-57
-60
-56
-50
-49
-53
-53
-51
-52
-51
-53
-54
-59
-56
-54
-49
-44
-48
-48
-49
-49
-52
-50
-51
-49
-49
-51
-48
-45
-48
-48
-46
-44
-46
-49
-47
-40
-41
-47
-51
-44
-42
-48
-47
-41
-38
-40
-46
-48
-45
-44
-43
-44
-41
-39
-42
-43
-42
-42
-45
-41
-38
-38
-38
-40
-36
-34
-36
-31
-23
-20
-22
-18
-9
-4
-8
-12
-10
-8
-8
-7
-7
-11
-21
-28
-28
-26
-28
-33
-35
-30
-27
-30
-34
-36
-32
-31
-32
-35
-34
-33
-35
-37
-33
-33
-37
-35
-35
-32
-35
-33
-31
-28
-33
-44
-65
-72
-58
-6
81
216
349
500
615
568
309
110
-15
-84
-112
-132
-138
-116
-79
-49
-26
-9
-2
-4
-6
-3
1
-1
-1
7
10
12
7
6
12
11
10
12
19
16
15
15
20
22
22
23
27
33
30
32
35
37
39
40
48
53
60
64
72
79
82
90
97
111
122
133
147
165
177
186
202
219
234
242
254
265
275
277
277
276
267
249
227
209
190
168
140
119
102
85
66
50
41
29
19
9
7
4
0
-2
-2
3
-2
-7
-5
-2
-4
-7
-3
-1
0
-5
-4
1
1
-3
-1
0
3
3
3
4
4
0
2
5
5
0
0
1
1
0
-2
-2
1
1
-3
-3
2
2
-2
-4
2
1
-4
-8
-3
-1
0
-1
-2
-1
-5
-6
-5
-1
-4
-5
-3
-2
-2
-4
-3
0
-2
-6
-5
-1
1
-1
-6
-3
-3
-5
-4
0
-1
-3
-2
0
2
-1
-4
-3
-1
-1
-4
-2
3
4
-1
1
3
4
2
0
1
1
-2
-4
1
2
-1
-1
0
2
1
0
2
5
3
-2
1
2
5
3
3
6
9
8
11
19
24
23
26
32
36
33
29
31
33
32
33
32
28
17
13
11
14
12
5
7
8
9
6
5
7
8
6
4
6
7
5
3
5
9
8
6
6
10
10
7
6
10
11
9
4
-7
-23
-30
-8
56
148
277
418
585
674
578
299
114
-2
-56
-82
-99
-90
-62
-25
6
29
36
35
36
41
43
40
43
47
50
50
50
53
55
53
51
55
56
57
55
58
62
64
63
62
66
68
67
68
74
78
79
83
86
94
94
100
106
114
119
125
136
145
155
164
178
193
208
221
235
252
265
277
290
304
313
319
323
327
323
310
292
275
259
234
209
185
165
142
117
104
94
83
70
63
61
55
48
46
51
48
44
41
42
44
39
38
41
46
45
42
45
47
46
45
44
44
47
44
44
47
46
42
41
44
45
45
45
47
48
48
47
47
47
45
43
44
46
44
41
41
43
44
41
42
44
44
41
41
46
44
38
35
39
44
46
42
41
41
38
36
39
44
43
41
39
39
39
39
40
43
43
37
35
37
41
43
44
45
43
40
39
38
40
40
39
42
44
39
37
35
39
43
39
39
42
40
34
35
38
42
41
36
40
41
41
36
37
39
35
32
34
40
41
37
37
42
44
41
44
56
63
64
69
68
66
59
55
59
63
66
61
56
49
47
39
38
39
37
34
33
34
32
32
27
30
29
24
23
26
32
28
27
29
30
27
24
31
34
29
23
25
30
29
23
5
-12
-22
-3
54
146
275
399
543
658
618
361
164
40
-33
-67
-89
-94
-69
-32
0
22
33
38
36
39
47
51
46
46
51
51
50
44
48
52
51
48
52
57
53
53
56
60
56
52
55
58
60
59
65
71
73
71
73
79
84
84
87
96
103
106
114
124
133
142
154
166
180
192
201
213
230
243
252
264
274
289
292
292
290
275
258
244
227
206
182
156
133
114
94
77
60
47
38
30
23
16
7
1
2
6
4
-5
-5
-3
-1
-1
-11
-7
0
-1
-8
-8
-7
-10
-11
-8
-3
-2
-7
-8
-6
-9
-13
-11
-6
-4
-8
-9
-8
-5
-12
-14
-12
-12
-12
-13
-11
-14
-17
-16
-18
-15
-19
-23
-19
-17
-18
-22
-25
-21
-21
-25
-25
-25
-22
-24
-26
-27
-28
-30
-30
-29
-26
-26
-32
-30
-24
-25
-28
-30
-26
-26
-28
-28
-29
-26
-27
-31
-28
-23
-25
-29
-29
-24
-26
-29
-29
-29
-29
-28
-29
-29
-31
-33
-34
-35
-34
-32
-32
-29
-29
-31
-33
-32
-29
-32
-34
-26
-25
-28
-24
-15
-11
-10
-12
-7
-6
-6
-7
-5
0
-1
-5
-16
-22
-24
-26
-28
-27
-28
-31
-36
-35
-33
-34
-35
-34
-32
-32
-37
-37
-37
-35
-36
-39
-35
-34
-35
-36
-36
-34
-33
-36
-38
-53
-78
-80
-45
29
130
262
405
554
614
460
202
53
-53
-105
-125
-137
-135
-109
-75
-43
-24
-16
-17
-10
-5
-5
-7
-7
-6
-6
-3
-2
3
1
-2
1
4
8
4
5
7
11
8
8
14
15
15
15
18
22
23
27
35
38
36
38
43
52
57
62
71
86
92
95
106
122
133
144
161
175
190
200
210
228
239
245
248
256
258
249
234
218
203
179
155
132
115
94
71
49
36
26
12
0
-7
-11
-17
-22
-23
-23
-28
-32
-30
-29
-29
-33
-32
-27
-29
-31
-29
-27
-29
-30
-30
-28
-30
-34
-32
-28
-27
-32
-31
-30
-28
-28
-32
-30
-28
-32
-37
-33
-30
-31
-35
-36
-33
-35
-38
-38
-32
-30
-33
-37
-37
-36
-41
-42
-38
-37
-38
-41
-40
-38
-38
-40
-42
-41
-40
-44
-45
-42
-43
-45
-46
-43
-44
-46
-45
-41
-41
-46
-47
-45
-43
-43
-45
-44
-42
-45
-50
-46
-45
-45
-50
-49
-44
-45
-46
-48
-46
-44
-45
-48
-45
-44
-48
-49
-49
-44
-48
-50
-49
-47
-46
-48
-47
-45
-44
-49
-48
-44
-43
-45
-46
-45
-42
-42
-41
-35
-28
-25
-24
-17
-12
-18
-21
-21
-17
-20
-21
-19
-21
-29
-40
-40
-37
-38
-43
-46
-42
-42
-46
-49
-44
-42
-45
-49
-48
-44
-48
-48
-47
-44
-46
-50
-48
-44
-43
-47
-48
-46
-47
-60
-81
-87
-66
-13
72
205
347
510
611
548
276
74
-51
-114
-134
-154
-154
-128
-90
-59
-40
-28
-24
-23
-27
-25
-21
-17
-18
-19
-14
-12
-13
-17
-13
-10
-10
-13
-11
-8
-10
-10
-9
-4
-4
-5
-4
2
4
4
7
11
16
17
19
25
30
33
36
44
52
60
68
82
94
104
115
130
147
159
170
184
200
213
223
234
244
250
246
241
233
221
200
178
159
138
114
86
68
50
33
15
4
-5
-13
-24
-32
-31
-35
-39
-43
-39
-38
-42
-44
-45
-42
-44
-47
-45
-42
-43
-45
-44
-45
-44
-49
-50
-47
-47
-48
-49
-46
-48
-47
-47
-45
-45
-49
-53
-54
-53
-58
-60
-60
-58
-57
-62
-59
-56
-56
-56
-56
-53
-55
-62
-64
-60
-62
-66
-69
-65
-62
-64
-67
-65
-61
-64
-69
-71
-72
-77
-78
-75
-71
-70
-72
-72
-75
-72
-75
-76
-75
-77
-80
-79
-75
-72
-72
-80
-83
-81
-80
-81
-79
-77
-81
-83
-82
-81
-83
-85
-82
-80
-79
-85
-85
-81
-81
-86
-89
-86
-87
-88
-89
-86
-85
-88
-88
-86
-83
-87
-93
-94
-86
-85
-84
-81
-74
-68
-69
-63
-58
-55
-61
-61
-58
-59
-61
-66
-70
-78
-82
-84
-82
-85
-91
-90
-87
-85
-91
-96
-99
-95
-92
-94
-92
-89
-91
-96
-97
-90
-87
-90
-98
-96
-92
-93
-95
-92
-88
-95
-115
-136
-133
-103
-33
74
210
337
473
542
408
150
-10
-115
-164
-185
-200
-203
-176
-139
-106
-90
-81
-75
-71
-74
-70
-70
-75
-74
-70
-64
-59
-63
-65
-62
-66
-67
-65
-63
-58
-61
-60
-56
-52
-54
-60
-54
-54
-53
-50
-42
-35
-36
-40
-34
-23
-21
-21
-18
-10
1
10
16
22
34
43
57
76
96
105
108
119
136
149
160
169
177
181
174
170
164
152
132
104
87
66
40
18
2
-15
-36
-52
-59
-66
-79
-92
-92
-90
-94
-97
-94
-99
-106
-104
-105
-106
-105
-108
-113
-108
-104
-105
-104
-98
-98
-103
-107
-103
-99
-101
-102
-103
-103
-104
-103
-99
-95
-96
-103
-110
-105
-103
-101
-101
-104
-107
-107
-106
-107
-104
-106
-110
-106
-103
-107
-111
-110
-108
-110
-112
-108
-104
-107
-112
-110
-109
-109
-116
-118
-111
-108
-111
-116
-110
-106
-106
-109
-111
-107
-107
-115
-114
-108
-109
-112
-108
-107
-108
-110
-107
-105
-105
-108
-111
-108
-104
-105
-105
-105
-106
-108
-109
-108
-107
-106
-107
-105
-103
-107
-110
-110
-106
-102
-105
-101
-96
-94
-96
-93
-87
-84
-76
-74
-73
-74
-77
-80
-75
-71
-70
-77
-84
-86
-89
-96
-98
-95
-94
-97
-96
-99
-98
-101
-103
-103
-101
-103
-103
-101
-100
-100
-101
-100
-98
-98
-100
-98
-98
-100
-101
-101
-105
-124
-141
-137
-94
-15
100
235
379
515
537
331
101
-32
-126
-171
-192
-203
-195
-169
-129
-98
-81
-76
-78
-76
-75
-72
-72
-63
-61
-65
-63
-61
-59
-60
-61
-62
-56
-56
-55
-54
-52
-51
-52
-49
-48
-46
-44
-42
-38
-35
-33
-30
-23
-21
-20
-16
-9
1
3
8
17
29
35
47
57
71
85
95
110
126
138
149
164
178
187
194
197
202
203
194
180
169
150
126
102
81
63
39
16
-1
-11
-22
-36
-45
-50
-53
-60
-64
-66
-64
-67
-68
-64
-66
-65
-67
-64
-64
-64
-65
-63
-58
-62
-62
-60
-56
-57
-59
-58
-56
-56
-60
-57
-53
-52
-55
-56
-54
-53
-54
-56
-53
-52
-53
-59
-57
-54
-56
-58
-58
-54
-52
-55
-55
-53
-52
-56
-58
-55
-51
-54
-53
-52
-52
-54
-56
-54
-54
-55
-57
-56
-54
-52
-54
-53
-51
-50
-52
-51
-50
-50
-52
-51
-47
-47
-51
-51
-48
-46
-47
-49
-45
-44
-46
-50
-46
-44
-46
-48
-46
-42
-43
-44
-45
-42
-40
-44
-47
-44
-40
-44
-47
-44
-40
-42
-44
-44
-42
-44
-44
-42
-40
-38
-39
-36
-33
-33
-31
-24
-16
-16
-13
-9
-6
-8
-13
-13
-11
-8
-8
-14
-20
-23
-27
-31
-28
-30
-32
-36
-33
-32
-34
-37
-38
-36
-36
-38
-40
-33
-32
-35
-38
-35
-33
-35
-36
-35
-33
-35
-37
-41
-55
-74
-72
-36
30
131
263
419
583
632
463
187
33
-70
-113
-132
-143
-129
-97
-61
-32
-13
-11
-12
-8
-4
-3
-5
-2
2
3
0
2
4
4
4
5
10
12
10
7
9
12
12
12
15
19
20
19
21
28
28
29
32
37
40
43
48
56
63
67
76
85
93
102
113
129
142
155
168
185
200
210
223
238
253
259
264
269
271
263
247
233
215
193
166
143
121
101
80
59
45
32
19
6
2
-1
-7
-15
-17
-17
-17
-21
-23
-18
-17
-21
-22
-20
-20
-23
-25
-23
-20
-23
-22
-19
-19
-20
-18
-16
-18
-19
-22
-22
-22
-26
-25
-23
-22
-21
-23
-25
-24
-21
-26
-27
-25
-24
-29
-30
-26
-26
-27
-31
-31
-31
-33
-34
-32
-31
-32
-34
-37
-33
-32
-34
-38
-36
-34
-36
-35
-35
-35
-38
-40
-41
-38
-39
-40
-38
-39
-39
-41
-42
-41
-38
-39
-41
-40
-41
-41
-43
-41
-40
-41
-44
-42
-40
-44
-46
-45
-44
-46
-46
-43
-40
-42
-46
-48
-47
-47
-50
-48
-49
-49
-50
-53
-47
-47
-46
-48
-46
-43
-47
-48
-48
-41
-32
-31
-24
-14
-14
-21
-24
-26
-25
-29
-22
-21
-30
-44
-47
-48
-48
-49
-53
-53
-51
-53
-54
-51
-50
-54
-57
-57
-56
-58
-62
-60
-56
-57
-59
-58
-56
-56
-62
-59
-52
-54
-62
-85
-103
-103
-77
-12
90
221
354
500
580
473
205
36
-75
-128
-154
-175
-177
-145
-107
-80
-59
-45
-43
-43
-44
-40
-40
-37
-36
-34
-37
-37
-35
-31
-27
-26
-28
-29
-29
-31
-27
-28
-25
-21
-23
-19
-13
-15
-20
-21
-11
-5
-9
-8
-2
2
8
11
20
29
32
37
49
69
77
77
86
102
122
136
145
160
171
179
191
203
212
212
211
209
198
181
163
147
126
100
75
58
41
14
-6
-19
-27
-37
-46
-53
-59
-61
-68
-69
-68
-69
-73
-73
-70
-67
-69
-71
-71
-72
-74
-77
-76
-71
-71
-75
-74
-70
-68
-70
-73
-72
-70
-72
-74
-71
-68
-72
-73
-70
-70
-73
-75
-72
-70
-74
-77
-77
-75
-77
-79
-78
-76
-78
-77
-78
-74
-77
-82
-82
-76
-75
-83
-86
-81
-78
-78
-81
-80
-80
-79
-85
-84
-83
-84
-82
-82
-81
-81
-82
-82
-77
-76
-81
-82
-80
-77
-79
-81
-81
-79
-78
-81
-77
-78
-79
-80
-80
-77
-79
-82
-80
-78
-77
-78
-81
-81
-83
-81
-80
-75
-73
-75
-78
-79
-77
-74
-75
-71
-63
-57
-57
-52
-45
-43
-50
-52
-48
-45
-45
-47
-47
-53
-64
-69
-66
-66
-74
-74
-74
-72
-74
-75
-76
-74
-76
-77
-77
-75
-75
-79
-81
-77
-73
-78
-78
-76
-76
-77
-75
-72
-77
-92
-116
-121
-96
-34
56
189
328
478
574
486
223
47
-79
-140
-160
-178
-184
-157
-118
-83
-64
-55
-47
-49
-47
-51
-46
-42
-42
-42
-41
-36
-36
-37
-37
-34
-34
-34
-31
-31
-29
-28
-26
-25
-23
-25
-25
-19
-14
-12
-12
-9
-7
-1
1
8
14
15
21
26
37
44
51
61
76
89
99
113
129
143
153
164
178
194
205
212
221
228
227
217
210
196
177
155
131
110
87
65
44
28
12
-4
-15
-23
-32
-41
-46
-47
-49
-53
-53
-56
-55
-53
-57
-59
-58
-57
-59
-57
-54
-56
-57
-55
-51
-52
-54
-55
-54
-54
-57
-57
-55
-53
-55
-58
-55
-52
-53
-57
-55
-51
-54
-57
-58
-54
-57
-59
-61
-58
-58
-60
-60