16408
16312
16240
16344
16376
16344
16264
16360
16472
16408
16248
16368
16512
16440
16288
16352
16552
16528
16440
16408
16568
16688
16600
16600
16728
16800
16776
16720
16896
17072
16976
16928
17048
17208
17192
17136
17240
17368
17392
17304
17312
17456
17384
17264
17224
17296
17288
17120
16968
17032
17024
16880
16664
16704
16720
16624
16416
16464
16496
16400
16328
16328
16472
16376
16232
16240
16360
16376
16272
16232
16368
16376
16312
16248
16392
16432
16368
16296
16432
16416
16336
16224
16344
16464
16384
16256
16352
16488
16400
16304
16312
16424
16432
16312
16264
16408
16416
16288
16288
16384
16408
16320
16208
16312
16472
16352
16240
16304
16376
16376
16256
16304
16448
16384
16264
16328
16384
16328
16280
16208
16368
16352
16280
16224
16360
16424
16328
16248
16328
16376
16272
16184
16272
16352
16304
16160
16240
16392
16328
16224
16240
16368
16288
16216
16232
16304
16264
16176
16144
16280
16352
16208
16168
16304
16384
16224
16192
16200
16352
16232
16112
16136
16248
16208
16208
16216
16328
16296
16176
16184
16296
16248
16152
16152
16336
16400
16304
16272
16408
16496
16472
16424
16568
16648
16560
16528
16560
16688
16584
16408
16488
16640
16488
16144
16080
16232
16224
16080
16016
16160
16208
16104
16000
16088
16104
16032
15936
16024
16080
15872
15696
15640
15856
16672
18080
19888
21800
21736
20496
19736
19248
18256
17264
16600
16424
16408
16288
16168
16184
16200
16048
15944
15992
16064
15992
15904
15960
16048
15984
15936
15936
16024
16008
15904
15872
16000
15992
15904
15872
16008
16080
15984
15928
15952
16024
15944
15888
16008
16072
16040
15912
16056
16112
16112
15896
16000
16200
16200
16096
16096
16280
16280
16184
16128
16280
16424
16344
16328
16464
16560
16520
16400
16608
16744
16696
16616
16728
16912
16920
16816
16880
16992
17016
16968
16912
16992
16944
16808
16752
16792
16736
16504
16392
16416
16448
16224
16048
16056
16136
16008
15880
15872
16008
15904
15824
15872
15960
15920
15824
15784
15872
15920
15776
15752
15896
15952
15872
15800
15848
15920
15824
15776
15824
15904
15904
15792
15912
15976
15936
15784
15808
15928
15960
15856
15848
15944
15952
15912
15840
15936
15944
15840
15784
15936
16032
15872
15808
15856
15984
15832
15760
15824
15984
15888
15784
15832
15944
15904
15840
15848
15912
15936
15832
15824
15944
15944
15840
15824
15896
15976
15896
15792
15824
15928
15888
15752
15816
15936
15864
15816
15832
15888
15872
15768
15704
15856
15848
15784
15696
15808
15880
15808
15720
15800
15864
15760
15688
15792
15920
15832
15696
15760
15896
15832
15760
15776
15880
15840
15728
15744
15896
15880
15848
15904
16024
16112
16056
16080
16280
16328
16208
16120
16176
16336
16216
16072
16136
16192
16216
16056
15872
15872
15896
15776
15800
15856
15856
15736
15728
15784
15848
15744
15648
15744
15824
15752
15528
15528
15560
15360
15920
17424
19368
21224
21752
20672
19936
19288
18152
17168
16536
16264
16112
16032
16088
15960
15856
15696
15792
15784
15696
15640
15712
15760
15696
15592
15632
15808
15744
15632
15640
15752
15720
15632
15672
15768
15784
15648
15632
15776
15808
15680
15656
15768
15880
15728
15712
15776
15880
15872
15808
15848
15912
15912
15808
15832
16016
15976
15928
15992
16160
16192
16112
16048
16208
16320
16256
16296
16408
16536
16488
16456
16592
16728
16664
16656
16784
16952
16896
16840
16816
16960
16920
16736
16680
16728
16704
16560
16424
16456
16416
16232
16096
16120
16088
15960
15832
15888
15952
15888
15736
15768
15880
15872
15760
15760
15888
15824
15712
15760
15888
15888
15752
15792
15920
15928
15776
15704
15792
15944
15848
15664
15840
15904
15832
15720
15816
15872
15816
15696
15824
15936
15872
15768
15744
15928
15904
15832
15752
15888
15880
15808
15752
15856
15888
15840
15752
15872
15920
15816
15744
15808
15968
15872
15760
15800
15936
15904
15784
15792
15912
15896
15800
15784
15856
15920
15832
15792
15848
15968
15800
15768
15880
15960
15904
15784
15816
15968
15864
15816
15856
15968
15896
15760
15848
15968
15936
15840
15768
15912
15968
15848
15768
15928
15968
15896
15824
15840
15936
15904
15816
15840
15984
15944
15840
15840
16056
16016
15976
16032
16168
16152
16088
16128
16304
16336
16248
16232
16304
16360
16224
16160
16264
16336
16216
16048
16024
16072
16024
15880
15896
16024
15944
15824
15856
15960
15936
15800
15824
15928
15944
15816
15648
15672
15712
15520
16000
17304
19152
21000
21760
20800
19960
19328
18240
17376
16672
16368
16128
16136
16240
16128
15928
15864
15904
15944
15888
15840
15864
15928
15896
15808
15888
15928
15888
15800
15656
16040
15960
15864
15904
16040
16000
15920
15880
16016
16032
15960
15968
16072
16088
15984
15960
16088
16136
16008
15952
16120
16224
16128
16056
16168
16320
16288
16208
16240
16400
16424
16392
16456
16576
16616
16544
16576
16704
16824
16776
16736
16880
17008
16984
16928
17048
17200
17200
17136
17216
17296
17216
17120
17112
17136
16992
16840
16800
16808
16728
16520
16416
16456
16392
16272
16160
16256
16272
16072
16032
16072
16192
16024
15952
15992
16120
16024
15904
15920
16080
16064
15960
15968
16040
16024
15928
15936
16032
16032
15920
15936
15992
16056
15976
15872
15960
16080
16032
15904
15928
16056
16000
15920
15976
16056
16032
15928
15968
16080
15984
15896
15920
16040
16104
15968
15896
15976
16064
15912
15912
16016
16072
15952
15944
16000
16064
15992
15864
15920
16104
15992
15936
15888
16032
16064
15944
15928
16008
16072
15968
15920
16024
16032
15920
15872
15992
16120
15968
15848
15944
16048
15976
15920
15936
16032
15952
15920
15936
16024
16048
15872
15936
16080
16088
15976
15984
16088
16184
16080
16016
16200
16288
16264
16128
16288
16448
16432
16320
16440
16528
16480
16352
16376
16400
16432
16280
16272
16264
16208
16056
15960
16032
16080
15992
15936
16016
16032
15928
15920
15928
16104
15896
15848
15904
15936
15760
15672
15528
15888
17032
18528
20280
21672
20904
19768
19272
18552
17608
16688
16240
16264
16416
16248
16144
16144
16160
16064
15928
16008
16064
16000
15976
16008
16080
16032
15952
15952
16064
16072
15920
15960
16056
16104
16024
15960
16016
16112
16072
16040
16104
16152
16144
16040
16072
16232
16184
16112
16104
16232
16272
16192
16176
16304
16352
16240
16272
16344
16480
16360
16376
16504
16592
16512
16512
16640
16776
16760
16696
16800
16928
16888
16872
16944
17048
17112
17024
17112
17216
17264
17144
17088
17184
17128
16960
16808
16792
16800
16696
16504
16520
16472
16344
16176
16184
16168
16160
16056
16056
16136
16104
16000
15960
16096
16040
15976
15912
16080
16088
16040
15968
16024
16144
16048
15976
16016
16152
16072
15992
16024
16128
16080
15984
16024
16104
16152
16056
16064
16072
16120
16040
16048
16072
16232
16080
16040
16112
16176
16032
15944
16112
16168
16136
16032
16064
16184
16152
16048
16088
16152
16096
16048
15992
16168
16160
16024
15968
16104
16064
16040
15968
16104
16120
16112
15960
16064
16160
16056
15984
16016
16128
16088
15992
16016
16136
16080
15968
15952
16048
16080
15992
15920
16048
16024
15944
15952
16016
16088
15984
15888
16016
16128
16024
15936
16032
16104
16072
16008
16008
16168
16136
16016
16056
16128
16176
16064
16056
16120
16184
16072
16016
16096
16128
16104
16024
16136
16208
16136
16088
16176
16328
16288
16272
16344
16520
16504
16448
16424
16504
16536
16456
16320
16464
16440
16424
16304
16312
16240
16072
16016
16096
16144
16048
15976
16016
16160
16064
15968
15920
16104
16080
15984
15888
15880
15864
15600
16008
17408
19248
21024
22208
21384
20416
19704
18760
17784
17040
16480
16384
16352
16496
16416
16168
16144
16168
16160
16040
16008
16136
16144
16056
16024
16112
16184
16072
15992
16080
16184
16064
16008
16064
16120
16064
16000
16072
16120
16104
16048
16096
16168
16160
16048
16040
16192
16248
16160
16152
16264
16352
16264
16208
16320
16432
16352
16344
16416
16568
16488
16432
16552
16712
16704
16632
16672
16792
16880
16824
16824
16984
17080
16984
16984
17104
17216
17176
17104
17288
17384
17296
17120
17136
17208
17048
16832
16856
16848
16752
16584
16480
16552
16448
16256
16264
16304
16264
16128
16128
16232
16232
16136
16024
16152
16160
16144
15976
16088
16200
16152
16040
16064
16184
16096
16008
16016
16208
16216
16064
16024
16104
16216
16064
16040
16104
16128
16056
16008
16008
16152
15992
15944
16048
16160
16056
15952
15976
16088
16016
15888
15928
16024
16024
15928
15920
16048
15992
15872
15840
15992
15984
15904
15832
15968
16048
15952
15824
15840
15952
15888
15792
15880
15992
15992
15848
15856
16008
15936
15872
15824
15968
16000
15904
15800
15920
16000
15928
15840
15888
16000
15912
15888
15936
16056
15896
15840
15872
15976
15960
15824
15848
16008
15976
15864
15856
15912
15992
15904
15896
15952
16008
15872
15808
15904
16000
15904
15832
15880
16040
15992
15848
15944
16136
16128
16040
16096
16240
16248
16256
16208
16328
16312
16256
16176
16296
16320
16168
16104
16200
16216
16024
15832
15920
16016
15864
15800
15816
15920
15840
15776
15776
15920
15896
15816
15744
15856
15760
15600
15376
15568
16464
17936
19736
21696
21776
20544
19616
18984
18008
17040
16312
16216
16336
16264
16128
15984
16112
16016
15872
15840
15928
16032
15872
15848
15960
16056
15920
15832
15920
16048
15944
15880
15928
16040
16016
15848
15912
16024
16016
15960
15968
16080
16064
15920
16016
16104
16096
16016
16024
16096
16152
16104
16072
16112
16240
16192
16160
16216
16360
16280
16216
16344
16464
16456
16384
16456
16632
16648
16640
16656
16792
16880
16864
16816
16912
17080
17040
17048
17112
17208
17104
17056
17128
17136
16992
16856
16808
16880
16768
16544
16496
16504
16432
16288
16192
16280
16256
16136
16072
16120
16160
16056
15960
16072
16144
16112
15952
16064
16136
16080
16032
16040
16168
16136
16032
16072
16184
16152
16064
16072
16168
16184
16080
16040
16160
16232
16088
16064
16168
16240
16152
16072
16192
16328
16216
16096
16120
16288
16208
16096
16104
16256
16256
16128
16144
16216
16224
16144
16128
16208
16224
16184
16136
16184
16264
16192
16080
16160
16256
16208
16120
16144
16248
16216
16080
16088
16264
16200
16120
16064
16224
16184
16120
16056
16184
16216
16136
16024
16080
16224
16144
16024
16048
16200
16128
16056
16080
16136
16136
16032
16056
16208
16136
16008
15984
16104
16104
16032
16008
16016
16128
16032
15960
16080
16128
16064
15968
16048
16160
16064
15992
16048
16176
16128
16072
16096
16272
16352
16264
16256
16432
16424
16384
16384
16440
16504
16384
16328
16432
16432
16336
16272
16296
16304
16120
16024
16032
16192
16080
15976
16000
16096
16072
15960
15952
16128
16144
16016
15968
16056
15992
15864
15672
15808
16880
18248
20024
21776
21656
20456
19632
18944
18048
17152
16488
16376
16408
16432
16296
16144
16232
16224
16112
16056
16144
16232
16120
16064
16048
16184
16072
15952
16104
16200
16128
15992
16080
16208
16224
16104
16104
16224
16176
16104
16136
16224
16248
16152
16088
16192
16264
16160
16080
16192
16312
16200
16144
16256
16368
16288
16200
16272
16408
16400
16296
16360
16512
16480
16464
16504
16640
16704
16640
16632
16792
16912
16856
16784
16904
17008
16960
16888
17024
17168
17072
17024
16992
17056
16976
16776
16744
16696
16616
16464
16392
16408
16376
16240
16176
16144
16152
16008
15944
16024
16048
15992
15920
16016
16056
16024
15824
15904
16048
15992
15952
16008
16104
16096
15960
15952
16032
16016
15968
16000
16080
16144
16040
16008
16104
16224
16120
16024
16096
16192
16112
16040
16096
16208
16128
16008
16056
16168
16104
15904
15984
16128
16200
16008
15984
16056
16184
16080
15984
16048
16024
15960
15856
15912
16080
15936
15904
16000
16088
16040
15944
15920
16024
16040
15928
15880
15968
16032
15944
15928
16024
16064
15928
15832
15992
16048
15936
15864
15960
16064
16008
15920
15912
16024
15976
15888
15928
15992
15984
15888
15864
15992
16008
15904
15864
15936
16008
15888
15832
15904
16032
15904
15848
15920
16024
15944
15888
15960
16128
16112
16016
16080
16264
16288
16184
16216
16360
16376
16288
16176
16264
16288
16240
16176
16264
16232
15960
15824
15920
16016
15904
15784
15808
15960
15896
15816
15800
15880
15880
15832
15856
15888
15760
15632
15480
15800
16992
18544
20336
22072
21608
20384
19560
18880
17872
16920
16280
16240
16376
16296
16152
16152
16184
16088
15944
15936
16016
16080
16000
15944
16000
16088
15984
15896
16008
16080
16000
15944
16024
16096
16024
15904
15992
16088
16072
15960
16024
16128
16144
16056
16080
16192
16216
16192
16128
16264
16288
16216
16168
16328
16392
16360
16272
16344
16520
16480
16392
16456
16616
16576
16584
16632
16784
16816
16744
16792
16920
16992
16904
16984
17096
17224
17144
17136
17232
17320
17272
17152
17184
17264
17120
16952
16920
16928
16776
16592
16544
16608
16528
16320
16208
16280
16320
16168
16064
16160
16208
16136
16056
16136
16216
16080
16040
16104
16224
16152
16064
16104
16232
16184
16056
16104
16216
16208
16136
16064
16240
16248
16160
16096
16184
16288
16128
16048
16184
16264
16184
16096
16192
16272
16184
16080
16096
16216
16208
16128
16096
16216
16168
16080
16032
16200
16184
16080
16008
16120
16208
16128
16048
16072
16232
16128
16040
16088
16240
16080
16032
16088
16232
16160
16008
16048
16144
16176
16000
16056
16160
16152
16112
16008
16128
16160
16064
16040
16136
16168
16064
15992
16104
16176
16072
16040
16072
16216
16152
16064
16048
16184
16144
16040
16072
16184
16160
16088
16056
16168
16200
16120
16008
16144
16216
16152
16000
16072
16168
16152
16040
16048
16176
16080
16000
16104
16256
16200
16120
16192
16336
16392
16320
16320
16464
16552
16488
16432
16504
16584
16408
16344
16424
16512
16424
16336
16304
16328
16184
16080
16072
16168
16112
16016
16024
16168
16160
16080
15992
16136
16176
16080
15936
15944
15976
15736
15912
17104
18840
20744
22192
21544
20496
19744
18808
17832
17032
16584
16432
16408
16480
16440
16256
16168
16256
16264
16128
16080
16168
16232
16152
16056
16144
16232
16104
16088
16144
16184
16136
16040
16104
16216
16232
16128
16080
16240
16232
16176
16128
16288
16264
16224
16160
16256
16344
16256
16176
16320
16448
16384
16320
16288
16472
16472
16384
16424
16568
16536
16488
16528
16640
16696
16696
16648
16808
16936
16904
16784
16928
17112
17064
17056
17112
17288
17216
17136
17192
17344
17248
17160
17168
17168
17072
16840
16848
16896
16824
16600
16480
16488
16504
16312
16208
16240
16288
16216
16072
16120
16184
16096
16024
16088
16216
16120
15976
16064
16136
16176
16072
16040
16152
16064
16032
16000
16112
16216
16168
16088
16168
16288
16176
16072
16144
16272
16216
16120
16120
16192
16128
16088
16072
16200
16144
16080
16048
16184
16152
16072
16024
16192
16176
16056
16032
16104
16208
16056
15976
15928
16056
15984
15896
16000
16080
16008
15864
15992
16120
16104
15904
15912
16072
16128
16016
16048
16120
16128
15968
15856
15952
16056
16000
15848
15984
16088
16008
15912
15992
16104
16024
15880
15920
16080
16032
15976
16000
16080
16096
15992
15968
16064
16088
15960
15864
16024
16120
15984
15912
15920
16040
15952
15936
15960
16056
15976
15944
16008
16088
16048
15920
16000
16128
16152
16088
16128
16200
16216
16160
16176
16312
16392
16240
16264
16320
16376
16240
16104
16240
16352
16160
15768
15808
16000
15984
15816
15768
15848
15960
15768
15712
15840
15864
15824
15664
15760
15752
15560
15416
15416
15952
17144
18888
20896
22384
21416
19928
19096
18200
17096
16304
15776
15936
16032
15952
15944
16032
16016
15768
15680
15808
15872
15736
15688
15760
15840
15744
15640
15728
15824
15832
15712
15752
15816
15784
15680
15712
15848
15920
15752
15744
15856
15952
15856
15832
15896
15968
15816
15856
16040
16080
16000
15832
15856
16000
15968
15864
15976
16152
16104
16008
16016
16192
16200
16144
16120
16264
16440
16328
16328
16464
16568
16456
16424
16560
16744
16720
16624
16752
16880
16872
16744
16752
16880
16752
16576
16536
16576
16424
16232
16128
16160
16152
15968
15848
15872
15864
15728
15616
15648
15664
15584
15496
15536
15656
15576
15448
15520
15584
15552
15464
15480
15528
15600
15464
15488
15576
15576
15536
15512
15592
15648
15592
15568
15664
15656
15664
15552
15672
15736
15688
15624
15648
15800
15776
15624
15632
15712
15688
15600
15608
15696
15720
15616
15536
15624
15736
15616
15560
15648
15712
15624
15552
15616
15704
15640
15528
15576
15632
15616
15584
15576
15712
15688
15544
15520
15648
15720
15640
15536
15680
15712
15600
15568
15648
15712
15616
15528
15592
15736
15680
15544
15664
15768
15720
15560
15568
15696
15776
15680
15608
15656
15704
15648
15632
15672
15736
15648
15616
15808
15880
15840
15864
15888
16056
16016
15928
16032
16128
16144
16016
16040
16096
16040
16016
15992
15936
15776
15624
15624
15664
15720
15608
15544
15616
15712
15608
15496
15600
15704
15664
15488
15440
15456
15416
15184
15760
17320
19216
21224
22400
21384
20152
19160
17896
16992
16248
15936
15888
15976
16152
15952
15808
15800
15880
15792
15712
15760
15880
15888
15736
15736
15864
15832
15784
15760
15872
15912
15856
15760
15856
15904
15832
15792
15904
16008
15912
15800
15856
15984
15936
15864
15888
16032
16008
15896
15976
16120
16088
15992
16032
16096
16184
16128
16072
16216
16296
16272
16216
16288
16448
16408
16360
16544
16664
16616
16584
16728
16856
16824
16776
16840
16992
17048
16960
16928
17064
17104
16976
16912
16928
16912
16744
16552
16552
16568
16336
16168
16136
16176
16008
15864
15880
15976
15904
15824
15736
15880
15864
15704
15672
15760
15824
15688
15664
15736
15816
15696
15664
15704
15856
15776
15736
15800
15832
15832
15656
15792
15864
15872
15736
15760
15872
15856
15728
15736
15840
15920
15840
15720
15832
15824
15712
15696
15792
15808
15760
15616
15752
15904
15728
15656
15688
15832
15800
15632
15664
15760
15792
15688
15696
15784
15760
15744
15712
15848
15768
15736
15704
15800
15872
15800
15720
15760
15912
15808
15760
15784
15848
15832
15736
15824
15896
15848
15824
15768
15880
15888
15800
15792
15832
15896
15808
15776
15800
15888
15864
15768
15848
15928
15880
15704
15856
15920
15904
15832
15960
16096
16112
16048
16088
16216
16288
16240
16232
16312
16320
16272
16272
16320
16352
16208
16168
16192
16168
15952
15904
15936
16008
15912
15832
15784
15944
15912
15816
15792
15920
15912
15832
15808
15784
15728
15576
15376
16240
17816
19680
21496
22168
20984
19880
19040
17976
16952
16304
16080
16120
16272
16256
16064
16016
16072
16056
15936
15880
16008
15984
15936
15904
15960
16008
15912
15888
15984
16088
15976
15888
15992
16080
16032
15928
15936
16104
16080
16008
16000
16064
16128
16064
16048
16112
16168
16112
16088
16152
16264
16184
16104
16208
16312
16288
16224
16312
16432
16400
16368
16440
16512
16536
16512
16568
16752
16792
16712
16776
16944
17008
16952
16952
17032
17200
17128
17128
17168
17280
17192
17056
17088
17152
17032
16816
16800
16856
16712
16472
16424
16440
16424
16256
16168
16200
16248
16096
16064
16096
16160
16032
16032
16112
16104
16048
15976
16008
16136
16064
15920
15960
16112
16024
15976
15968
16080
16072
16016
15992
16128
16080
16016
15952
16040
16112
16016
15952
16024
16104
16064
15992
16016
16112
16048
15968
16016
16120
16056
15904
15936
16080
16016
15952
15936
16056
16048
15960
15944
16016
16080
16008
15912
15992
16072
16024
15912
15968
16072
16016
15896
15928
16056
16032
15936
15928
16064
16064
15960
15928
16000
16104
15976
15976
16048
16128
16016
15960
15992
16152
16016
15928
16000
16072
16056
15912
15952
16040
16024
15984
15976
16080
16080
15976
15960
16072
16072
15936
15912
16048
16192
16152
16080
16144
16248
16288
16256
16320
16464
16400
16280
16376
16512
16488
16328
16248
16416
16376
16184
15992
15944
16000
15960
15832
15896
16008
15896
15840
15888
15968
15856
15800
15824
15960
15824
15616
15600
15592
15720
16712
18288
20184
21816
21056
19848
19272
18552
17368
16488
16160
16192
16104
16096
16072
16088
16008
15808
15872
15936
15928
15896
15920
16048
15960
15856
15864
15976
16008
15888
15808
15944
16024
15960
15864
15976
16024
15984
15840
15944
16040
16008
15976
16024
16112
16024
15936
16008
16152
16104
16032
16104
16208
16224
16128
16104
16288
16304
16240
16224
16304
16456
16368
16376
16456
16600
16552
16472
16576
16744
16792
16704
16768
16912
16944
16864
16928
17024
17064
17024
17008
17000
17056
16864
16800
16808
16800
16664
16488
16488
16448
16280
16136
16136
16216
16160
16008
16008
16072
16008
15888
15896
16024
16032
15912
15880
15968
16024
15968
15880
15912
16008
15960
15888
15976
16056
15976
15888
15976
16064
15992
15888
15928
16040
16000
15904
15896
16032
15984
15920
15904
15960
16032
15912
15864
15960
15968
15896
15840
15864
16016
15896
15824
15872
15992
15960
15840
15824
15896
15944
15816
15864
15888
15864
15808
15768
15920
15936
15808
15792
15880
15912
15888
15800
15888
15944
15888
15848
15904
15920
15832
15800
15816
15976
15928
15784
15832
15912
15928
15832
15808
15864
15888
15776
15800
15896
15920
15864
15824
15856
15880
15784
15728
15848
16024
15968
15912
15952
16128
16176
16096
16144
16232
16256
16216
16208
16304
16344
16184
16104
16240
16328
16056
15808
15848
15960
15840
15760
15832
15912
15824
15688
15784
15848
15728
15688
15760
15888
15792
15536
15424
15416
15544
16568
18192
20040
21728
21400
20048
19320
18720
17616
16672
16104
16096
16008
15992
16120
16096
15992
15856
15832
15928
15872
15816
15776
15832
15904
15848
15832
15872
15960
15784
15720
15856
15912
15856
15800
15880
15960
15896
15800
15864
15952
15936
15864
15864
15960
15960
15896
15944
16016
16128
15960
15912
16088
16128
15992
15936
16128
16184
16168
16096
16224
16288
16272
16224
16304
16416
16424
16368
16464
16616
16680
16584
16616
16752
16808
16792
16752
16896
16936
16888
16816
16904
16984
16872
16744
16672
16736
16520
16384
16336
16368
16256
16120
16072
16072
16048
15912
15904
15968
15968
15872
15856
15912
15968
15880
15760
15840
15976
15872
15768
15840
15960
15904
15816
15816
15928
15888
15800
15848
15912
15864
15808
15824
15992
15936
15776
15792
15856
15944
15784
15768
15776
15864
15824
15768
15840
15912
15832
15736
15768
15880
15832
15784
15776
15856
15864
15824
15728
15816
15904
15768
15696
15840
15872
15832
15784
15848
15944
15824
15824
15848
15984
15840
15720
15800
15928
15944
15856
15880
15944
15912
15808
15816
15904
15912
15816
15784
15976
15928
15872
15792
15848
15968
15872
15824
15872
15952
15912
15904
15896
16072
15968
15888
15848
15960
15936
15816
15848
15912
16048
15944
15952
15968
16136
16080
16064
16184
16352
16280
16224
16288
16392
16360
16288
16288
16328
16256
16208
16112
16080
16016
15880
15880
15944
15952
15856
15792
15864
15928
15800
15736
15792
15944
15832
15696
15640
15672
15520
15432
16408
18112
20000
21736
21672
20512
19664
18840
17752
16864
16280
16064
16008
16168
16224
16080
15976
15936
15968
15904
15816
15848
15984
15912
15872
15904
15984
15968
15816
15848
15960
15976
15864
15832
15936
16064
15936
15864
15952
16056
15944
15912
15960
16040
16000
15904
16032
16120
16024
15984
16040
16192
16160
16080
16112
16256
16248
16152
16136
16360
16424
16344
16368
16480
16568
16480
16464
16632
16752
16760
16672
16792
16984
16960
16912
16968
17112
17128
17064
17096
17184
17168
17056
16968
17008
17040
16864
16688
16648
16648
16472
16320
16320
16368
16232
16112
16168
16176
16096
15952
15944
16152
16080
15904
15944
16096
16024
15936
15984
16056
16096
16008
15992
16048
16160
16000
15952
16080
16168
16096
15936
16048
16200
16128
16048
16064
16168
16136
16080
16056
16200
16184
16048
16080
16136
16168
16048
16008
16128
16192
16088
16024
16104
16200
16136
15936
16056
16184
16120
16000
16024
16136
16120
15976
16056
16120
16168
16008
15976
16136
16120
16048
15984
16088
16176
16064
16032
16072
16184
16120
16024
16104
16144
16104
16032
16072
16168
16168
16024
16056
16168
16152
16064
16032
16168
16160
16016
16032
16160
16128
16056
15920
16080
16144
16104
15960
16064
16176
16128
15976
16000
16128
16088
16000
16008
16096
16104
16024
16064
16264
16256
16240
16208
16376
16544
16456
16336
16432
16560
16448
16408
16472
16520
16408
16280
16328
16328
16144
16032
16016
16200
16104
15992
15968
16024
16096
15960
15952
15968
16064
15960
15920
15944
15888
15736
15544
16104
17464
19128
20864
22080
21160
20120
19352
18400
17528
16624
16296
16288
16328
16424
16208
16104
16144
16176
16040
15928
16032
16128
16040
15968
16072
16152
16112
16016
16072
16152
16112
16040
16064
16168
16176
16032
16032
16168
16200
16104
16008
16160
16208
16144
16096
16152
16264
16184
16096
16200
16296
16288
16152
16192
16424
16416
16312
16336
16488
16520
16384
16424
16576
16656
16640
16624
16736
16808
16760
16752
16888
17016
16952
16920
17032
17208
17152
17088
17152
17312
17280
17112
17096
17144
17104
16928
16832
16856
16800
16624
16440
16512
16536
16328
16160
16240
16280
16216
16088
16112
16232
16152
16096
16064
16136
16120
15984
16008
16096
16128
16008
15992
16072
16136
16072
16000
16056
16160
16048
16000
16048
16128
16040
16000
16072
16192
16048
15944
16040
16128
16088
15944
16000
16096
16088
15936
15984
16000
16032
15896
15896
15992
16024
15976
15912
15968
16096
15952
15840
15896
16008
15952
15904
15944
16064
16032
15912
15936
16040
16032
15896
15920
16016
16064
15920
15856
16008
16032
15976
15864
15936
16040
15912
15856
15912
16080
15992
15856
15936
16048
16040
15880
15912
16024
16040
15944
15944
16080
16064
15928
15904
16016
16040
15984
15952
16016
16080
15984
15888
15968
16088
16048
15880
15976
16088
16096
15928
15920
16080
16104
16056
16080
16208
16272
16176
16168
16384
16448
16408
16328
16400
16456
16416
16352
16328
16408
16360
16232
16120
16128
16072
15920
15928
15992
16008
15896
15840
16000
15992
15848
15840
15952
16000
15920
15736
15688
15688
15480
16160
17664
19600
21344
21824
20696
19912
19240
18200
17240
16640
16304
16136
16208
16272
16288
16000
15984
16008
16024
15976
15912
16000
16128
15992
15872
15936
16096
16024
15896
15920
16040
16048
15936
15968
16032
16064
15928
15992
16048
16080
16000
15968
16104
16088
16032
16000
16080
16176
16144
16048
16096
16200
16160
16064
16160
16264
16272
16144
16224
16344
16376
16304
16296
16488
16552
16488
16472
16616
16680
16672
16632
16736
16872
16840
16776
16936
17040
16992
16936
16984
17128
17040
16880
16880
16880
16840
16656
16600
16592
16560
16376
16280
16312
16280
16176
16072
16096
16192
16032
15960
16008
16136
16072
15952
15968
16112
16064
15952
15976
16112
16072
15960
15960
16064
16128
16032
15984
16056
16104
16008
15992
16048
16112
16056
15928
15992
16120
16040
15952
16024
16128
16096
15968
15952
16088
16096
15944
15944
16088
16048
15968
15896
15952
15984
15832
15920
16040
15992
15936
15888
15928
16080
15984
15848
15896
16056
15992
15880
15952
16024
16000
15904
15864
15960
15944
15872
15848
15968
16048
15920
15848
15944
16056
15936
15856
15936
16048
15984
15840
15928
16024
15992
15888
15920
16040
15984
15896
15912
16040
16008
15936
15872
15984
16056
15968
15904
15952
16024
15920
15920
15960
16064
16000
15928
16040
16224
16160
16056
16128
16272
16352
16280
16288
16448
16424
16368
16336
16448
16456
16304
16232
16336
16360
16088
15928
15984
16064
16000
15904
15968
16040
16000
15928
15928
16016
16000
15880
15920
15992
15848
15696
15624
15696
16600
17840
19728
21696
22224
20960
19920
19256
18312
17192
16440
16272
16392
16312
16264
16184
16280
16168
16016
15976
16112
16096
15992
15992
16072
16072
16064
15944
16064
16072
15984
16048
16128
16192
16064
15984
16000
16056
16112
16040
16072
16216
16200
16096
16048
16208
16216
16080
16088
16208
16256
16184
16168
16256
16392
16296
16224
16280
16384
16376
16328
16432
16520
16528
16504
16544
16648
16688
16624
16672
16864
16904
16800
16856
17056
17096
17096
17064
17152
17304
17160
17112
17168
17208
17088
16864
16920
16968
16808
16616
16536
16616
16536
16304
16240
16336
16280
16160
16072
16120
16144
16112
15992
16048
16176
16032
15960
16040
16160
16080
16016
16024
16144
16096
16000
16048
16136
16120
16032
16032
16136
16136
16016
15968
16096
16120
16016
15960
16032
16080
16080
16008
16064
16120
16008
15992
15976
16096
16016
15920
16000
16120
16104
15896
15944
16056
16080
15960
15904
16080
16080
15984
15928
15968
16056
16056
15976
16000
16096
16064
15984
16016
16152
16064
15904
15880
16080
16096
15952
15936
16056
16056
15896
15920
16024
16040
15984
15936
16032
16112
16032
15928
15976
16096
16008
15872
15936
16008
15968
15920
15896
16008
15976
15856
15880
16016
16032
15888
15848
15992
16008
15888
15888
15968
16008
15912
15928
16016
16104
16096
16056
16152
16328
16304
16200
16320
16472
16464
16296
16344
16408
16376
16240
16176
16232
16152
15912
15880
15992
15936
15848
15800
15888
15944
15872
15720
15800
15936
15880
15768
15832
15872
15712
15552
15432
16296
17696
19328
21176
21896
20752
19736
19024
18208
17344
16488
16112
16184
16224
16184
16008
15992
16040
15960
15792
15840
15880
15912
15784
15768
15904
15888
15784
15776
15864
15920
15832
15752
15848
15944
15880
15808
15904
15984
15856
15736
15776
15960
15872
15760
15832
15960
15992
15824
15896
16000
16032
15952
15936
16104
16160
15944
15944
16072
16160
16104
16072
16224
16336
16320
16208
16312
16472
16496
16416
16472
16616
16640
16560
16640
16792
16776
16712
16808
16912
16968
16896
16824
16808
16904
16720
16560
16584
16552
16392
16264
16240
16224
16144
15960
15896
16024
15952
15792
15768
15872
15880
15720
15704
15800
15840
15760
15696
15808
15840
15728
15656
15768
15880
15800
15712
15784
15896
15840
15680
15736
15904
15856
15744
15776
15856
15856
15784
15712
15880
15824
15744
15680
15840
15912
15768
15736
15784
15888
15824
15736
15800
15896
15840
15696
15800
15848
15808
15712
15728
15856
15840
15704
15744
15848
15880
15760
15720
15816
15832
15768
15712
15760
15848
15744
15688
15840
15904
15824
15656
15744
15856
15872
15712
15712
15840
15864
15736
15656
15800
15848
15712
15680
15856
15864
15744
15680
15760
15840
15728
15648
15712
15840
15752
15656
15736
15816
15800
15712
15736
15816
15792
15752
15824
15992
16016
15992
15912
16104
16256
16176
16120
16176
16312
16232
16160
16200
16264
16144
16104
16008
15984
15864
15768
15760
15864
15864
15680
15728
15800
15808
15728
15712
15824
15888
15792
15656
15608
15608
15376
15512
16768
18552
20480
22096
21608
20488
19648
18680
17592
16760
16344
16136
16104
16168
16168
15936
15824
15928
15960
15840
15760
15840
15928
15888
15736
15816
15968
15896
15856
15856
15952
15912
15808
15864
16024
15984
15880
15872
16024
16024
15952
15888
16008
16096
16008
15912
15992
16120
16040
15976
16024
16160
16088
16016
16112
16256
16256
16120
16184
16312
16360
16272
16256
16464
16528
16480
16448
16584
16688
16656
16648
16792
16888
16848
16808
16968
17112
17056
17016
17112
17224
17152
17072
16984
17064
16944
16744
16648
16688
16624
16360
16280
16320
16368
16200
16080
16064
16168
16064
15968
16000
16144
16032
15944
15944
16096
16064
15952
15976
16080
16096
15960
15920
16088
16128
16024
15944
16056
16152
16056
15992
16096
16152
16048
15952
16040
16128
16104
15968
16024
16112
16128
15984
16000
16112
16088
16016
16008
16048
16104
15984
15960
16064
16048
16008
15928
16072
16168
16048
15944
16040
16152
16104
15968
16048
16168
16120
16040
16040
16168
16136
15992
16000
16136
16192
16064
16040
16160
16184
16088
16032
16112
16160
16160
16016
16096
16184
16128
16024
16104
16232
16176
16048
16064
16168
16232
16064
16080
16192
16248
16128
16128
16152
16240
16128
16048
16176
16256
16168
16056
16216
16320
16232
16056
16136
16240
16280
16192
16240
16416
16448
16384
16432
16584
16648
16552
16560
16656
16728
16592
16560
16616
16672
16560
16424
16368
16392
16280
16224
16176
16272
16240
16136
16152
16248
16232
16112
16120
16192
16296
16136
16000
15960
15976
15808
16352
17824
19744
21608
22392
21328
20408
19632
18520
17608
16968
16704
16512
16544
16656
16536
16344
16280
16376
16376
16264
16208
16304
16360
16216
16120
16280
16360
16264
16176
16232
16392
16376
16208
16232
16376
16352
16256
16296
16432
16416
16328
16360
16384
16448
16344
16336
16464
16496
16400
16360
16456
16568
16496
16448
16480
16656
16616
16512
16616
16728
16624
16568
16688
16848
16880
16768
16792
17008
17064
17016
17040
17224
17272
17248
17240
17368
17488
17424
17360
17448
17600
17448
17304
17328
17408
17248
17024
16976
17048
16944
16784
16688
16696
16648
16472
16408
16456
16456
16408
16264
16376
16464
16312
16216
16288
16424
16336
16248
16232
16400
16352
16288
16296
16424
16376
16272
16296
16384
16424
16272
16264
16320
16400
16312
16224
16328
16400
16320
16248
16288
16376
16296
16240
16320
16400
16368
16232
16240
16392
16408
16296
16248
16384
16384
16320
16256
16336
16392
16272
16256
16264
16392
16264
16176
16272
16416
16296
16184
16224
16304
16320
16224
16208
16344
16288
16240
16208
16320
16352
16200
16160
16328
16344
16224
16112
16224
16344
16256
16136
16216
16344
16272
16184
16248
16344
16232
16136
16224
16272
16336
16152
16168
16296
16320
16200
16152
16256
16320
16232
16200
16256
16312
16200
16152
16240
16312
16232
16144
16264
16456
16400
16352
16368
16552
16568
16512
16584
16656
16696
16560
16616
16680
16752
16560
16480
16608
16608
16352
16152
16208
16368
16216
16144
16184
16320
16208
16112
16144
16232
16208
16120
16144
16224
16152
15912
15848
15832
16744
17992
19736
21680
22040
20776
19904
19336
18424
17336
16608
16496
16552
16440
16400
16336
16336
16320
16176
16128
16248
16272
16168
16136
16200
16264
16168
16144
16232
16272
16120
16104
16184
16272
16184
16088
16192
16288
16296
16176
16152
16272
16288
16120
16144
16280
16320
16232
16256
16336
16376
16280
16208
16336
16480
16392
16296
16360
16504
16456
16400
16480
16616
16592
16528
16592
16768
16776
16728
16792
16928
16976
16936
16920
17032
17240
17160
17096
17216
17328
17232
17240
17232
17280
17128
17008
16976
16984
16864
16680
16576
16680
16560
16368
16304
16408
16400
16280
16176
16200
16192
16112
16048
16176
16256
16088
16000
16096
16224
16096
15968
16080
16176
16168
16048
16032
16104
16104
16032
16072
16152
16184
16056
15984
16128
16184
16064
15984
16064
16184
16112
16016
16008
16136
16048
16000
16064
16104
16072
15984
16016
16120
16048
15992
15936
16088
16096
15952
15952
16032
16144
16032
15976
16072
16136
15992
15944
16048
16184
16080
15992
16056
16168
16016
15912
15968
16080
16112
15984
15984
16080
16048
15968
15960
16032
16080
16024
15960
16024
16088
16016
15872
15928
16104
16024
15928
15968
16056
16040
15920
15928
16064
15984
15880
15928
15976
15992
15896
15920
15976
16064
15992
15856
15984
16024
15928
15912
16080
16192
16104
16064
16192
16328
16344
16240
16312
16432
16472
16352
16328
16480
16392
16288
16224
16288
16144
15960
15856
15992
16024
15936
15840
15856
15920
15848
15720
15760
15952
15920
15808
15816
15800
15704
15480
15424
16456
18008
19608
21328
21520
20368
19560
18968
18064
17272
16464
16128
16216
16312
16216
16056
15936
16032
15944
15904
15920
15976
15944
15824
15848
15920
15920
15832
15800
15888
15992
15896
15816
15920
15984
15888
15744
15904
15968
15912
15856
15912
16056
15928
15840
15856
16016
15984
15872
15928
16072
16040
16008
15960
16064
16104
16064
16048
16184
16248
16168
16144
16224
16368
16336
16256
16384
16544
16560
16520
16576
16728
16720
16680
16720
16888
16960
16880
16936
17008
17048
16904
16808
16912
16960
16792
16656
16584
16576
16432
16240
16304
16264
16200
15960
15944
16096
15992
15840
15816
15944
15888
15832
15752
15888
15904
15800
15736
15872
15912
15800
15800
15864
15888
15816
15752
15832
15896
15848
15744
15792
15904
15856
15744
15704
15808
15856
15752
15744
15864
15904
15768
15712
15800
15856
15776
15640
15736
15824
15784
15640
15680
15768
15776
15696
15704
15720
15816
15712
15704
15816
15848
15704
15720
15816
15880
15768
15704
15816
15864
15824
15720
15800
15816
15784
15712
15808
15944
15816
15688
15752
15928
15784
15704
15720
15840
15824
15720
15672
15760
15872
15704
15688
15792
15832
15696
15680
15728
15872
15736
15640
15704
15880
15752
15656
15704
15840
15824
15760
15784
15888
15864
15688
15672
15784
15864
15768
15776
15928
16072
15992
15920
16152
16280
16144
16072
16160
16320
16232
16136
16136
16208
16176
16016
15896
15984
15912
15760
15696
15776
15832
15744
15608
15712
15784
15656
15592
15712
15784
15712
15544
15448
15600
15352
16000
17424
19440
21360
21840
20696
19896
19208
18112
17112
16520
16272
16112
16000
16152
16064
15856
15672
15728
15880
15768
15640
15688
15912
15816
15712
15728
15896
15824
15712
15688
15808
15832
15696
15736
15888
15872
15800
15744
15808
15936
15776
15768
15840
15936
15808
15832
15808
16024
15880
15760
15824
16024
15928
15888
15968
16072
16072
15968
15976
16080
16168
16112
16096
16240
16376
16304
16280
16424
16592
16536
16504
16616
16800
16728
16680
16776
16920
16936
16848
16848
16960
16960
16800
16768
16792
16776
16544
16464
16432
16456
16200
16064
16128
16152
16008
15792
15880
16000
15856
15776
15800
15880
15808
15720
15776
15944
15864
15704
15736
15864
15920
15768
15728
15832
15904
15832
15744
15808
15888
15872
15696
15864
15976
15872
15744
15816
15976
15896
15864
15824
15992
15968
15824
15784
15896
15960
15864
15784
15944
16008
15880
15768
15896
16016
15888
15736
15872
16040
15928
15800
15792
15936
15888
15824
15824
15952
15904
15760
15816
15888
15920
15824
15712
15856
15976
15832
15728
15808
15976
15816
15736
15840
16008
15872
15744
15832
15944
15904
15768
15792
15912
15984
15816
15768
15928
16024
15856
15864
15976
16064
15976
15912
15968
16032
15936
15888
15968
16048
15944
15872
15840
16072
16008
15880
15872
16016
16040
15912
15936
16024
16064
15888
15904
16048
16152
16016
15960
16160
16296
16176
16152
16224
16472
16416
16336
16360
16544
16504
16368
16376
16512
16464
16328
16320
16352
16288
16096
16016
16136
16216
16048
15976
16024
16144
16048
15968
16000
16208
16112
15912
15904
15920
15888
15624
16208
17664
19512
21288
22136
21136
20216
19440
18400
17584
16880
16464
16368
16440
16528
16280
16136
16112
16272
16144
16024
16016
16192
16144
15984
16008
16128
16120
16032
16040
16096
16152
16040
16000
16056
16216
16056
15984
16080
16176
16088
15984
16056
16208
16160
16024
16096
16232
16208
16048
16120
16248
16232
16144
16200
16320
16392
16248
16240
16344
16464
16384
16376
16504
16632
16536
16504
16624
16848
16768
16664
16800
16952
17016
16888
16888
17120
17168
17040
17120
17208
17248
17088
17032
17088
17096
16896
16752
16784
16840
16592
16392
16384
16456
16336
16144
16072
16248
16168
16008
15968
16136
16096
15960
15968
16032
16096
15920
15912
15928
16144
15960
15928
15984
16112
16000
15960
15984
16120
16000
15968
16008
16168
16064
15936
15976
16152
16160
16024
16016
16176
16152
16064
16040
16104
16216
16048
16040
16080
16168
16080
15952
16064
16208
16072
15936
16016
16176
16104
15952
15992
16128
16104
16048
16000
16080
16144
16000
15928
16088
16160
15936
15968
16048
16152
16056
15952
16032
16120
16088
15952
15992
16096
16032
15968
15976
16096
16096
15968
15944
16104
16120
15984
15920
16008
16056
15984
15968
15992
16128
16048
15944
16032
16088
16072
15952
16016
16168
16112
15984
15952
16128
16136
16016
15984
16104
16128
16032
15968
16104
16128
16048
16016
16088
16192
16048
15952
16000
16184
16192
16096
16176
16312
16320
16288
16312
16504
16528
16368
16432
16536
16600
16464
16392
16440
16496
16368
16152
16136
16200
16080
15960
16016
16128
15984
15928
15944
16096
16008
15872
15880
16032
16072
15840
15712
15808
15784
15776
16784
18448
20376
21896
21208
20224
19616
18704
17624
16800
16440
16288
16192
16256
16336
16136
16000
15960
16040
16128
15920
15960
16024
16104
15952
15952
16008
16112
15960
15888
16024
16136
16000
15912
16024
16176
16080
15976
16032
16192
16120
16008
16040
16216
16176
16040
16088
16256
16224
16152
16136
16240
16336
16232
16168
16288
16360
16384
16312
16376
16536
16496
16416
16544
16648
16656
16568
16632
16888
16920
16784
16864
16968
17136
17048
17040
17176
17256
17200
17184
17280
17344
17192
17080
17112
17152
17008
16800
16760
16808
16720
16504
16448
16536
16448
16264
16240
16272
16328
16184
16120
16208
16288
16136
16032
16168
16296
16144
16016
16112
16288
16224
16088
16120
16240
16248
16088
16112
16264
16280
16136
16144
16232
16312
16128
16168
16208
16344
16232
16120
16184
16280
16232
16168
16216
16320
16272
16120
16168
16320
16216
16112
16136
16264
16256
16088
16064
16208
16216
16072
16112
16136
16280
16120
16080
16160
16224
16152
16048
16128
16208
16240
16040
16120
16232
16208
16088
16104
16192
16208
16064
16048
16200
16240
16120
16032
16128
16208
16088
16016
16096
16208
16120
16032
16064
16160
16144
16016
16104
16120
16128
15984
16016
16184
16096
15992
16024
16152
16144
16056
16040
16080
16192
16096
16000
16064
16152
16040
15944
16024
16096
16040
15944
16048
16256
16216
16072
16136
16304
16384
16280
16288
16440
16496
16432
16384
16464
16496
16312
16264
16376
16352
16144
15968
16056
16136
16128
15912
15952
16064
16048
15904
15936
16048
16032
15888
15928
16032
15888
15688
15576
15656
16616
17944
19616
21544
21800
20536
19672
19168
18224
17232
16504
16320
16432
16320
16192
16136
16176
16168
15968
15904
16072
16104
15960
15816
15992
16072
15984
15968
15984
16128
15976
15912
16040
16152
16104
15912
16000
16152
16104
15992
15960
16080
16128
16000
15992
16144
16144
16056
16064
16136
16232
16096
16048
16200
16328
16280
16136
16288
16344
16384
16256
16296
16520
16480
16384
16456
16616
16680
16536
16624
16808
16832
16720
16760
16928
17072
16976
16896
16960
17136
17120
16968
17016
17072
16936
16744
16752
16848
16688
16496
16424
16536
16448
16232
16120
16256
16248
16136
16072
16096
16192
16056
15936
16016
16064
16064
15912
16048
16144
16128
16008
16040
16112
16104
16008
16008
16104
16112
15992
16000
16088
16200
16008
16008
16064
16136
16016
15968
16000
16128
16024
15952
16016
16072
16072
15920
15920
16096
16032
15856
15928
16040
16080
15952
15904
16064
16064
15936
15872
15944
16024
15936
15840
15912
15984
15928
15808
15936
16008
15912
15800
15832
15984
16008
15808
15896
16040
16016
15896
15888
15992
15976
15840
15856
15936
16000
15904
15856
15928
15976
15984
15888
15960
16032
15968
15824
15896
16024
16008
15840
15904
15992
15952
15840
15856
16000
16000
15856
15792
15960
16008
15896
15784
15888
15992
15904
15792
15904
16080
16064
16008
16120
16248
16208
16080
16240
16384
16328
16232
16224
16360
16368
16208
16168
16272
16152
15904
15832
15920
15936
15752
15680
15760
15904
15832
15664
15760
15904
15888
15720
15696
15680
15592
15416
15240
15896
17280
18936
20856
22072
21136
19936
19168
18368
17424
16504
16008
16080
16208
16184
15968
15816
15888
15848
15760
15808
15864
15848
15720
15712
15872
15880
15792
15784
15840
15848
15800
15768
15824
15904
15856
15712
15824
15920
15896
15792
15840
15960
15968
15816
15856
15992
16008
15888
15872
15992
16048
15968
15912
16032
16096
16072
16016
16192
16240
16152
16136
16192
16368
16360
16216
16328
16528
16536
16456
16520
16672
16688
16664
16680
16800
16880
16776
16824
16984
17048
16920
16816
16832
16944
16768
16640
16592
16688
16576
16384
16280
16312
16216
16024
15944
16152
16048
15880
15840
15976
15960
15864
15784
15832
15936
15840
15832
15904
15976
15960
15816
15904
15984
15888
15792
15856
15976
15960
15864
15896
15976
16016
15832
15872
15984
15992
15912
15856
15952
15992
15920
15832
15936
15944
15936
15776
15856
15952
15944
15784
15864
15944
15880
15792
15816
15904
15896
15800
15856
15984
16008
15880
15808
15944
15992
15840
15768
15928
15976
15944
15760
15848
15952
15872
15800
15856
15952
15912
15808
15848
15944
15912
15808
15736
15856
15912
15888
15824
15880
15944
15872
15792
15904
15936
15904
15816
15856
15984
15984
15848
15888
15976
16000
15864
15816
15968
15880
15872
15840
15888
15920
15848
15776
15936
15960
15824
15792
15872
15952
15872
15808
15944
16088
16096
16008
16080
16216
16224
16208
16240
16376
16280
16248
16232
16384
16328
16216
16152
16280
16216
15952
15816
15872
16000
15872
15792
15832
15864
15832
15712
15808
15904
15856
15744
15720
15824
15704
15488
15416
16056
17360
19064
21000
22256
21200
20032
19272
18384
17456
16552
16128
16192
16256
16200
15984
16008
16064
16024
15832
15848
15944
15904
15824
15816
15936
15944
15816
15768
15920
16008
15912
15800
15896
16024
15960
15848
15904
16024
15984
15832
15888
16008
16024
15864
15944
16072
16040
15960
16024
16112
16136
16032
16056
16112
16184
16184
16120
16240
16328
16328
16232
16368
16456
16400
16272
16480
16648
16640
16584
16648
16760
16872
16800
16768
16936
16960
16904
16904
17088
17088
17040
16920
17032
17040
16888
16704
16672
16712
16568
16336
16336
16384
16280
16080
16104
16200
16088
15976
15920
16032
16008
15912
15848
16024
16080
15976
15864
15960
16032
15976
15872
15904
16048
15968
15912
15944
16064
16032
15896
15944
16096
16032
15904
15920
16088
16080
15992
15936
16032
16072
16000
15912
15984
16072
15976
15928
16008
16096
16040
15888
15896
16040
16024
15872
15856
15984
16040
15896
15872
16048
15976
15920
15864
15968
15984
15872
15840
15976
16048
15920
15864
15920
15976
15928
15848
15920
16032
15952
15904
15960
16056
16000
15928
15896
16016
16040
15936
15872
15992
16072
15976
15904
15960
16072
15984
15912
15944
16064
15960
15880
15976
16040
16024
15888
15936
16040
16048
15920
15864
16016
16048
15984
15912
15984
16032
15952
15872
15936
16024
15976
15872
15936
16072
16096
16032
16112
16248
16224
16160
16168
16384
16384
16360
16304
16424
16424
16352
16360
16392
16384
16304
16192
16128
16120
16032
15968
15976
16064
16000
15896
15912
16040
15960
15848
15928
16040
16008
15856
15704
15760
15704
15688
16608
18232
20192
21880
21544
20424
19656
18840
17728
16896
16464
16336
16152
16224
16376
16192
16032
16000
16144
16064
16032
16000
16096
16088
16056
16016
16096
16120
16088
16000
16136
16168
16088
15992
16064
16168
16144
16032
16096
16208
16136
16096
16144
16272
16224
16128
16160
16232
16304
16208
16200
16288
16384
16288
16264
16368
16480
16424
16352
16432
16544
16536
16472
16568
16720
16696
16664
16656
16872
16864
16768
16832
16960
17104
17040
17008
17120
17192
17152
17120
17256
17264
17152
17032
17072
17072
16880
16712
16704
16768
16624
16456
16392
16496
16344
16240
16176
16288
16232
16080
16080
16160
16152
16072
16040
16136
16176
16088
16016
16112
16216
16152
16064
16104
16216
16112
16056
16128
16224
16160
16072
16088
16224
16232
16104
16072
16192
16232
16152
16032
16168
16184
16184
16032
16152
16208
16104
16000
16112
16232
16152
16032
16040
16136
16128
16040
16000
16136
16080
16008
15976
16120
16104
16000
15992
16040
16152
16040
15984
16040
16104
16024
15960
16000
16128
16072
16000
16024
16144
16064
16024
16008
16104
16080
16072
16000
16096
16112
16040
15952
16104
16136
16008
15936
16048
16144
16128
16000
16064
16128
16016
15952
16008
16144
16024
15976
15936
16096
16104
16000
15960
16088
16096
15976
15960
16056
16072
16064
16016
16056
16096
16056
15968
16024
16192
16072
16008
16040
16256
16224
16176
16192
16344
16360
16424
16400
16496
16504
16400
16384
16504
16520
16400
16280
16328
16392
16192
16048
16072
16112
16072
15920
15936
16016
16000
15928
15904
16032
16016
15952
15904
15920
15872
15704
15552
15768
16968
18456
20232
21928
21400
20160
19424
18736
17832
16856
16256
16288
16360
16360
16168
16088
16120
16144
16016
15912
16064
16048
16000
15904
16024
16128
16016
15880
15952
16112
16008
15912
15968
16056
16024
15896
15928
16024
16008
15968
15952
16064
16064
16032
15992
16072
16112
16048
16040
16160
16192
16136
16096
16184
16272
16224
16184
16232
16360
16280
16256
16296
16432
16392
16408
16384
16528
16552
16568
16584
16792
16832
16760
16736
16856
16952
16936
16888
16976
17088
17024
16976
16992
17032
16888
16744
16672
16800
16616
16472
16320
16384
16280
16200
16104
16144
16120
16064
15936
16008
16024
15976
15912
16000
16064
15952
15848
15896
16008
15992
15896
15912
16072
16048
15960
15952
16032
16016
15896
15928
16000
16080
15984
15904
16000
16032
15976
15888
16000
16048
15968
15928
15928
16000
15928
15808
15880
16024
15984
15904
15864
16024
15976
15864
15824
15896
15976
15904
15856
15928
15992
15888
15856
15880
16024
15896
15816
15888
15904
15896
15872
15832
16016
15968
15880
15824
15912
15912
15856
15880
15984
16040
15856
15848
15912
15952
15864
15832
15888
16008
15920
15824
15896
16008
15984
15864
15824
16008
15992
15856
15864
15984
15920
15760
15800
15944
15912
15840
15824
15904
16008
15896
15784
15888
15968
15896
15848
15920
16000
15968
15936
16016
16200
16216
16152
16168
16312
16328
16208
16160
16296
16336
16248
16208
16256
16272
16128
15912
15824
15928
15760
15824
15736
15888
15800
15848
15736
15864
15792
15840
15736
15848
15840
15720
15520
15536
15416
15944
17280
19200
21192
22024
20952
19872
19424
18440
17504
16600
16296
16176
16208
16176
16160
16056
15992
15896
16056
15976
15880
15856
15976
16000
15848
15856
15944
15936
15848
15912
15912
16000
15816
15912
15936
16008
15944
15928
15856
16040
15944
16000
15904
16072
16016
16000
15944
16112
16144
16024
16032
16088
16136
16048
16104
16176
16288
16160
16272
16184
16400
16232
16368
16312
16480
16432
16552
16528
16592
16640
16632
16640
16800
16896
16792
16848
16944
17040
16960
17000
16984
17080
16952
16928
16880
16880
16656
16688
16520
16584
16400
16352
16216
16328
16224
16104
16008
16056
16112
15984
15968
16016
16072
15912
15928
15928
16064
15880
15960
15928
16088
15984
16008
15928
16096
16040
16048
15960
16088
16048
15992
15936
16080
16064
15928
16000
16112
16128
15936
16016
16024
16080
15968
15984
15872
16008
15928
15984
15952
16040
15968
15952
15944
16048
16016
15920
15896
15992
16048
15904
15928
16008
16008
15872
15968
15928
16032
15936
16016
15968
16040
15952
15960
15952
16080
16024
16000
15928
16064
16056
15992
15928
16008
16056
15912
15968
16000
16032
15896
15960
15920
16064
15928
15960
15920
16008
15952
15976
15896
16016
15944
15936
15912
16000
16000
15952
15952
16056
16000
15880
15976
16032
16048
15848
15952
15960
16032
15952
15992
15896
16072
16008
16152
16096
16240
16248
16224
16248
16488
16488
16368
16320
16464
16552
16408
16400
16376
16448
16296
16344
16136
16200
16024
16112
16016
16096
16008
16016
15968
16064
16024
15944
15928
15984
16024
15816
15792
15776
15704
15896
17160
18936
20976
22184
21448
20328
19680
18592
17696
16728
16488
16376
16336
16328
16384
16232
16112
16080
16144
16168
15976
16048
16096
16096
15936
16048
16064
16128
15992
16064
16032
16088
16032
16064
16048
16152
16096
16064
16088
16224
16136
16072
16096
16192
16184
16072
16176
16232
16288
16120
16256
16208
16320
16224
16328
16320
16384
16288
16352
16400
16544
16472
16496
16552
16664
16656
16616
16648
16832
16856
16776
16912
16984
17008
16928
17064
17152
17176
17088
17200
17184
17288
17152
17128
17000
17040
16944
16800
16672
16720
16576
16472
16400
16440
16312
16184
16192
16272
16232
16096
16144
16104
16216
16080
16144
16104
16232
16088
16128
16152
16224
16152
16144
16136
16240
16200
16096
16168
16240
16216
16064
16160
16224
16224
16080
16216
16176
16240
16088
16184
16176
16272
16144
16152
16112
16256
16160
16080
16072
16216
16144
16056
16064
16184
16136
15984
16056
16144
16152
16016
16112
16136
16168
16000
16120
16040
16192
16056
16064
16016
16192
16096
16064
16040
16176
16128
16016
16112
16192
16112
16016
16096
16160
16184
16016
16144
16112
16160
16064
16184
16112
16192
16104
16096
16144
16240
16112
16072
16112
16184
16160
16032
16112
16176
16168
16040
16128
16168
16152
16048
16152
16120
16208
16048
16184
16120
16272
16104
16152
16120
16224
16192
16144
16248
16344
16336
16304
16416
16464
16480
16432
16592
16584
16640
16536
16592
16608
16624
16448
16488
16424
16392
16192
16160
16224
16280
16160
16104
16144
16216
16152
15984
16120
16192
16184
15968
16080
16032
15984
15792
15872
16632
18040
19792
21680
21904
20872
19904
19240
18216
17424
16672
16368
16408
16520
16472
16216
16248
16280
16216
16064
16192
16144
16176
16072
16224
16208
16208
16064
16192
16152
16248
16120
16104
16096
16184
16128
16064
16080
16208
16152
16000
16128
16232
16232
16048
16168
16264
16264
16104
16240
16240
16336
16280
16304
16272
16400
16344
16384
16368
16512
16456
16416
16520
16640
16592
16488
16680
16720
16784
16680
16848
16904
17024
16896
17016
17032
17128
17024
17152
17184
17272
17120
17104
17112
17112
17008
16840
16808
16824
16696
16464
16536
16440
16408
16216
16328
16272
16264
16080
16176
16128
16168
16056
16088
16064
16112
16104
16048
16096
16168
16056
16000
16096
16160
16112
15952
16112
16176
16136
15960
16136
16144
16200
15992
16160
16096
16160
16016
16064
16072
16144
16072
16056
16112
16128
16080
15968
16040
16112
16056
15880
16000
16056
16016
15896
16056
16000
16064
15928
16032
16016
16056
15928
15976
15976
16104
15968
15888
15960
16088
16032
15896
15992
16064
15960
15840
16000
16040
16016
15896
16008
16016
16040
15848
15968
16048
16080
15984
15968
15992
16072
15968
15920
15968
16064
15944
15872
16048
16072
16000
15856
15992
16032
16064
15864
16000
16000
16008
15920
16000
16000
16080
15928
15976
15976
16104
15976
15904
15992
16120
16056
15992
16232
16328
16280
16128
16384
16440
16440
16288
16424
16456
16432
16336
16376
16376
16384
16112
16008
16064
16088
15960
15896
15992
16000
15936
15808
15928
15992
15880
15776
15984
15960
15784
15528
15688
15560
16048
17160
19080
20976
22160
21080
20032
19424
18664
17584
16720
16272
16312
16248
16088
16200
16216
16056
15816
16008
16064
16008
15872
15968
15960
16048
15912
16064
15976
16032
15936
15960
15960
16008
15976
15872
15976
16008
15968
15856
15960
16016
15984
15832
16064
16112
16096
15920
16096
16056
16064
15960
16072
16072
16168
16104
16128
16216
16328
16208
16168
16288
16368
16376
16304
16496
16496
16544
16440
16664
16736
16776
16632
16864
16888
16984
16856
16912
16992
17120
17000
17024
17048
17120
16968
16752
16904
16880
16704
16480
16560
16544
16400
16160
16296
16224
16224
16000
16112
16128
16080
15944
15992
16048
16016
15936
15896
16056
16096
15960
15824
16040
16096
16016
15896
16064
16032
16016
15856
16104
16080
16008
15888
16096
16056
16032
15896
15984
16000
16040
15936
15904
16008
16040
15992
15840
16016
16000
15968
15832
16008
16016
15952
15832
15952
16040
15936
15872
15936
15904
16000
15864
15864
15944
15952
15888
15888
16024
16032
15944
15816
15976
15992
15896
15840
15992
16000
15968
15896
15984
16016
15984
15880
15904
15976
15968
15896
15928
16088
16064
15920
15872
16016
16032
15952
15800
15912
16040
15960
15856
15952
16064
15992
15904
15928
16048
15992
15928
15888
16056
16032
15912
15896
15992
16056
15944
15952
16112
16136
16184
16176
16208
16312
16272
16216
16352
16488
16440
16360
16368
16472
16408
16272
16288
16336
16144
15960
15968
16088
16064
15912
15848
16008
16056
15904
15832
15920
16048
15928
15816
15856
15848
15712
15496
15664
16752
18296
20160
22048
21928
20696
19776
19072
18136
17216
16496
16248
16320
16408
16272
16120
16112
16160
16064
15968
16016
16128
16048
15952
16000
16120
16072
15936
15984
16064
16144
15952
15952
16104
16088
16000
15960
16040
16080
15984
15968
16096
16232
16112
16048
16112
16208
16176
16080
16136
16200
16248
16120
16192
16288
16352
16264
16264
16384
16432
16352
16344
16512
16576
16544
16448
16600
16760
16728
16688
16800
16928
16936
16872
17000
17104
17112
17016
17104
17256
17248
17104
17072
17160
17120
16928
16832
16808
16824
16648
16504
16536
16496
16336
16168
16264
16344
16280
16072
16136
16224
16184
16048
16088
16184
16184
16104
16040
16176
16152
16144
16088
16168
16184
16104
15984
16176
16208
16096
16008
16080
16272
16208
16128
16168
16248
16200
16072
16112
16208
16184
16056
16048
16192
16232
16104
16040
16176
16176
16104
16024
16144
16176
16120
16008
16096
16176
16080
15984
16056
16128
16072
16016
16008
16224
16184
16056
16024
16112
16184
16016
15968
16104
16144
16040
16008
16136
16160
16104
15984
16120
16232
16104
16040
16080
16176
16152
16056
16048
16120
16128
16016
16048
16160
16168
16032
16008
16136
16184
16032
15984
16168
16224
16024
15968
16128
16168
16096
16016
16080
16152
16088
15992
16104
16160
16136
16032
16040
16200
16208
16184
16152
16384
16408
16344
16360
16520
16576
16520
16472
16616
16616
16528
16472
16576
16568
16512
16280
16272
16256
16264
16136
16072
16192
16160
16128
16072
16176
16176
16112
16088
16240
16160
16088
15840
16008
15856
15832
16696
18328
20184
22024
21832
20664
19880
19184
18088
17160
16728
16544
16440
16416
16544
16392
16280
16136
16328
16240
16240
16080
16288
16216
16216
16104
16280
16216
16240
16104
16176
16288
16264
16168
16152
16304
16296
16176
16128
16296
16304
16256
16200
16384
16320
16248
16200
16392
16328
16304
16216
16384
16424
16400
16328
16384
16440
16472
16456
16440
16584
16632
16512
16488
16720
16720
16696
16664
16976
16960
16960
16864
17080
17168
17144
17088
17248
17272
17272
17232
17320
17352
17304
17176
17136
17200
17104
16944
16800
16928
16784
16648
16488
16600
16472
16432
16288
16432
16408
16296
16232
16344
16304
16264
16144
16200
16288
16288
16160
16136
16288
16272
16208
16152
16384
16296
16224
16152
16296
16256
16256
16144
16368
16304
16248
16136
16312
16304
16296
16128
16224
16288
16280
16192
16168
16296
16240
16192
16128
16264
16272
16192
16136
16328
16304
16264
16112
16304
16280
16272
16128
16200
16264
16256
16168
16184
16208
16224
16112
16144
16344
16256
16160
16088
16320
16256
16168
16064
16232
16200
16208
16056
16240
16272
16200
16096
16224
16248
16208
16136
16160
16280
16256
16072
16096
16296
16272
16120
16104
16264
16232
16160
16088
16328
16248
16152
16112
16312
16296
16184
16072
16160
16200
16192
16128
16120
16240
16240
16168
16192
16368
16344
16304
16328
16528
16560
16480
16456
16560
16592
16520
16440
16584
16520
16456
16336
16416
16296
16200
16136
16160
16256
16160
16016
16056
16264
16144
16080
15976
16160
16120
16040
15912
15952
15888
15744
15696
16800
18256
20128
21808
21736
20656
19840
19104
18112
17400
16640
16424
16360
16552
16400
16296
16104
16312
16152
16112
16064
16240
16112
16096
16008
16192
16176
16144
16056
16144
16168
16120
16080
16088
16272
16168
16104
16120
16312
16264
16120
16048
16256
16184
16152
16072
16296
16256
16264
16144
16256
16304
16240
16216
16320
16408
16288
16184
16312
16520
16432
16352
16360
16680
16592
16608
16584
16824
16728
16744
16720
17008
16992
16936
16888
17072
17128
17088
17040
17120
17288
17152
17040
17064
17104
17000
16872
16736
16872
16624
16520
16424
16584
16456
16232
16152
16376
16320
16136
16000
16184
16224
16072
15984
16072
16184
16104
16000
16064
16200
16080
15936
15968
16232
16120
16008
15944
16240
16160
16072
15984
16144
16040
15976
15976
16032
16072
16016
15896
16040
16096
16000
15880
15904
16112
16024
15936
15856
16152
15992
15952
15904
16088
15976
15896
15880
16032
15976
15960
15896
15976
16040
15960
15872
15904
16048
15984
15864
15856
16096
16024
15936
15936
16080
15976
15864
15864
16080
16032
15920
15856
16040
16048
15944
15840
15928
16024
15960
15904
15904
16064
15928
15848
15920
16096
16000
15904
15904
16088
16032
15904
15888
16096
15976
15992
15912
16048
16016
15952
15896
16032
16040
15952
15896
16032
16208
16160
16104
16088
16344
16320
16296
16264
16440
16384
16400
16296
16512
16368
16256
16232
16408
16192
15912
15888
15984
16080
15896
15848
15872
16016
15928
15776
15808
16040
15920
15864
15824
15936
15680
15536
15408
16264
17544
19304
21176
22296
21224
20056
19360
18512
17640
16776
16280
16328
16400
16248
16096
15992
16136
16040
15904
15896
16080
15984
15848
15856
16048
15968
15920
15816
16008
15936
15880
15824
15936
16072
15872
15848
15960
16144
15992
15824
15896
16064
15968
15880
15896
16176
16040
15976
15896
16176
16120
16032
16008
16160
16224
16152
16064
16200
16352
16288
16208
16288
16512
16416
16416
16512
16768
16648
16608
16616
16928
16896
16904
16832
17120
17120
17064
17032
17208
17272
17168
17064
17120
17144
17000
16808
16856
16952
16752
16592
16568
16696
16472
16328
16256
16432
16272
16168
16112
16264
16160
16096
16064
16144
16176
16080
15960
16136
16240
16096
16000
16016
16224
16088
16064
16024
16256
16104
16008
15984
16200
16080
15984
15984
16144
16136
16024
15944
16096
16160
16024
15928
16048
16200
16040
16008
16008
16224
16032
15984
16032
16216
16032
15960
15936
16192
16080
15984
15960
16088
16112
16008
15952
16064
16112
16024
15952
16048
16152
16000
15952
16008
16216
16032
15968
15928
16056
16072
15968
16008
16104
16088
15976
16000
16120
16160
15968
15944
16024
16144
16056
15944
16000
16176
16080
15968
16000
16112
16064
15936
15992
16144
16072
15944
15968
16088
16144
16000
15912
16032
16176
16056
15960
16048
16160
16056
15920
16072
16168
16104
16112
16248
16296
16304
16208
16264
16520
16504
16384
16352
16528
16568
16472
16424
16448
16464
16384
16216
16152
16184
16056
15952
16024
16192
16016
15952
15944
16152
16040
15904
15944
16096
16032
15920
15800
15832
15776
15752
16776
18440
20480
22040
21560
20552
19872
18968
17904
17016
16704
16448
16328
16360
16384
16272
16096
16080
16184
16168
16032
16040
16152
16152
16048
16000
16104
16224
16024
15968
16064
16192
16112
16024
16056
16160
16112
16000
16120
16296
16192
16088
16120
16280
16232
16104
16112
16272
16264
16208
16152
16288
16400
16232
16216
16328
16480
16336
16336
16400
16600
16488
16432
16512
16680
16704
16672
16720
16816
16912
16856
16840
17024
17104
16968
17000
17224
17352
17208
17192
17288
17440
17256
17144
17136
17144
17008
16872
16824
16864
16744
16544
16440
16496
16512
16280
16232
16384
16312
16128
16104
16200
16224
16144
16064
16128
16280
16136
16040
16112
16304
16176
16048
16016
16320
16192
16032
16072
16256
16240
16088
16064
16184
16264
16096
16048
16144
16264
16136
16096
16152
16296
16208
16096
16128
16264
16216
16096
16080
16256
16208
16072
16104
16232
16288
16096
16096
16248
16312