14544
14992
15720
15784
15520
15472
15752
15832
15576
15432
15680
15912
15640
15424
15656
15896
15720
15416
15592
15848
15800
15432
15528
15848
15840
15488
15520
15824
15880
15536
15504
15856
15912
15632
15464
15736
16008
15728
15504
15736
16056
15832
15584
15744
16064
15984
15712
15792
16192
16184
15864
15864
16280
16376
16048
16008
16328
16568
16280
16176
16400
16712
16472
16256
16520
16840
16640
16376
16520
16784
16592
16208
16272
16544
16392
16008
15960
16224
16264
15872
15768
16016
16184
15824
15616
15944
16088
15832
15552
15792
16104
15880
15512
15696
16008
15896
15632
15664
15976
15912
15552
15608
15912
16008
15656
15528
15888
16048
15688
15536
15872
16072
15824
15544
15808
16056
15872
15584
15736
16048
15944
15560
15664
16024
15944
15584
15544
15928
16024
15672
15616
15912
16000
15680
15552
15840
16040
15736
15544
15728
15984
15784
15568
15712
15992
15864
15568
15648
15920
15920
15608
15584
15896
15960
15664
15528
15848
15992
15680
15480
15784
15976
15768
15552
15744
15992
15856
15536
15704
15968
15880
15568
15640
15968
15976
15624
15592
15920
15928
15656
15592
15896
16056
15688
15496
15816
16096
15816
15672
15928
16232
15984
15736
15912
16320
16376
16144
16288
16608
16536
16136
16064
16328
16360
15992
15904
16144
16248
15888
15640
15832
16016
15736
15496
15720
15960
15776
15488
15608
15888
15824
15488
15544
15904
15872
15568
15528
15792
15896
15560
15512
15840
15984
15608
15480
15808
16008
15624
15344
15808
16784
17600
18416
19832
21080
20400
18224
16936
15976
15152
14528
14648
15304
15832
15672
15600
15944
16136
15784
15592
15848
16032
15792
15592
15792
16048
15832
15584
15768
16024
15936
15616
15680
16040
16032
15648
15640
15960
16072
15720
15624
15944
16056
15768
15640
15912
16128
15856
15616
15848
16168
15960
15720
15840
16184
16112
15872
15928
16184
16240
15912
16016
16344
16368
16104
16104
16432
16648
16376
16200
16584
16816
16552
16408
16664
16912
16688
16488
16616
16936
16776
16400
16424
16632
16600
16216
16200
16432
16432
16032
15904
16144
16232
15936
15728
15992
16224
15872
15600
15840
16192
15960
15680
15856
16104
15984
15680
15760
16104
16016
15720
15664
15960
16088
15720
15696
15960
16104
15776
15600
15896
16128
15848
15600
15784
16104
15936
15664
15744
16048
15976
15688
15728
16064
16024
15696
15736
16032
16072
15736
15656
15936
16104
15808
15648
15944
16160
15864
15624
15816
16112
15896
15632
15792
16080
15944
15608
15648
16080
16056
15688
15672
16008
16104
15760
15656
15944
16128
15736
15688
15896
16144
15816
15624
15864
16120
15880
15576
15752
16032
15960
15616
15728
16032
15968
15664
15688
16008
16024
15696
15640
15936
16088
15792
15616
15888
16160
15864
15608
15816
16088
15976
15704
15928
16248
16056
15808
15880
16272
16424
16216
16216
16512
16520
16120
16032
16264
16336
16024
15904
16144
16312
16024
15720
15840
16056
15824
15496
15712
16016
15896
15528
15600
15904
15936
15520
15560
15904
15944
15592
15552
15848
15992
15616
15504
15816
15984
15696
15480
15808
15968
15800
15480
16000
17136
18080
18920
20248
21200
19872
17744
16424
15600
15040
14512
14760
15512
15968
15704
15584
15864
16128
15824
15600
15800
16008
15800
15624
15760
16024
15904
15592
15672
16016
15960
15616
15600
15928
16000
15688
15584
15920
16016
15744
15544
15904
16112
15824
15664
15904
16160
15968
15632
15848
16120
16056
15728
15832
16216
16160
15864
15864
16176
16240
16016
15960
16312
16440
16184
16056
16368
16648
16376
16208
16504
16800
16664
16384
16544
16864
16792
16496
16560
16848
16832
16416
16344
16656
16648
16256
16072
16376
16456
16080
15872
16096
16272
15984
15760
15968
16208
15984
15712
15856
16160
15992
15696
15800
16096
16048
15688
15688
16016
16088
15792
15696
15976
16080
15816
15624
15904
16080
15832
15624
15856
16144
15888
15632
15832
16128
16000
15656
15752
16096
16016
15728
15688
16032
16040
15664
15704
16032
16128
15792
15656
15936
16176
15888
15664
15848
16136
15944
15648
15840
16112
16008
15680
15776
16120
16056
15728
15704
16016
16088
15760
15680
15976
16168
15848
15704
15960
16160
15904
15680
15888
16152
15936
15656
15832
16128
16040
15664
15736
16120
16080
15720
15712
16048
16104
15768
15664
15992
16152
15824
15696
15952
16176
15896
15656
15920
16248
16056
15832
16048
16312
16152
15864
15968
16440
16560
16272
16328
16600
16528
16152
16056
16344
16432
16064
15928
16160
16368
16040
15728
15872
16144
15904
15624
15728
16056
15912
15616
15712
16040
15992
15648
15664
15992
16056
15712
15672
15928
16120
15768
15656
15912
16112
15872
15624
15848
16104
15856
15848
16696
18008
18920
19776
20688
20304
18456
16832
15632
15192
15032
14880
15176
15912
16256
15928
15768
16072
16304
15944
15744
15936
16240
16056
15760
15888
16200
16032
15768
15864
16168
16096
15784
15824
16096
16200
15824
15752
16056
16200
15888
15728
16016
16208
15968
15752
16000
16240
16024
15792
16000
16304
16176
15912
15968
16376
16328
16024
16048
16416
16464
16184
16152
16520
16680
16392
16288
16664
16840
16608
16440
16752
17000
16848
16616
16792
17112
16992
16624
16720
16992
16904
16552
16504
16728
16696
16288
16160
16432
16528
16136
15904
16192
16392
16120
15848
16088
16264
16104
15872
16016
16280
16152
15784
15920
16248
16176
15832
15872
16160
16240
15856
15824
16080
16240
15888
15808
16064
16256
15976
15800
15984
16224
16048
15760
15936
16240
16144
15824
15904
16208
16192
15856
15840
16136
16216
15864
15784
16112
16240
15920
15728
16096
16288
15968
15736
15984
16232
16040
15752
15888
16208
16016
15760
15832
16168
16072
15744
15800
16112
16184
15832
15776
16056
16224
15904
15744
16000
16216
15984
15776
15968
16208
15984
15760
15928
16192
16048
15776
15840
16144
16120
15752
15784
16120
16152
15888
15776
16032
16160
15864
15744
16032
16216
15896
15736
16016
16312
16152
15896
16064
16336
16224
15944
16136
16656
16696
16400
16352
16520
16520
16176
16072
16288
16432
16112
15912
16224
16384
16024
15704
15896
16168
15888
15608
15776
16128
15920
15592
15736
16072
15968
15648
15624
16016
16064
15720
15648
15960
16096
15792
15656
15912
16136
15872
15624
15856
16056
15936
16176
17272
18576
19560
20152
20280
18960
17496
15960
15080
15024
15104
15072
15376
16056
16208
15832
15752
15768
16248
15952
15736
15992
16232
16000
15720
15864
16184
15792
15760
15816
16136
16128
15744
15784
16088
16144
15816
15776
16080
16192
15856
15688
16040
16240
15944
15776
15968
16296
16040
15840
15984
16272
16192
15872
16016
16368
16328
16008
16056
16416
16504
16184
15984
16528
16712
16424
16240
16648
16760
16632
16504
16704
17040
16800
16608
16784
17064
16944
16616
16688
16944
16856
16520
16424
16640
16616
16200
16136
16344
16432
16080
15880
16192
16360
16048
15840
16032
16320
16064
15808
15976
16248
16120
15848
15920
16232
16080
15840
15856
16168
16192
15848
15792
16056
16200
15912
15760
16048
16224
15968
15808
15992
16216
15968
15736
15952
16192
16056
15808
15872
16200
16184
15808
15800
16152
16192
15872
15800
16120
16216
15896
15760
16048
16200
15904
15720
15968
16232
16000
15744
15944
16200
16056
15776
15832
16184
16088
15792
15832
16120
16128
15816
15792
16120
16152
15912
15696
16040
16248
15944
15712
15952
16232
16000
15752
15888
16208
16064
15728
15872
16160
16112
15776
15792
16136
16112
15808
15680
16024
16168
15888
15712
16008
16168
15904
15720
15936
16200
16056
15848
16096
16392
16192
15888
16000
16456
16608
16368
16376
16600
16576
16176
16120
16360
16392
16088
15976
16264
16392
16088
15824
15968
16216
15920
15640
15800
16080
15968
15656
15720
16064
15984
15648
15712
15992
16032
15672
15632
15952
16056
15792
15656
15928
16120
15848
15664
15896
16088
15856
15608
15904
16768
17584
18320
19488
20664
20256
18200
16880
16040
15296
14672
14696
15376
15912
15816
15720
15992
16208
15936
15688
15904
16176
15952
15744
15856
16168
16040
15712
15840
16112
16088
15744
15760
16112
16168
15832
15768
16104
16160
15888
15696
15992
16232
15960
15752
15952
16232
16016
15824
15944
16256
16128
15840
15976
16304
16256
15880
15936
16344
16368
16104
16000
16376
16560
16296
16152
16472
16728
16536
16368
16656
16952
16728
16496
16720
17008
16856
16512
16656
16960
16904
16456
16464
16720
16728
16288
16176
16416
16504
16104
15952
16200
16400
16024
15824
16032
16280
15976
15736
15952
16136
16064
15728
15848
16160
16088
15768
15800
16088
16080
15744
15688
16064
16112
15712
15616
15960
16184
15856
15688
15912
16144
15952
15664
15872
16136
15968
15648
15728
16096
16080
15744
15760
16112
16168
15784
15704
15976
16096
15832
15656
15984
16096
15832
15656
15912
16088
15920
15616
15864
16136
15944
15624
15720
16072
16040
15720
15672
16024
16024
15744
15664
15976
16048
15736
15640
15960
16128
15816
15640
15848
16176
15920
15616
15792
16112
15968
15656
15752
16072
15976
15664
15712
16008
16056
15696
15672
15968
16128
15760
15616
15904
16128
15872
15576
15856
16112
15912
15632
15960
16240
16136
15800
15904
16264
16208
15968
16176
16632
16704
16304
16144
16400
16456
16128
15952
16200
16384
16096
15832
16120
16272
15928
15632
15792
16104
15976
15592
15712
15976
15920
15632
15656
15984
15960
15584
15568
15912
16000
15688
15488
15856
16080
15768
15616
15856
16096
15856
15640
15800
16008
15856
15904
16792
18072
19152
20064
20784
19880
18112
16424
15192
14928
14920
14880
15176
15856
16152
15848
15720
15896
16168
15888
15656
15872
16152
15960
15648
15760
16136
16080
15712
15720
16048
16104
15792
15736
16056
16184
15816
15728
15992
16104
15864
15680
15968
16184
15960
15712
15944
16200
16048
15784
15880
16216
16184
15896
15976
16256
16280
15992
15976
16264
16456
16128
16040
16376
16600
16368
16208
16528
16784
16576
16392
16592
16920
16760
16520
16680
17000
16888
16592
16576
16880
16856
16440
16352
16632
16656
16272
16064
16320
16408
16104
15904
16088
16304
16008
15760
15928
16240
16064
15744
15800
16176
16128
15768
15760
16088
16088
15744
15696
16024
16120
15824
15712
16008
16200
15888
15704
15944
16160
15952
15680
15872
16144
16016
15720
15848
16120
16088
15760
15832
16144
16168
15816
15808
16112
16224
15848
15744
16032
16200
15896
15728
15984
16192
15952
15744
15912
16168
16000
15744
15856
16192
16088
15760
15760
16024
16104
15792
15704
16056
16128
15840
15744
16008
16144
15848
15712
15904
16168
15936
15672
15896
16152
16000
15696
15824
16144
16040
15752
15792
16072
16088
15784
15784
16048
16152
15848
15720
16048
16192
15912
15704
15960
16192
15968
15760
15864
16120
16024
15752
15888
16216
16192
15920
16008
16240
16272
15920
16040
16504
16744
16400
16256
16456
16536
16240
16064
16200
16392
16144
15928
16120
16344
16144
15736
15800
16112
16016
15616
15648
15968
16024
15728
15656
15960
16040
15728
15624
15944
16064
15776
15640
15888
16104
15888
15656
15816
16096
15936
15704
15792
16080
15976
15632
15872
16784
17824
18560
19712
20952
20480
18288
16840
15848
15280
14736
14688
15272
15936
15944
15752
15936
16200
16032
15768
15880
16184
16056
15792
15808
16152
16120
15824
15744
16080
16176
15840
15760
16024
16208
15912
15752
16016
16176
15984
15720
15968
16208
16048
15760
15880
16192
16144
15816
15856
16184
16184
15896
15864
16160
16312
15992
15928
16256
16424
16176
16024
16280
16592
16432
16144
16408
16736
16600
16408
16552
16840
16832
16576
16608
16952
16936
16640
16616
16896
16976
16648
16408
16648
16776
16448
16192
16352
16512
16256
16016
16136
16384
16200
15888
16000
16264
16216
15880
15864
16176
16184
15856
15840
16128
16256
15888
15824
16096
16216
15920
15792
16024
16280
16048
15792
15944
16304
16072
15824
15896
16200
16152
15840
15864
16192
16160
15848
15816
16120
16200
15888
15792
16080
16256
15960
15768
16040
16224
16008
15776
15960
16192
16056
15784
15904
16160
16080
15800
15856
16152
16168
15840
15792
16120
16192
15920
15808
16080
16232
15944
15760
16032
16208
15984
15768
15968
16216
16040
15808
15896
16248
16160
15880
15864
16152
16168
15840
15872
16096
16200
15920
15904
16184
16272
15968
15792
15984
16248
16088
15840
15992
16192
16016
15800
15840
16000
15944
15728
15760
16064
16080
15792
15816
16128
16264
16064
16032
16296
16504
16424
16496
16752
16896
16584
16296
16408
16616
16464
16120
16256
16552
16384
16120
16056
16256
16208
15872
15824
16072
16128
15824
15808
16000
16144
15856
15760
15920
16128
15880
15728
15880
16128
15968
15736
15840
16080
16048
15784
15832
16072
16088
15848
15816
15984
16032
15976
16424
17648
18784
19704
20448
20264
18704
17160
15776
15104
14992
15008
15168
15704
16160
16120
15880
15960
16216
16144
15888
15880
16184
16232
15960
15904
16104
16272
15992
15872
16048
16200
16048
15872
16040
16232
16064
15840
15968
16208
16144
15888
15920
16144
16160
15960
15920
16160
16168
16008
15936
16192
16312
16096
16008
16208
16368
16224
16056
16248
16488
16376
16216
16328
16576
16536
16376
16472
16768
16816
16576
16608
16848
16888
16696
16632
16864
17024
16768
16616
16832
16912
16744
16464
16592
16712
16536
16232
16304
16472
16360
16040
16088
16312
16248
16016
15936
16192
16240
16000
15864
16128
16264
15976
15872
16080
16256
16064
15872
16032
16256
16088
15872
15952
16192
16160
15912
15952
16152
16152
15944
15896
16112
16224
15904
15864
16128
16256
16000
15896
16096
16280
16048
15856
16032
16232
16112
15920
16016
16208
16120
15920
15944
16208
16160
15912
15888
16176
16216
15960
15848
16088
16224
16056
15856
16032
16200
16048
15872
15992
16144
16088
15848
15976
16184
16104
15872
15880
16160
16144
15880
15872
16120
16176
15920
15872
16040
16192
15960
15872
16048
16224
16024
15808
15960
16232
16064
15872
15912
16184
16112
15912
15928
16192
16136
15864
15928
16176
16216
15928
15896
16160
16184
16032
15936
16168
16384
16240
16048
16136
16360
16264
16152
16448
16776
16672
16456
16376
16568
16552
16232
16144
16384
16448
16200
16096
16280
16304
15968
15856
15984
16096
15920
15800
15952
16152
16000
15792
15912
16120
16008
15784
15832
16080
16088
15864
15816
16056
16128
15856
15776
16008
16120
15944
15800
16040
16176
15912
15824
16368
17440
18312
19168
20280
20704
19168
17384
16296
15544
15072
14768
15072
15720
16120
15912
15800
16088
16208
15984
15824
16032
16312
17840
17376
16568
16240
15872
15528
15640
15824
15656
15400
15432
15712
15744
15432
15464
15752
15840
15616
15520
15784
15960
15784
15632
15872
16072
15920
15752
15896
16176
16040
15856
15936
16224
16160
16000
16032
16296
16360
16144
16184
16456
16544
16296
16304
16576
16744
16520
16448
16728
16888
16736
16600
16824
17040
16920
16704
16736
16968
16888
16592
16608
16752
16688
16368
16296
16504
16520
16216
16104
16280
16400
16128
15968
16144
16320
16096
15976
16080
16280
16072
15872
16024
16232
16152
15888
15952
16208
16192
15864
15880
16128
16184
15920
15832
16104
16168
15936
15808
16040
16184
15968
15760
16000
16216
16064
15840
15952
16176
16096
15864
15888
16144
16096
15872
15856
16128
16144
15832
15832
16088
16136
15904
15768
16016
16200
15976
15776
15952
16152
16016
15752
15912
16168
16040
15824
15848
16176
16120
15808
15864
16064
16168
15840
15784
16040
16152
15920
15760
16024
16152
15912
15760
15912
16136
15928
15704
15904
16112
16064
15768
15832
16072
16128
15808
15776
16024
16112
15856
15792
16040
16152
15872
15736
15984
16208
15936
15744
15968
16200
16064
15752
15920
16216
16128
15944
16032
16352
16328
16008
15960
16320
16464
16328
16384
16712
16800
16392
16168
16400
16568
16232
16008
16248
16448
16208
16000
16056
16264
16096
15776
15832
16104
16128
15752
15784
16088
16120
15808
15752
16016
16168
15848
15728
15944
16152
15904
15736
15944
16176
15952
15728
15864
16128
16056
15744
15784
16000
16032
16040
16784
18024
19096
19856
20392
19584
17992
16552
15336
15008
15048
14992
15152
15784
16184
15960
15800
15968
16176
16072
15856
15936
16176
16136
15848
15856
16112
16192
15816
15768
16072
16232
15960
15816
16032
16200
15968
15808
15952
16152
15968
15800
15920
16200
16096
15792
15936
16216
16256
15920
15912
16256
16304
16048
15992
16256
16392
16144
16008
16320
16504
16296
16096
16392
16656
16504
16304
16456
16808
16728
16512
16568
16896
16888
16616
16640
16920
16992
16720
16624
16848
16960
16656
16408
16600
16672
16440
16144
16304
16464
16256
16008
16032
16264
16176
15920
15976
16232
16184
15928
15904
16160
16272
15920
15848
16096
16216
16008
15832
15984
16192
15992
15896
16040
16248
16136
15960
16032
16288
16176
15864
15936
16240
16280
15960
15904
16168
16328
16040
15952
16072
16248
16056
15880
16096
16320
16096
15872
16024
16344
16248
15952
16112
16384
16240
16024
16024
16272
16264
15960
16000
16240
16256
15928
15864
16120
16272
15944
15816
15984
16168
15944
15752
15864
16072
15928
15696
15800
16088
15936
15720
15776
16024
16016
15728
15704
15968
16024
15800
15720
15952
16088
15856
15752
15960
16112
15896
15704
15904
16144
15984
15728
15840
16096
16000
15768
15808
16136
16096
15800
15792
16024
16088
15832
15776
16064
16216
16000
15920
16128
16264
16056
15896
16208
16632
16560
16352
16376
16520
16400
16144
16136
16360
16288
15968
15984
16264
16336
15832
15712
15960
16072
15736
15592
15832
16008
15800
15648
15776
16008
15808
15528
15760
16000
15888
15640
15680
15944
15904
15640
15696
15920
16024
15744
15656
15896
16000
15672
15568
15792
16416
16984
17808
19168
20608
20864
19120
17544
16464
15336
14624
14616
15112
15576
15688
15744
16016
16104
15808
15736
15976
16064
15800
15688
15912
16144
15896
15680
15824
16048
15888
15728
15816
16056
15944
15664
15744
16000
15984
15728
15696
15920
16008
15744
15688
15928
16096
15880
15752
15952
16144
15920
15744
15912
16152
16080
15856
15976
16232
16216
15944
16008
16344
16368
16144
16120
16432
16544
16272
16288
16584
16712
16464
16432
16672
16856
16672
16504
16680
16912
16736
16448
16560
16752
16592
16312
16304
16448
16368
16024
16008
16288
16280
15880
15768
16072
16176
15920
15760
16008
16168
15952
15744
15904
16184
15992
15776
15872
16104
16040
15768
15800
16096
16056
15744
15768
16024
16128
15800
15736
15968
16128
15816
15728
15968
16160
15872
15672
15904
16160
15968
15680
15816
16104
16056
15752
15752
16040
16048
15752
15768
16040
16040
15824
15680
16000
16128
15856
15680
15920
16152
15912
15704
15888
16168
15952
15720
15872
16088
15984
15712
15744
16032
16008
15720
15760
16008
16088
15744
15680
15968
16112
15776
15688
15928
16088
15872
15680
15912
16064
15896
15680
15872
16096
15976
15712
15768
16048
16032
15744
15696
15976
16024
15760
15704
15968
16120
15792
15696
15952
16136
15872
15680
15880
16104
15936
15720
15928
16240
16192
15872
15912
16200
16248
16104
16296
16624
16696
16296
16160
16384
16480
16144
15944
16200
16424
16168
15952
16056
16152
15944
15680
15816
16040
15936
15624
15768
16064
16016
15696
15640
15976
16032
15744
15648
15960
16056
15784
15656
15920
16088
15872
15672
15904
16144
15960
15672
15800
16056
15960
16072
16928
18272
19400
20272
20792
19712
17992
16424
15248
14968
15008
14928
15176
15904
16160
15968
15792
16008
16240
15992
15776
15912
16192
16040
15752
15856
16136
16104
15776
15776
16088
16160
15840
15776
16072
16184
15856
15744
15984
16192
15936
15784
15968
16184
16032
15800
15952
16208
16080
15832
15960
16216
16232
15880
15928
16296
16360
16096
16024
16360
16512
16272
16168
16480
16664
16440
16304
16600
16856
16680
16440
16648
16976
16896
16616
16704
16968
16960
16640
16648
16936
16944
16536
16448
16688
16720
16376
16176
16376
16504
16184
15976
16120
16344
16152
15920
16056
16280
16136
15840
15952
16240
16176
15856
15912
16120
16232
15896
15856
16144
16272
15944
15832
16080
16264
16000
15808
16000
16248
16008
15800
15968
16224
16096
15816
15904
16208
16152
15856
15824
16136
16224
15872
15872
16184
16264
15912
15880
16112
16272
16008
15832
16024
16328
16056
15840
15960
16240
16160
15840
15888
16216
16224
15840
15848
16176
16224
15880
15816
16120
16304
15952
15832
16056
16288
16032
15832
16024
16232
16032
15832
15976
16232
16088
15840
15952
16216
16184
15848
15864
16152
16208
15880
15848
16144
16256
15976
15800
16096
16256
16000
15808
16008
16232
16048
15816
15968
16272
16120
15824
15880
16160
16136
15816
15872
16216
16304
16048
16032
16336
16392
16080
16008
16344
16720
16568
16416
16560
16744
16472
16184
16312
16504
16376
16064
16192
16432
16352
16000
15896
16160
16192
15848
15808
16064
16176
15920
15704
16016
16160
15960
15744
15960
16184
16008
15744
15920
16176
16048
15768
15864
16192
16160
15824
15816
16152
16200
15840
15744
16144
16760
17376
18328
19632
20848
20568
18720
17496
16528
15360
14760
14856
15448
15816
15840
15904
16232
16216
15936
15896
16240
16256
15896
15880
16224
16296
15960
15856
16104
16328
16024
15824
16008
16280
16112
15856
15976
16272
16128
15792
15880
16168
16144
15848
15872
16192
16272
15888
15824
16128
16312
16048
15912
16192
16384
16136
15976
16248
16504
16288
16080
16288
16592
16512
16256
16352
16752
16744
16480
16480
16840
16944
16624
16600
16944
17080
16800
16680
16976
17160
16832
16600
16784
16960
16688
16344
16400
16656
16464
16144
16168
16392
16344
15992
16024
16296
16312
15960
15936
16256
16320
16008
15920
16152
16328
16096
15888
16128
16384
16112
15888
16048
16344
16168
15896
15984
16288
16264
15880
15928
16256
16304
15952
15872
16168
16304
15992
15880
16136
16336
16032
15848
16104
16280
16104
15864
16032
16296
16176
15880
15904
16280
16200
15896
15896
16208
16288
15936
15912
16168
16304
15928
15760
16136
16344
16000
15752
16040
16296
16104
15840
15984
16248
16088
15808
15912
16216
16168
15864
15928
16192
16288
15920
15840
16168
16312
15992
15816
16144
16328
16016
15856
16088
16288
16056
15832
16000
16288
16144
15840
15952
16256
16224
15872
15864
16152
16208
15944
15848
16168
16232
15968
15816
16104
16288
16032
15840
16120
16416
16216
16016
16112
16376
16288
16008
16264
16720
16728
16464
16384
16584
16592
16224
16120
16344
16496
16112
15992
16280
16416
16000
15784
15928
16176
15952
15736
15888
16136
16016
15744
15792
16112
16024
15704
15720
16056
16104
15784
15728
16016
16120
15816
15736
15952
16136
15888
15776
15976
16112
15896
15672
16144
17120
17920
18680
19840
20872
19864
17848
16704
15872
15232
14744
14856
15488
16064
15856
15768
16040
16264
15976
15792
15992
16248
16040
15760
15920
16176
16096
15824
15848
16168
16136
15808
15864
16120
16200
15872
15808
16096
16240
15896
15800
16080
16224
15992
15792
15992
16264
16056
15856
16008
16288
16136
15928
15976
16320
16256
15984
15976
16360
16424
16152
16120
16424
16600
16304
16296
16552
16784
16576
16392
16696
16928
16760
16560
16760
17008
16920
16608
16672
16976
16896
16576
16528
16792
16752
16376
16208
16464
16560
16144
15976
16240
16392
16080
15880
16040
16272
16096
15856
15952
16232
16112
15856
15936
16168
16112
15840
15872
16152
16184
15872
15824
16080
16168
15896
15728
16040
16208
15960
15784
16008
16200
15984
15760
15968
16232
16024
15792
15872
16192
16176
15848
15872
16192
16184
15912
15848
16136
16216
15896
15800
16008
16208
15920
15736
15984
16224
16016
15768
15928
16168
16032
15752
15856
16152
16088
15848
15888
16080
16112
15816
15792
16016
16184
15880
15752
16040
16232
15920
15752
15952
16240
16016
15696
15920
16192
16064
15752
15800
16160
16112
15816
15808
16168
16184
15808
15760
16064
16176
15872
15776
16040
16168
15856
15736
15944
16184
15928
15688
15840
16160
16024
15720
15808
16136
16104
15800
15880
16200
16272
15888
15880
16200
16336
16216
16240
16600
16760
16416
16136
16304
16480
16200
15872
16088
16360
16184
15936
15936
16088
15976
15696
15648
15920
15992
15648
15608
15880
16048
15680
15592
15840
16008
15752
15544
15808
16056
15848
15568
15736
15992
15832
15576
15696
16016
15928
15672
15600
15824
15912
16024
16736
18016
19208
20072
20512
19416
17864
16352
15064
14824
14984
15016
15184
15712
16080
15968
15672
15712
16016
15944
15688
15736
16024
16016
15704
15640
15896
16072
15736
15624
15848
16032
15808
15600
15800
16016
15824
15640
15760
16016
15880
15664
15768
16016
15912
15672
15696
15984
16072
15736
15640
16008
16184
15888
15768
16048
16224
15984
15840
16072
16328
16184
15928
16176
16496
16392
16128
16192
16592
16568
16296
16400
16736
16808
16536
16456
16760
16872
16568
16440
16688
16808
16480
16224
16424
16584
16344
16056
16120
16368
16184
15856
15928
16192
16144
15824
15808
16096
16104
15776
15728
16064
16144
15856
15728
15992
16232
15984
15776
15976
16216
16024
15816
15952
16184
16072
15832
15912
16216
16112
15832
15864
16152
16232
15928
15888
16160
16304
15944
15816
16112
16232
15968
15760
16016
16216
15960
15696
15848
16120
15952
15680
15720
15984
16008
15656
15600
15920
15984
15648
15600
15832
15976
15640
15488
15784
15928
15688
15552
15712
15976
15808
15528
15680
15928
15816
15504
15608
15896
15840
15536
15624
15912
15848
15584
15504
15848
15976
15648
15504
15800
15928
15720
15552
15760
15944
15784
15568
15736
15984
15872
15592
15648
15984
15936
15568
15616
15920
16008
15680
15528
15888
15952
15696
15576
15896
16048
15848
15656
15960
16208
15912
15712
15896
16360
16424
16216
16272
16448
16392
15960
16024
16248
16216
15920
15904
16168
16216
15888
15696
15856
16040
15688
15480
15720
15952
15784
15504
15680
15912
15816
15536
15616
15912
15848
15544
15608
15912
15912
15608
15544
15848
16000
15704
15528
15856
15992
15760
15520
15736
16120
16512
17200
18456
19928
20760
20192
18480
17368
16080
14872
14536
14912
15296
15448
15664
15992
16128
15800
15720
15984
16112
15864
15672
15952
16160
15936
15656
15824
16088
15984
15704
15800
16096
16048
15728
15768
16048
16048
15728
15720
16040
16160
15816
15728
15976
16176
15912
15704
15936
16232
16024
15760
15952
16264
16112
15840
15984
16320
16256
15952
16040
16376
16448
16160
16168
16504
16632
16408
16328
16632
16808
16544
16488
16688
16992
16768
16544
16712
17040
16880
16568
16600
16848
16744
16376
16336
16592
16512
16128
16072
16304
16344
15992
15872
16104
16304
15952
15808
16024
16256
15992
15776
15912
16184
16072
15768
15928
16192
16128
15752
15816
16144
16160
15792
15776
16040
16192
15848
15712
16016
16192
15912
15752
15984
16192
16000
15768
15976
16216
16056
15760
15904
16184
16128
15784
15800
16088
16176
15856
15816
16096
16192
15880
15816
16032
16208
15928
15752
15992
16224
15992
15704
15872
16208
16048
15768
15872
16160
16104
15792
15848
16088
16136
15800
15776
16096
16200
15864
15728
15968
16192
15920
15704
15936
16208
15976
15752
15912
16168
16016
15768
15816
16160
16032
15776
15768
16096
16160
15792
15808
16016
16192
15848
15752
16032
16152
15952
15728
15992
16176
15928
15744
15920
16200
16016
15784
15904
16232
16232
15952
16032
16296
16288
15952
15968
16368
16680
16440
16368
16624
16632
16272
16120
16304
16472
16240
16008
16168
16384
16248
15888
15904
16104
16080
15744
15760
16064
16080
15760
15672
16016
16072
15784
15632
15920
16064
15840
15696
15896
16104
15928
15696
15840
16104
15968
15720
15824
16152
16064
15728
15704
16096
16688
17280
18248
19648
20696
20344
18552
17400
16344
15184
14680
14864
15360
15680
15688
15904
16184
16088
15816
15888
16160
16080
15808
15824
16128
16128
15832
15800
16088
16184
15856
15760
16056
16216
15936
15768
16024
16224
16024
15824
15960
16200
16088
15840
15904
16200
16184
15856
15944
16208
16248
15944
15920
16240
16352
16112
15952
16272
16456
16232
16088
16320
16584
16408
16272
16464
16744
16648
16408
16576
16912
16904
16640
16680
16984
17056
16752
16752
16968
17112
16736
16648
16832
16968
16624
16384
16552
16656
16408
16160
16248
16472
16296
16008
16008
16328
16264
16000
16024
16280
16248
15952
15912
16208
16288
15952
15896
16184
16320
16024
15880
16008
16296
16080
15872
16040
16264
16072
15808
15912
16240
16160
15848
15872
16208
16176
15808
15816
16160
16240
15920
15840
16040
16240
15960
15824
16056
16256
16024
15856
15992
16264
16056
15832
15896
16216
16152
15840
15864
16192
16176
15856
15848
16128
16264
15896
15792
16120
16248
15920
15776
16024
16248
16056
15768
15944
16232
16088
15824
15920
16192
16064
15784
15832
16120
16160
15832
15736
16072
16224
15856
15760
16040
16208
15888
15768
15984
16232
15984
15736
15960
16248
16016
15752
15856
16176
16136
15824
15880
16208
16240
15864
15784
16112
16208
15896
15832
16128
16288
16032
15880
16200
16400
16160
15896
16096
16496
16480
16392
16464
16704
16544
16136
16200
16424
16328
16032
16024
16336
16440
16048
15840
16040
16128
15848
15640
15864
16088
15912
15640
15776
16072
15920
15632
15744
16048
15928
15616
15688
16032
16024
15728
15664
15960
16072
15744
15664
15952
16120
15824
15608
15760
16032
16216
16808
18008
19368
20272
20536
19232
17832
16568
15224
14720
14936
15216
15256
15640
16008
16096
15800
15776
16032
16168
15856
15696
15928
16136
15920
15688
15872
16120
15800
15712
15760
16088
16032
15704
15784
16040
16064
15720
15752
16040
16104
15792
15688
16000
16232
15928
15728
15936
16200
15992
15784
15928
16232
16096
15856
15952
16304
16224
15976
16032
16392
16440
16144
16128
16472
16648
16304
16320
16608
16824
16576
16520
16712
16960
16752
16528
16792
17048
16880
16568
16680
16896
16808
16464
16384
16624
16584
16208
16144
16400
16424
16072
15968
16112
16312
16000
15832
15992
16240
16000
15800
15936
16184
16072
15848
15888
16192
16096
15768
15808
16136
16144
15792
15784
16072
16160
15824
15720
16000
16160
15912
15744
15968
16192
15936
15736
15920
16176
16008
15744
15872
16200
16080
15792
15840
16112
16168
15824
15808
16040
16152
15856
15776
16000
16152
15896
15792
15960
16152
15944
15760
15920
16120
16016
15776
15864
16080
16016
15728
15800
16088
16064
15776
15808
16024
16104
15816
15736
15976
16160
15904
15768
15960
16144
15944
15760
15888
16152
15984
15744
15872
16096
16008
15704
15800
16080
16096
15800
15808
16024
16088
15832
15752
15984
16136
15888
15784
15928
16176
15960
15744
15928
16160
15984
15776
15832
16128
16104
15880
15952
16240
16288
15920
15944
16208
16360
16248
16328
16600
16760
16384
16176
16352
16528
16272
15984
16144
16416
16248
15984
16008
16184
16024
15720
15784
16032
15976
15712
15736
16000
16032
15744
15640
15848
16064
15792
15608
15872
16040
15808
15680
15848
16040
15832
15664
15816
16088
15992
15720
15768
15960
15992
16040
16816
18056
19200
20144
20784
19832
18136
16680
15408
14992
14976
15008
15168
15768
16168
15992
15760
15880
16136
16048
15824
15800
16120
16112
15856
15840
16080
16128
15896
15784
16048
16160
15912
15800
15984
16200
15984
15776
15944
16168
16016
15816
15920
16160
16072
15800
15880
16152
16136
15872
15872
16176
16296
16008
15968
16208
16312
16120
16024
16288
16496
16344
16176
16384
16640
16536
16384
16480
16808
16792
16536
16600
16928
16952
16696
16704
16984
17072
16760
16728
16928
16984
16712
16496
16688
16784
16528
16200
16320
16472
16352
16000
16128
16328
16264
15984
16016
16256
16240
15984
15904
16200
16280
15984
15904
16144
16304
16032
15888
16072
16296
16088
15888
16040
16240
16104
15888
15992
16200
16152
15896
15920
16248
16152
15952
15888
16168
16256
15968
15888
16088
16264
16000
15880
16064
16272
16040
15888
16056
16296
16120
15864
16000
16248
16224
15920
15904
16216
16208
15912
15928
16200
16240
15944
15904
16184
16272
15984
15864
16088
16208
16056
15872
15976
16240
16120
15888
16000
16208
16144
15912
15960
16168
16176
15864
15936
16152
16216
15952
15872
16072
16248
16024
15904
16056
16200
16048
15888
16016
16216
16088
15880
15992
16232
16104
15904
15928
16160
16192
15944
15904
16112
16176
15984
15888
16072
16248
16008
15880
16136
16368
16216
16000
16184
16360
16248
16112
16296
16736
16744
16480
16424
16584
16552
16288
16184
16336
16440
16224
16096
16288
16384
16040
15856
16032
16184
15944
15752
15928
16144
16000
15792
15872
16120
16040
15824
15864
16104
16112
15816
15856
16040
16184
15864
15840
16064
16200
15928
15872
16040
16176
15976
15800
16248
17112
17960
18752
20032
21048
20232
18152
16896
15992
15272
14824
15024
15592
16096
16024
15992
16208
16312
16080
15968
16152
16328
16128
16008
16128
16336
16192
15968
16048
16264
16192
16000
16040
16232
16224
16000
15976
16184
16232
15960
15912
16080
16224
16064
15896
16128
16288
16088
15960
16088
16336
16200
16032
16144
16400
16336
16088
16160
16504
16504
16264
16264
16512
16640
16464
16384
16656
16832
16640
16640
16856
17040
16904
16760
16896
17168
17040
16840
16864
17120
17032
16744
16728
16920
16848
16536
16464
16640
16584
16304
16200
16376
16464
16176
16072
16224
16360
16120
15984
16136
16312
16208
15968
15984
16240
16208
15960
16032
16256
16288
15944
15928
16216
16264
15976
15952
16168
16272
16024
15928
16032
16280
16064
15920
16016
16216
16104
15896
16000
16232
16128
15856
15928
16176
16200
15952
15880
16096
16192
15928
15888
16096
16208
15976
15848
16048
16272
15984
15880
16032
16256
16080
15864
15976
16136
16112
15840
15896
16136
16128
15912
15888
16112
16216
15904
15872
16176
16168
15976
15848
16016
16240
16008
15864
15952
16208
16064
15864
15960
16200
16144
15872
15928
16152
16192
15912
15872
16144
16216
15936
15920
16096
16216
15944
15928
16080
16240
16016
15872
16048
16216
16096
15848
16000
16240
16104
15888
15936
16232
16184
16040
16040
16320
16384
16064
16008
16264
16496
16472
16440
16648
16776
16472
16232
16368
16488
16320
16112
16224
16432
16312
16048
16000
16160
16104
15808
15800
16032
16120
15776
15760
15992
16144
15840
15760
15960
16120
15944
15776
15896
16136
15976
15760
15904
16112
16016
15792
15856
16120
16120
15832
15792
15976
16152
16416
17304
18560
19832
20720
20544
19088
17752
16176
15088
14896
15168
15312
15552
15944
16240
16168
15928
15952
16176
16200
15944
15904
16168
16184
15896
15832
16128
16224
15984
15824
16096
16280
16064
15896
16000
16224
16112
15864
15976
16200
16120
15880
15976
16200
16176
15936
15992
16232
16280
15976
15968
16224
16368
16064
16056
16224
16432
16296
16136
16320
16560
16432
16232
16384
16656
16632
16424
16480
16808
16824
16600
16656
16872
17024
16800
16744
16976
17112
16848
16744
16896
17008
16760
16544
16624
16768
16552
16272
16352
16496
16416
16160
16176
16352
16320
16024
16056
16280
16312
16000
15952
16200
16352
16088
15968
16096
16336
16136
15944
16064
16256
16112
15888
16040
16232
16152
15920
15976
16208
16152
15952
15944
16208
16264
16000
15952
16168
16296
16048
15952
16144
16264
16088
15912
16096
16320
16120
15920
16048
16296
16168
15912
15968
16224
16232
15960
15936
16208
16208
15976
15952
16168
16312
16056
15920
16080
16304
16088
15920
16080
16256
16112
15872
15984
16208
16136
15936
16016
16200
16136
15920
15928
16224
16192
15984
15912
16104
16296
16000
15912
16032
16232
16072
15912
16088
16256
16160
15888
16040
16176
16136
15920
15888
16256
16224
15944
15952
16208
16256
15976
15960
16208
16296
16056
15920
16104
16296
16112
15944
16224
16440
16248
16056
16144
16424
16320
16224
16456
16832
16776
16536
16440
16568
16608
16272
16176
16416
16544
16288
16136
16256
16400
16096
15888
16008
16184
16056
15856
15944
16192
16088
15848
15952
16184
16128
15872
15888
16112
16152
15896
15848
16088
16216
15952
15856
16072
16256
16040
15960
16104
16216
16048
15880
16416
17432
18384
19176
20360
20960
19552
17568
16304
15560
15168
14848
15096
15744
16232
16048
15952
16168
16368
16104
15912
16104
16368
16184
15968
16072
16344
16240
15976
16032
16256
16280
15984
15992
16224
16256
15984
15952
16208
16352
16072
15944
16168
16376
16176
16000
16128
16376
16192
16024
16152
16400
16272
16096
16192
16432
16440
16168
16248
16528
16536
16336
16312
16576
16712
16520
16472
16696
16912
16744
16608
16848
17088
16944
16776
16920
17176
17128
16872
16904
17120
17088
16784
16768
16936
16912
16552
16504
16592
16680
16344
16256
16400
16536
16320
16112
16240
16424
16256
16080
16192
16352
16256
16048
16080
16360
16320
16032
16064
16264
16328
16064
15976
16216
16352
16112
16000
16192
16336
16120
15976
16128
16344
16144
15960
16080
16312
16192
15960
16088
16320
16296
16016
16032
16256
16280
16016
15944
16240
16352
16016
16000
16216
16288
16120
15944
16176
16336
16152
15944
16064
16344
16216
15960
16000
16288
16256
15984
16000
16224
16264
15992
15944
16192
16288
16040
15912
16104
16304
16080
15912
16072
16240
16144
15960
16024
16248
16152
15952
16032
16232
16176
15928
15936
16184
16232
15920
15872
16144
16296
16032
15944
16112
16256
16016
15888
16080
16288
16080
15888
15992
16248
16160
15928
15992
16256
16208
15944
15952
16176
16264
16064
16072
16304
16424
16136
16072
16280
16552
16488
16472
16640
16840
16560
16296
16376
16536
16352
16168
16248
16448
16384
16104
16048
16176
16192
15864
15824
16072
16184
15888
15840
16016
16192
15960
15800
15960
16152
15976
15776
15888
16088
16016
15824
15840
16112
16088
15808
15832
16128
16144
15888
15808
15992
16128
16320
17008
18208
19392
20160
20376
19032
17680
16344
15240
14904
15104
15304
15440
15872
16168
16112
15928
15920
16176
16200
15912
15912
16096
16192
15920
15856
16072
16256
16032
15824
16008
16232
16008
15856
15992
16184
16080
15864
15936
16112
16120
15816
15912
16120
16200
15904
15864
16056
16208
16024
15880
16120
16304
16120
16000
16176
16384
16216
16088
16224
16496
16384
16184
16296
16576
16616
16384
16432
16696
16784
16600
16600
16784
16968
16736
16656
16904
17016
16752
16608
16728
16928
16656
16424
16504
16640
16464
16192
16168
16328
16296
16040
16024
16248
16192
15952
15896
16136
16208
15920
15872
16040
16184
15952
15808
15976
16152
15992
15840
15952
16104
16040
15816
15888
16152
16072
15856
15808
16104
16112
15840
15800
16008
16152
15920
15792
16016
16168
15952
15848
15952
16136
15976
15832
15928
16144
16032
15808
15888
16080
16088
15808
15864
16040
16144
15848
15784
16056
16112
15888
15704
16000
16128
15848
15712
15904
16144
15936
15712
15864
16088
16008
15776
15848
16104
16056
15744
15848
16040
16088
15800
15760
16016
16112
15848
15736
15976
16128
15864
15696
15920
16096
15920
15696
15904
16104
15976
15728
15832
16112
16008
15736
15784
16040
16064
15792
15728
15984
16104
15792
15720
15912
16088
15856
15712
15928
16160
15904
15720
15928
16272
16152
15848
15928
16248
16152
15944
16096
16536
16688
16344
16280
16432
16512
16136
15968
16256
16456
16136
15912
16112
16336
15984
15688
15808
16072
15912
15648
15776
16064
15968
15616
15712
15992
15968
15672
15672
15960
16088
15688
15640
15904
16064
15832
15680
15904
16168
15896
15704
15888
16160
15936
15608
15792
16648
17464
18144
19256
20424
20360
18320
17024
16104
15376
14728
14728
15256
15920
15888
15712
15960
16256
16000
15784
15952
16176
16056
15752
15848
16088
16088
15800
15856
16072
16120
15832
15808
16048
16144
15856
15744
16040
16240
15904
15696
15936
16208
15992
15752
15904
16184
16032
15752
15928
16208
16136
15888
15920
16216
16312
15984
15912
16208
16440
16120
16080
16328
16496
16304
16168
16448
16688
16464
16312
16552
16840
16704
16512
16624
16944
16912
16600
16624
16848
16872
16544
16512
16680
16728
16384
16192
16432
16544
16160
15952
16152
16368
16096
15856
16008
16232
16040
15808
15888
16184
16080
15824
15832
16120
16056
15776
15744
16064
16120
15824
15696
15944
16168
15872
15728
15912
16160
15896
15696
15880
16136
15992
15744
15824
16088
16040
15744
15752
16048
16120
15816
15768
16064
16184
15904
15840
16008
16216
15896
15816
15992
16240
15912
15752
15864
16120
15960
15776
15872
16112
16080
15816
15784
16104
16144
15808
15768
16096
16192
15840
15760
16040
16224
15928
15792
15976
16216
15976
15760
15888
16112
15928
15768
15848
16104
16024
15760
15744
16064
16120
15768
15752
15992
16144
15744
15704
15920
16080
15768
15648
15872
16080
15856
15680
15832
16112
15888
15664
15752
16080
16016
15728
15744
15984
16016
15736
15736
16016
16160
15880
15808
16056
16208
15904
15776
16200
16632
16424
16224
16384
16536
16272
16016
16040
16240
16216
15944
16000
16216
16200
15808
15664
15896
15968
15632
15568
15808
16072
15736
15568
15752
15944
15720
15576
15736
15960
15752
15536
15672
15928
15864
15608
15656
15944
15976
15632
15608
15888
15976
15608
15448
15792
16472
17088
17896
19328
20656
20344
18416
17216
16200
15144
14488
14632
15288
15688
15624
15720
15960
16048
15680
15624
15928
16032
15696
15632
15832
16088
15696
15528
15824
16000
15760
15584
15720
16024
15864
15608
15736
16024
15904
15640
15704
15984
15960
15704
15672
15944
16072
15736
15680
15928
16144
15888
15760
15928
16184
15984
15824
15992
16304
16096
15888
16032
16344
16328
16080
16184
16496
16576
16240
16288
16536
16744
16432
16336
16672
16896
16576
16456
16736
16928
16648
16440
16616
16824
16576
16264
16304
16536
16408
16056
16048
16288
16288
15880
15848
16120
16192
15872
15760
16016
16216
15888
15712
15960
16168
15952
15720
15888
16136
15960
15712
15832
16080
15976
15720
15808
16112
16104
15776
15696
16048
16168
15840
15704
16000
16224
15912
15736
15960
16168
15920
15744
15920
16208
16016
15752
15888
16144
16088
15800
15864
16080
16128
15824
15824
16064
16136
15824
15792
16032
16168
15872
15704
15984
16192
15928
15744
15928
16192
15976
15696
15848
16120
16064
15792
15808
16080
16112
15792
15736
16008
16120
15784
15752
15960
16128
15880
15728
15928
16184
15928
15720
15864
16144
15896
15680
15832
16112
16008
15720
15768
16056
16072
15760
15752
15976
16120
15808
15696
15944
16144
15816
15704
15928
16160
15880
15664
15904
16072
15992
15816
15992
16216
16184
15800
15920
16280
16472
16328
16336
16504
16472
16144
16048
16280
16344
16072
15888
16160
16392
16104
15744
15904
16048
15904
15624
15760
15976
15936
15648
15728
16000
15984
15648
15656
15920
16064
15664
15592
15856
16064
15800
15648
15848
16088
15840
15664
15856
16104
15848
15600
15656
16120
16688
17352
18504
20088
21192
20392
18544
17432
16192
15056
14736
15104
15584
15712
15752
16008
16216
15952
15712
15896
16144
15968
15672
15800
16064
15992
15704
15720
16024
16024
15744
15736
15984
16096
15776
15664
15912
16120
15848
15696
15920
16152
15912
15696
15896
16136
15960
15736
15888
16152
16080
15776
15848
16136
16192
15912
15872
16176
16344
16048
15976
16224
16464
16224
16096
16376
16640
16408
16232
16520
16760
16568
16400
16568
16864
16840
16504
16624
16864
16848
16568
16536
16688
16768
16392
16304
16488
16600
16200
15976
16184
16408
16088
15848
16000
16264
16096
15848
15904
16208
16120
15864
15856
16104
16128
15832
15848
16104
16128
15848
15776
16000
16176
15912
15752
15952
16192
15944
15784
15944
16176
15976
15736
15912
16176
16056
15736
15792
16144
16080
15832
15800
16088
16160
15856
15760
16016
16216
15896
15768
16024
16208
15952
15736
15928
16160
15960
15760
15888
16136
16088
15776
15848
16088
16152
15776
15832
16072
16184
15824
15768
16024
16168
15872
15728
16000
16216
15952
15704
15912
16176
15944
15712
15864
16120
16064
15752
15808
16112
16072
15792
15744
16064
16192
15840
15768
16032
16192
15912
15768
15992
16248
15944
15792
15992
16232
16048
15752
15920
16208
16112
15800
15872
16144
16176
15808
15832
16136
16272
15992
16008
16240
16408
16056
15968
16280
16664
16552
16384
16512
16672
16424
16152
16232
16400
16320
16080
16144
16392
16296
15936
15864
16128
16120
15784
15712
15992
16152
15832
15664
15928
16128
15840
15680
15848
16128
15944
15688
15832
16080
15960
15696
15768
16016
16072
15728
15744
16016
16104
15728
15600
16128
17032
17768
18784
20352
21456
20232
18184
17008
15968
15160
14768
15096
15808
16080
15840
15888
16152
16152
15856
15808
16048
16128
15800
15800
16048
16200
15848
15744
15976
16168
15944
15736
15936
16184
16016
15728
15904
16120
16032
15800
15808
16120
16096
15768
15768
16072
16192
15816
15816
16088
16272
15960
15832
16096
16320
16072
15904
16136
16408
16256
16040
16168
16528
16480
16208
16320
16648
16672
16392
16408
16752
16864
16576
16544
16824
17008
16720
16616
16840
17040
16696
16528
16696
16856
16632
16296
16384
16600
16432
16096
16104
16344
16328
15984
15992
16232
16296
15944
15880
16160
16296
15984
15824
16072
16320
16096
15840
16016
16336
16128
15856
16000
16224
16160
15864
15936
16208
16192
15848
15880
16128
16232
15920
15848
16096
16280
15968
15824
16032
16312
16032
15816
16064
16312
16048
15816
16016
16280
16144
15872
15864
16176
16240
15872
15864
16136
16200
15920
15808
16096
16232
15944
15776
16048
16304
15976
15760
15984
16264
16064
15792
15960
16192
16104
15808
15896
16176
16136
15824
15792
16136
16232
15832
15784
16096
16224
15904
15728
16008
16208
15960
15744
15984
16216
16024
15752
15904
16216
16064
15760
15816
16128
16152
15808
15784
16096
16184
15824
15792
16072
16232
15888
15816
16048
16264
15960
15776
16000
16288
16120
15896
16080
16360
16280
15936
16008
16440
16624
16384
16360
16632
16592
16160
16120
16376
16400
16056
16000
16272
16448
16088
15824
15912
16184
15944
15680
15848
16080
15952
15672
15784
16064
16016
15664
15728
16040
16112
15752
15664
15960
16160
15800
15712
15952
16176
15864
15728
15936
16224
15912
15624
15888
16568
17320
18032
19272
20728
21072
19152
17528
16496
15648
14960
14896
15464
16072
16024
15944
16184
16360
16072
15864
16064
16344
16104
15832
16032
16320
16152
15880
15928
16184
16216
15872
15928
16184
16280
15896
15840
16136
16312
15952
15832
16072
16320
16064
15848
16032
16296
16112
15912
16008
16312
16240
15928
16064
16336
16344
16040
16024
16400
16512
16160
16144
16456
16640
16384
16296
16608
16832
16584
16472
16712
16992
16800
16600
16784
17080
16976
16656
16768
17064
17032
16696
16632
16848
16880
16504
16376
16568
16672
16320
16144
16368
16504
16168
15960
16192
16432
16184
15928
16040
16344
16208
15920
16008
16272
16232
15920
15960
16272
16296
15928
15904
16200
16328
15944
15856
16120
16320
16032
15864
16016
16288
16104
15856
16032
16256
16176
15856
15968
16240
16240
15920
15904
16232
16320
15968
15928
16176
16360
15984
15888
16112
16344
16024
15856
16096
16352
16056
15848
16000
16280
16184
15872
15936
16216
16248
15880
15888
16168
16208
15912
15872
16144
16280
15912
15784
16072
16288
16016
15832
16008
16264
16088
15808
15952
16240
16136
15808
15952
16168
16136
15832
15848
16144
16224
15856
15728
16048
16240
15920
15824
16088
16344
16184
16040
16128
16272
16072
15840
15936
16200
16064
15776
15904
16224
16288
16056
16144
16472
16632
16336
16288
16568
16672
16344
16288
16640
17008
16824
16600
16784
16920
16608
16352
16408
16592
16496
16184
16288
16472
16424
16016
15968
16168
16256
15872
15848
16112
16224
15920
15744
16008
16232
15944
15712
15936
16200
15968
15768
15912
16136
16048
15736
15840
16096
16104
15808
15824
16104
16200
15776
15680
16080
16824
17376
18224
19584
20600
19792
17960
17000
16168
15728
15032
14984
15648
15968
15784
15864
16184
15984
15520
15440
15768
15984
15784
15784
16112
16272
15912
15880
16208
16448
16032
15712
15888
16168
15840
15576
15808
16080
16000
15776
15840
16136
16088
15752
15752
16040
16088
15816
15768
16096
16280
15896
15856
16072
16320
16048
15936
16080
16352
16184
15984
16216
16528
16432
16200
16384
16664
16640
16328
16368
16720
16872
16528
16480
16856
17008
16688
16592
16856
17056
16728
16464
16704
16912
16600
16296
16400
16664
16440
16120
16120
16328
16312
15984
15968
16232
16256
15928
15824
16120
16216
15904
15792
16088
16296
15912
15736
16000
16256
16000
15776
15936
16192
16048
15752
15856
16192
16104
15824
15832
16136
16176
15784
15800
16064
16264
15872
15736
16064
16232
15944
15776
15960
16240
15960
15712
15872
16192
16008
15720
15840
16184
16088
15704
15736
16056
16120
15768
15736
16056
16096
15808
15728
15992
16152
15864
15664
15936
16208
15960
15712
15816
16104
15984
15736
15784
16144
16080
15784
15848
16080
16056
15752
15720
15984
16152
15792
15656
15928
16192
15832
15608
15888
16168
15928
15632
15840
16088
15920
15672
15800
16072
16032
15648
15672
16024
16104
15720
15696
15984
16128
15808
15672
15888
16096
15864
15824
16096
16256
16008
15776
16104
16512
16488
16280
16296
16528
16520
16208
16088
16328
16336
15960
15936
16256
16280
15800
15608
15872
16016
15720
15520
15792
16040
15744
15488
15664
15936
15816
15512
15608
15856
15840
15536
15616
15888
15952
15576
15560
15840
15968
15608
15488
15792
15984
15656
15392
15600
16224
16792
17592
18912
20368
20528
18656
17200
16256
15248
14480
14544
15072
15576
15568
15552
15840
16024
15688
15568
15848
16040
15688
15504
15752
15976
15760
15504
15704
16008
15840
15512
15608
15904
15888
15576
15560
15864
15928
15608
15576
15848
15992
15632
15512
15808
16008
15728
15544
15808
16072
15848
15624
15840
16112
15960
15712
15840
16136
16104
15840
15960
16288
16304
15952
15984
16304
16488
16192
16104
16392
16648
16360
16240
16528
16760
16544
16320
16560
16776
16664
16336
16424
16648
16568
16168
16168
16360
16368
16008
15920
16160
16240
15880
15784
15968
16192
15816
15632
15888
16128
15864
15616
15760
16072
15888
15640
15744
15984
15952
15608
15632
15968
15976
15672
15640
15952
16056
15648
15600
15848
16032
15752
15536
15824
16072
15808
15584
15768
16024
15896
15560
15704
16040
15944
15632
15616
15896
16032
15624
15544
15920
16032
15672
15560
15840
16032
15728
15560
15792
16008
15752
15568
15704
16008
15816
15512
15640
15984
15904
15552
15624
15896
15960
15592
15584
15880
16000
15648
15528
15832
16056
15696
15488
15792
16040
15768
15576
15728
16016
15832
15624
15696
16016
15936
15568
15656
15976
15984
15608
15640
15896
16024
15664
15600
15872
16080
15744
15552
15816
16072
15824
15600
15800
16064
15904
15608
15776
16152
16144
15776
15824
16128
16208
15976
16104
16488
16576
16264
16064
16224
16384
16064
15840
16096
16336
16088
15824
15936
16168
15904
15600
15688
15952
15840
15544
15560
15888
15904
15504
15560
15832
15952
15600
15480
15768
16008
15632
15504
15720
16032
15744
15488
15680
15992
15808
15536
15592
15832
15872
16048
16992
18424
19608
20480
20576
19240
17792
16072
15040
14968
15096
15128
15384
15920
16144
15840
15648
15864
16136
15936
15624
15760
16064
15944
15608
15704
16000
16008
15680
15664
15944
16040
15712
15624
15872
16088
15760
15576
15872
16136
15816
15608
15768
16064
15904
15648
15760
16040
15968
15680
15784
16104
16096
15768
15744
16152
16264
15928
15816
16184
16360
16136
15960
16256
16536
16336
16136
16336
16656
16544
16296
16488
16784
16728
16448
16568
16864
16904
16536
16512
16776
16808
16408
16304
16512
16608
16248
16072
16264
16432
16088
15880
16024
16312
16120
15768
15840
16184
16096
15760
15816
16088
16136
15720
15784
16064
16152
15808
15712
16000
16216
15864
15664
15912
16208
15904
15680
15856
16160
15984
15712
15808
16136
16024
15712
15728
16032
16072
15728
15720
16040
16104
15736
15624
15952
16152
15824
15664
15904
16152
15840
15616
15872
16112
15920
15616
15760
16064
16000
15616
15680
16008
15992
15720
15648
15976
16072
15736
15648
15864
16048
15720
15584
15856
16088
15824
15608
15808
16056
15936
15600
15760
16000
15952
15648
15680
16000
16016
15656
15640
15960
16064
15720
15608
15912
16104
15792
15584
15880
16104
15840
15632
15832
16072
15888
15624
15792
16048
15968
15608
15704
16016
16088
15712
15776
16120
16256
15928
15776
16096
16296
16056
16136
16512
16752
16384
16056
16224
16464
16176
15872
15992
16336
16192
15840
15864
16112
16064
15712
15664
15888
15992
15632
15568
15856
16024
15680
15552
15808
16056
15736
15552
15736
16080
15864
15592
15696
16024
15880
15648
15632
16040
16048
15688
15624
15912
16096
16176
16952
18320
19616
20360
20288
18912
17608
16184
15032
14808
15112
15160
15424
15832
16152
16040
15744
15824
16128
16128
15736
15696
16024
16152
15792
15672
16080
16200
15824
15680
15976
16256
15904
15648
15840
16248
15968
15736
15712
16224
16088
15752
15712
16160
16136
15808
15824
16168
16232
15888
15792
16120
16256
15992
15856
16128
16376
16160
15952
16216
16480
16312
16072
16296
16616
16568
16264
16424
16728
16752
16480
16560
16824
17000
16648
16592
16888
17048
16744
16536
16808
16936
16648
16384
16544
16688
16440
16088
16248
16448
16312
15984
16048
16224
16216
15912
15912
16136
16192
15896
15800
16112
16264
15912
15800
16096
16208
15952
15768
15992
16240
16024
15752
15968
16176
16064
15744
15872
16104
16112
15792
15824
16096
16216
15840
15792
16032
16208
15888
15728
16024
16208
16008
15808
16032
16224
16024
15768
16000
16216
16088
15824
15904
16176
16192
15776
15832
16136
16192
15896
15824
16112
16216
15944
15832
16088
16240
15960
15792
16032
16264
16032
15768
15944
16200
16112
15784
15920
16128
16144
15816
15880
16096
16168
15880
15792
16096
16192
15936
15752
16096
16192
16024
15768
16016
16208
16024
15776
15968
16160
16064
15784
15896
16160
16152
15752
15824
16120
16192
15856
15768
16056
16216
15976
15880
16176
16416
16160
15928
16168
16392
16368
16320
16560
16728
16536
16160
16256
16496
16400
16016
16040
16312
16336
16040
15920
16072
16152
15816
15640
15920
16096
15784
15616
15864
16080
15872
15584
15792
16024
15944
15584
15696
15992
16024
15688
15664
15920
16056
15688
15632
15984
16128
15776
15616
15840
16088
16400
17040
18304
19568
20336
20096
18664
17440
16168
14992
14768
15024
15336
15440
15720
16040
16088
15824
15680
16048
16112
15808
15696
16000
16096
15912
15672
15928
16136
15968
15696
15896
16144
16032
15688
15808
16104
16064
15744
15752
16056
16096
15784
15720
16048
16104
15864
15696
16080
16224
15960
15768
16016
16232
16096
15872
16080
16304
16232
16000
16088
16392
16408
16160
16136
16560
16568
16352
16304
16656
16808
16608
16440
16792
16968
16704
16528
16832
17016
16840
16552
16704
16944
16728
16384
16408
16648
16544
16168
16104
16368
16392
16048
15952
16184
16304
15928
15832
16152
16208
15960
15720
16024
16192
16048
15760
15920
16184
16096
15776
15872
16112
16080
15768
15800
16088
16128
15752
15664
16064
16136
15800
15712
16056
16144
15920
15704
15952
16192
15976
15688
15864
16120
16040
15768
15848
16104
16080
15760
15728
16056
16120
15752
15640
16008
16128
15832
15704
16000
16096
15800
15648
15912
16136
15856
15592
15792
16056
15872
15640
15736
15984
15984
15608
15664
15952
15976
15680
15632
15904
15992
15744
15616
15976
16056
15752
15624
15896
16024
15872
15608
15752
15992
15904
15552
15664
15976
15936
15624
15672
15992
15952
15608
15584
15944
16048
15696
15576
15904
16056
15752
15568
15864
16080
15912
15728
15888
16160
15968
15688
15832
16264
16416
16168
16184
16472
16392
15976
15904
16176
16216
15952
15832
16128
16176
15872
15576
15744
15944
15736
15488
15600
15896
15720
15448
15536
15832
15808
15440
15472
15792
15776
15432
15424
15768
15864
15568
15392
15800
15912
15624
15408
15728
15920
15688
15320
15544
16240
16912
17680
18856
20352
20640
18776
17248
16256
15208
14464
14360
15016
15536
15528
15424
15832
15904
15672
15488
15768
15920
15688
15432
15616
15920
15744
15488
15592
15896
15872
15480
15480
15864
15904
15568
15520
15808
15912
15576
15480
15808
15896
15664
15464
15720
15936
15728
15496
15696
16008
15824
15544
15672
15976
15912
15632
15720
16096
16080
15808
15808
16200
16272
15936
15856
16280
16464
16160
16072
16352
16584
16408
16200
16368
16704
16592
16312
16376
16680
16616
16256
16256
16520
16552
16112
16040
16272
16296
15960
15816
16040
16152
15824
15608
15888
16016
15816
15584
15760
16008
15840
15544
15616
15992
15888
15568
15560
15944
15952
15632
15544
15880
15960
15688
15560
15872
16048
15712
15552
15792
16000
15768
15528
15736
15976
15880
15640
15704
16024
15952
15640
15664
16056
16032
15656
15656
15960
16056
15704
15600
15944
16040
15800
15576
15816
16056
15808
15632
15768
16088
15880
15592
15688
16032
15928
15600
15632
16024
15984
15704
15624
15928
15992
15688
15592
15912
16008
15712
15600
15832
16032
15808
15560
15728
16080
15896
15592
15704
16040
15944
15592
15640
16016
16008
15632
15624
15984
16024
15728
15576
15896
16064
15784
15544
15824
16080
15888
15600
15768
16056
15904
15664
15792
16064
16048
15768
15872
16192
16120
15760
15800
16336
16544
16336
16168
16376
16432
16184
15936
16136
16272
16072
15856
16040
16272
16016
15672
15672
16056
15912
15504
15576
15952
15880
15592
15568
15856
15960
15624
15520
15824
15968
15696
15544
15808
16032
15760
15520
15688
15960
15872
15576
15656
16000
15864
15528
15712
16576
17496
18232
19344
20672
20560
18520
17000
15960
15328
14728
14632
15152
15872
15888
15656
15808
16136
15952
15688
15736
16080
15968
15608
15664
16056
16032
15704
15632
15992
16048
15760
15640
15904
16064
15736
15632
15896
16088
15848
15600
15784
16120
15928
15624
15768
16088
16048
15720
15768
16120
16088
15800
15744
16176
16176
15904
15848
16168
16312
16072
15904
16208
16464
16312
16088
16304
16600
16480
16272
16400
16744
16736
16376
16528
16896
16840
16528
16512
16848
16896
16520
16384
16624
16760
16384
16120
16320
16472
16208
15928
16040
16336
16096
15800
15864
16232
16096
15776
15824
16120
16112
15776
15736
16096
16112
15816
15776
16024
16160
15856
15696
15960
16176
15936
15592
15776
16176
15968
15672
15784
16128
16040
15712
15736
16128
16088
15712
15712
16056
16144
15792
15664
16008
16152
15848
15704
15800
16184
15912
15680
15856
16136
15952
15704
15816
16160
16048
15760
15808
16128
16048
15752
15704
16000
16128
15816
15704
15992
16136
15896
15688
15936
16152
15912
15680
15864
16168
15960
15696
15816
16160
16048
15744
15760
16104
16064
15736
15712
16040
16088
15800
15664
16056
16152
15816
15672
15960
16168
15928
15616
15864
16200
15944
15680
15800
16176
16008
15728
15776
16040
16096
15736
15752
16072
16176
15912
15848
16152
16328
15952
15832
16208
16672
16496
16272
16424
16632
16384
15976
16104
16400
16240
15960
15992
16328
16248
15856
15752
15984
16048
15736
15632
15912
16088
15688
15584
15856
16048
15808
15632
15760
16080
15864
15600
15704
16008
15928
15624
15712
16016
15976
15704
15680
16016
15984
15656
15568
16216
17136
17808
18712
20168
21032
19536
17520
16424
15664
14936
14560
14936
15688
15944
15744
15808
16136
16128
15792
15768
16088
16176
15784
15712
16008
16184
15864
15720
15912
16176
15904
15752
15936
16192
15984
15704
15848
16120
16040
15712
15776
16160
16152
15792
15768
16104
16200
15848
15824
16056
16272
15992
15848
16128
16320
16152
15904
16056
16480
16280
16000
16136
16536
16448
16232
16328
16576
16640
16392
16400
16728
16824
16544
16456
16824
17064
16728
16536
16832
17080
16744
16536
16608
16912
16576
16296
16336
16560
16352
16024
16016
16304
16320
15904
15864
16152
16272
15912
15768
16048
16216
15904
15736
15992
16216
16000
15736
15944
16312
16000
15736
15824
16112
16000
15720
15776
16128
16040
15744
15768
16048
16168
15784
15696
16048
16152
15880
15704
15952
16176
15936
15680
15872
16232
15968
15696
15832
16136
16064
15712
15808
16096
16104
15680
15752
16056
16152
15776
15664
16008
16192
15840
15712
15928
16160
15896
15672
15880
16176
15928
15664
15840
16176
16024
15688
15768
16128
16088
15720
15704
15984
16216
15800
15672
15968
16208
15840
15648
15912
16208
15872
15672
15888
16200
15920
15704
15832
16136
16032
15712
15776
16088
16112
15784
15776
16064
16176
15792
15720
16032
16240
15824
15656
16024
16296
16040
15840
16072
16408
16144
15888
16048
16464
16592
16344
16384
16656
16544
16160
16080
16392
16376
16072
15928
16216
16376
16008
15800
15968
16184
15832
15592
15824
16128
15888
15568
15800
16080
15936
15608
15688
15984
16008
15664
15672
15960
16088
15720
15624
15960
16200
15792
15648
15952
16200
15792
15600
15896
16744
17384
18248
19424
20744
20504
18432
16880
15960
15184
14616
14696
15360
15904
15776
15768
16040
16248
15872
15736
15928
16240
15944
15688
15880
16184
16016
15744
15840
16136
16064
15704
15776
16072
16072
15736
15688
16080
16152
15744
15736
15960
16216
15832
15736
15944
16216
15872
15744
15896
16288
16016
15736
15896
16272
16192
15920
15936
16304
16376
16024
16088
16392
16584
16216
16176
16568
16768
16480
16368
16672
16984
16688
16520
16680
17088
16880
16632
16712
17048
16904
16552
16568
16872
16784
16344
16296
16568
16584
16200
16064
16352
16496
16104
15944
16152
16392
16096
15888
16064
16352
16128
15856
16024
16312
16160
15848
15928
16248
16304
15824
15896
16136
16336
15888
15816
16096
16320
15920
15840
16080
16328
15984
15776
16032
16328
16096
15752
15968
16280
16168
15856
15952
16256
16248
15904
15832
16136
16272
15896
15816
16128
16328
15952
15816
16048
16384
16048
15776
15912
16224
16040
15768
15976
16240
16024
15744
15832
16096
16136
15760
15800
16112
16200
15856
15744
16000
16200
15864
15680
15976
16208
15888
15704
15896
16144
15928
15672
15792
16088
16024
15728
15768
16040
16072
15664
15656
16000
16128
15784
15720
16016
16120
15752
15656
15904
16160
15824
15656
15832
16144
15920
15640
15800
16120
16112
15800
15864
16128
16160
15768
15800
16200
16512
16248
16208
16528
16656
16104
15976
16144
16416
16088
15864
16056
16328
16096
15768
15744
16024
15896
15576
15600
15928
15944
15576
15584
15888
15992
15560
15536
15848
16008
15680
15528
15760
16032
15768
15576
15744
15984
15784
15544
15704
16040
15960
15520
15472
15904
16536
17064
18056
19424
20464
19704
17880
16856
15880
14792
14448
14920
15504
15648
15528
15784
16088
15928
15624
15776
15992
15944
15656
15696
15976
16000
15616
15648
15960
16032
15656
15624
15904
16136
15712
15592
15856
16104
15792
15616
15752
16040
15848
15608
15744
16056
15984
15616
15776
16080
16056
15704
15768
16064
16232
15888
15824
16088
16280
15968
15856
16112
16400
16128
15968
16200
16544
16400
16184
16368
16768
16664
16416
16464
16824
16856
16552
16544
16792
16960
16512
16408
16728
16840
16416
16256
16376
16624
16264
15976
16128
16392
16184
15840
15928
16184
16080
15752
15864
16120
16136
15720
15744
16032
16160
15784
15712
15960
16216
15816
15680
15872
16112
15848
15640
15848
16144
15904
15608
15792
16096
15976
15624
15720
16064
16120
15720
15704
15992
16136
15736
15744
15960
16168
15776
15664
15896
16160
15888
15616
15872
16160
15936
15656
15752
16040
15992
15608
15728
16008
16064
15616
15680
15968
16088
15720