15208
14816
15824
16352
15224
14680
15744
16456
15416
14576
15608
16464
15528
14736
15432
16336
15776
14880
15168
16040
15936
15048
14960
15888
16248
15160
14808
15792
16384
15208
14616
15712
16424
15320
14624
15552
16384
15528
14720
15432
16232
15704
14864
15176
16080
16024
15080
15008
15856
16256
15320
14968
15952
16488
15344
14728
15920
16696
15592
14896
15768
16560
15784
14848
15584
16440
15968
15120
15328
16128
16008
14928
14896
15792
16152
15136
14728
15776
16320
15184
14576
15568
16240
15120
14280
15336
16520
16680
17632
19976
22416
22152
20248
19016
18184
16488
14576
14096
14784
15280
14504
14504
15800
16664
15616
14936
15880
16688
15608
14920
15864
16696
15880
15056
15800
16616
16080
15280
15616
16448
16448
15584
15440
16352
16800
15824
15360
16440
17088
16032
15384
16496
17256
16264
15544
16536
17488
16712
15904
16616
17560
17200
16448
16720
17720
17872
16968
16896
17856
18312
17408
17032
18184
18880
17816
17216
18200
18904
17712
16864
17584
18224
17168
16128
16656
17296
16648
15632
15856
16576
16496
15360
15176
16016
16288
15248
14760
15784
16368
15224
14576
15728
16456
15384
14632
15552
16384
15544
14800
15472
16248
15768
14896
15144
16040
16040
15200
15024
15976
16328
15272
14864
15864
16440
15360
14760
15776
16584
15488
14800
15696
16464
15640
14816
15448
16280
15808
14904
15216
16080
16040
15088
15008
15936
16328
15208
14744
15784
16472
15408
14720
15696
16448
15400
14664
15576
16392
15584
14776
15384
16256
15768
14880
15192
16032
15984
15144
14912
15816
16184
15192
14688
15752
16416
15224
14616
15648
16448
15344
14656
15536
16384
15560
14744
15400
16224
15768
14912
15152
16008
16008
15048
15016
15912
16320
15240
14744
15808
16472
15368
14848
15856
16688
15544
14840
15832
16664
15888
14976
15624
16488
16032
15168
15400
16336
16360
15328
15088
15928
16248
15248
14720
15736
16392
15320
14608
15656
16400
15376
14600
15488
16288
15384
14440
15208
16352
16920
17712
19520
21904
22240
19984
18264
17592
16592
14976
14152
14856
15432
14616
14328
15656
16688
15752
15000
15944
16744
15928
15096
15744
16624
16232
15400
15624
16496
16568
15568
15432
16424
16784
15736
15256
16360
17040
16024
15272
16368
17192
16200
15400
16352
17320
16584
15776
16392
17344
16992
16160
16408
17408
17520
16640
16552
17624
18072
17112
16712
17864
18600
17584
17000
18112
18912
17984
17216
18096
18880
18000
16976
17432
18168
17472
16368
16408
17056
17000
15968
15584
16392
16688
15560
15032
16016
16640
15480
14816
15840
16576
15520
14712
15624
16456
15712
14816
15464
16296
15992
15000
15120
16080
16144
15248
15040
15968
16360
15272
14864
15872
16504
15384
14752
15816
16552
15472
14832
15736
16496
15728
14832
15408
16288
15896
15008
15216
16144
16112
15152
14976
15904
16248
15200
14744
15760
16424
15264
14648
15736
16456
15392
14648
15440
16264
15464
14728
15344
16136
15744
14848
15048
15952
15928
14992
14848
15792
16216
15072
14664
15672
16264
15168
14568
15584
16344
15328
14544
15408
16280
15464
14704
15304
16160
15696
14736
15064
15944
15904
14904
14808
15816
16208
15120
14576
15712
16296
15152
14528
15608
16392
15312
14616
15520
16288
15464
14648
15320
16360
15984
15040
15240
16072
16048
15184
15048
16080
16424
15344
14888
15896
16544
15376
14688
15840
16648
15504
14648
15488
16256
15456
14616
15296
16152
15696
14752
15000
15872
15872
14920
14712
15608
15912
14872
14656
16568
18896
19528
20456
22088
21944
19560
17008
16144
15952
14712
13616
14128
15440
15440
14872
15288
16240
16240
15280
15080
16128
16480
15472
14992
16088
16712
15576
14904
15984
16784
15728
15096
15936
16784
16000
15240
15880
16744
16320
15536
15792
16712
16792
15832
15784
16680
17152
16120
15752
16928
17520
16464
15880
17040
17888
16880
16304
17248
18240
17496
16776
17472
18400
18072
17264
17568
18512
18560
17584
17304
18200
18456
17256
16600
17440
17872
16536
15688
16552
17248
16024
15176
15992
16672
15808
14976
15504
16328
15856
14944
15160
16056
16040
15072
14880
15832
16272
15224
14744
15712
16416
15320
14624
15680
16432
15408
14648
15568
16400
15600
14760
15472
16272
15816
14896
15176
16088
16104
15160
15104
15936
16288
15224
14776
15776
16416
15312
14584
15640
16440
15392
14600
15464
16344
15664
14744
15296
16152
15664
14784
15120
15928
15912
14968
14856
15760
16160
15056
14648
15640
16240
15128
14528
15584
16360
15344
14584
15416
16192
15416
14664
15272
16120
15632
14776
15000
15896
15856
14904
14736
15752
16160
15096
14592
15632
16288
15176
14512
15480
16272
15248
14496
15472
16272
15416
14576
15208
16096
15664
14712
15016
15904
15960
14960
14744
15744
16120
15008
14592
15632
16272
15160
14536
15616
16296
15288
14640
15600
16440
15624
14848
15424
16272
15832
15024
15368
16128
16112
15096
15032
15936
16296
15296
14920
15856
16360
15216
14544
15576
16312
15336
14496
15392
16216
15392
14592
15200
16064
15576
14568
14768
15656
15912
15840
17384
20088
22096
21688
20440
19984
18800
15952
14224
14744
15272
14312
13896
15192
16336
15712
14944
15568
16392
15992
15080
15416
16328
16240
15336
15232
16200
16512
15480
15064
16168
16776
15680
15008
16152
16880
15888
15152
16096
17008
16152
15360
16024
17056
16568
15680
16032
16952
16992
16104
16048
17048
17480
16504
16128
17280
17984
16960
16440
17552
18480
17408
16712
17776
18632
17944
17136
17864
18696
18216
17264
17416
18088
17904
16720
16384
17056
17416
16152
15448
16408
16896
15600
14944
15976
16576
15440
14648
15592
16440
15584
14720
15336
16192
15680
14840
15136
15992
16000
15120
14896
15848
16248
15128
14712
15760
16392
15352
14648
15704
16480
15448
14632
15552
16440
15616
14816
15448
16280
15888
15000
15136
16048
16040
15112
14952
15896
16264
15152
14752
15768
16408
15256
14656
15608
16384
15288
14592
15504
16344
15536
14608
15256
16088
15616
14784
15024
15960
15904
14936
14880
15776
16176
15016
14600
15616
16272
15112
14512
15624
16416
15256
14456
15344
16256
15440
14616
15224
16096
15608
14736
15000
15912
15912
14944
14808
15704
16064
15128
14640
15688
16288
15080
14520
15584
16304
15280
14552
15432
16216
15424
14592
15240
16104
15680
14776
15016
15912
15968
14936
14832
15768
16152
15064
14616
15696
16272
15176
14520
15632
16424
15408
14712
15680
16456
15656
14776
15504
16440
15960
15080
15304
16200
16136
15120
15008
15928
16384
15312
14856
15784
16360
15120
14488
15592
16368
15264
14520
15416
16240
15408
14648
15328
16032
15376
14488
14848
15984
16832
17528
19168
21704
22720
20744
18856
18208
17136
14912
13776
14584
15384
14592
14336
15544
16544
15632
14880
15528
16432
15928
15120
15432
16328
16240
15248
15216
16128
16480
15528
15088
16144
16712
15648
15056
16144
16952
15872
15136
16112
16992
16248
15408
16040
16992
16544
15784
16152
17080
17032
16184
16048
17072
17560
16528
16208
17392
18064
17040
16496
17656
18464
17488
16848
17864
18736
18000
17232
17888
18624
18112
17056
17168
17912
17712
16488
16192
16944
17072
15848
15288
16216
16768
15560
14840
15816
16560
15432
14632
15600
16424
15600
14760
15392
16216
15728
14864
15152
16016
16024
15048
14888
15840
16200
15144
14720
15744
16392
15288
14648
15696
16368
15264
14568
15464
16304
15464
14688
15360
16216
15784
14920
15176
16032
16040
15104
14976
15920
16272
15176
14744
15776
16352
15200
14592
15648
16384
15328
14576
15464
16312
15488
14712
15328
16184
15648
14792
15024
15888
15920
14992
14840
15752
16112
15064
14624
15632
16280
15128
14488
15584
16328
15240
14520
15440
16248
15408
14648
15256
16136
15624
14784
15048
15936
15896
14976
14832
15792
16184
15096
14632
15688
16328
15152
14512
15608
16416
15288
14512
15480
16272
15464
14616
15272
16128
15720
14872
15072
15976
15976
14976
14848
15848
16288
15184
14728
15696
16360
15216
14704
15864
16576
15520
14752
15728
16576
15728
15008
15656
16448
15936
14944
15272
16096
16128
15312
15112
15928
16240
15136
14624
15648
16312
15152
14496
15576
16312
15288
14504
15456
16200
15288
14424
15024
16056
16288
16904
18944
21448
22592
21024
19552
18720
17432
15136
14088
14752
15248
14360
14160
15560
16576
15640
14856
15800
16576
15744
14920
15624
16448
16064
15168
15512
16328
16352
15432
15296
16200
16648
15624
15256
16336
16904
15856
15232
16288
17088
16064
15384
16368
17184
16416
15624
16392
17256
16840
16048
16384
17360
17352
16480
16416
17496
17928
17024
16672
17768
18520
17464
16896
18024
18848
17896
17208
18144
18944
18048
17128
17544
18208
17592
16528
16584
17224
17016
15944
15656
16432
16720
15552
15072
16008
16576
15392
14808
15752
16456
15432
14696
15600
16368
15560
14760
15416
16240
15776
14928
15168
16048
16040
15088
14976
15856
16248
15224
14848
15832
16392
15304
14704
15744
16488
15440
14736
15632
16456
15680
14888
15504
16272
15848
15032
15304
16096
16096
15176
15040
15936
16272
15248
14832
15840
16384
15280
14712
15744
16392
15360
14656
15576
16312
15528
14760
15392
16144
15688
14840
15176
15976
15944
15024
14984
15856
16120
15168
14776
15784
16280
15232
14688
15744
16352
15336
14704
15568
16296
15496
14776
15344
16152
15704
14912
15136
15944
15888
15064
14992
15784
16128
15136
14792
15720
16152
15208
14680
15632
16224
15280
14672
15448
16192
15432
14720
15336
16024
15664
14904
15152
15888
15880
15080
15072
15936
16280
15312
14944
15824
16384
15416
14928
15912
16560
15528
14896
15728
16376
15632
15000
15648
16328
15808
14960
15152
15848
15848
15008
14968
15736
16056
15088
14792
15688
16160
15112
14480
15400
15976
15224
15360
17640
20128
21040
21384
21304
20600
18544
16176
15224
15384
14984
14064
14288
15448
16032
15416
15160
16088
16456
15544
15064
16016
16568
15648
15088
15952
16616
15928
15232
15800
16552
16176
15416
15712
16496
16504
15680
15616
16480
16792
15912
15664
16520
17056
16152
15728
16680
17312
16424
15912
16776
17480
16856
16304
16928
17744
17448
16832
17160
17992
18048
17320
17368
18224
18616
17792
17512
18480
18960
17984
17424
18192
18576
17496
16704
17272
17736
16824
15960
16344
16920
16408
15544
15696
16352
16264
15440
15312
16040
16288
15328
15048
15920
16408
15408
14920
15816
16368
15456
14928
15704
16352
15648
15000
15544
16176
15832
15120
15376
16104
16088
15312
15264
15992
16232
15392
15136
15704
14808
13880
14360
15408
15520
14536
14400
15512
16008
15080
14488
15576
16296
15288
14344
15328
16256
15504
14408
15176
16256
15672
14520
15056
16152
15888
14776
14920
16016
16128
15000
14744
15856
16352
15288
14640
15680
16472
15504
14560
15552
16480
15712
14672
15408
16480
15912
14712
15248
16336
16096
14944
15064
16200
16344
15128
14872
16000
16496
15312
14728
15824
16632
15576
14664
15616
16600
15808
14688
15472
16528
15976
14824
15224
16376
16088
14920
15064
16208
16312
15184
14896
16000
16472
15344
14816
15952
16784
15768
14736
15760
16712
15952
14864
15696
16744
16152
14968
15432
16496
16288
15104
15296
16384
16344
15096
14752
15880
16328
15224
14520
15656
16408
15448
14416
15464
16416
15528
14272
14992
16080
15768
15384
17520
20440
21720
21288
20544
20336
18752
15936
14560
15232
15344
14144
13768
15256
16456
15624
14736
15712
16768
15904
14696
15576
16712
16064
14888
15456
16624
16360
15080
15280
16480
16576
15448
15152
16424
16960
15744
15080
16352
17184
16176
15168
16304
17440
16568
15408
16312
17536
16944
15760
16392
17712
17472
16248
16472
17872
18064
16832
16688
18000
18664
17528
16896
18200
19176
18128
17096
18264
19384
18432
17096
17792
18832
17984
16544
16840
17920
17424
15960
15912
17032
17000
15592
15240
16400
16864
15568
14800
16024
16856
15688
14664
15736
16832
15872
14664
15504
16680
16064
14760
15376
16552
16224
15016
15120
16328
16456
15160
14896
16128
16664
15464
14680
15944
16808
15680
14584
15744
16768
15880
14656
15568
16712
16048
14784
15328
16504
16208
14928
15096
16336
16360
15120
14808
16064
16600
15288
14592
15824
16672
15560
14488
15560
16616
15728
14488
15416
16512
15832
14600
15208
16400
16072
14816
14968
16208
16256
14984
14688
16016
16504
15240
14496
15776
16608
15448
14432
15520
16600
15704
14432
15376
16496
15872
14584
15096
16352
16048
14728
14912
16200
16280
14960
14704
15968
16464
15240
14504
15720
16584
15464
14432
15520
16608
15672
14504
15352
16504
15856
14664
15192
16464
16192
14960
15096
16312
16440
15216
14952
16168
16760
15496
14736
15984
16840
15744
14656
15800
16856
15896
14592
15360
16496
15800
14584
15128
16336
16032
14728
14928
16104
16256
14968
14592
15744
16184
15000
14512
16560
19096
19768
20384
22112
22224
19848
17104
16288
16368
15280
13712
14216
15696
15696
14768
15192
16496
16560
15360
15056
16256
16760
15544
14896
16088
16936
15888
14864
15928
16992
16080
14960
15840
16944
16368
15168
15784
16992
16648
15424
15688
16832
17056
15848
15560
16840
17384
16240
15624
16824
17760
16720
15816
16944
18056
17280
16200
17128
18352
17768
16688
17368
18608
18392
17224
17448
18688
18816
17616
17296
18384
18792
17384
16520
17488
18064
16744
15608
16544
17400
16352
15088
15840
16800
16080
14848
15360
16448
16144
14864
14992
16208
16280
14992
14728
15992
16536
15256
14552
15736
16576
15448
14456
15576
16624
15760
14544
15424
16568
15888
14680
15192
16472
16176
14912
15072
16240
16384
15088
14832
16024
16552
15352
14656
15792
16680
15512
14520
15608
16632
15704
14536
15376
16496
15800
14616
15184
16360
16104
14776
14952
16144
16216
14896
14624
15920
16416
15224
14480
15712
16520
15400
14392
15456
16520
15576
14440
15280
16432
15712
14512
15088
16280
15936
14752
14888
16040
16184
14928
14632
15848
16336
15160
14504
15680
16464
15384
14344
15448
16480
15592
14416
15296
16424
15720
14528
15024
16256
15944
14648
14880
16104
16216
14928
14656
15880
16392
15200
14552
15728
16640
15584
14568
15608
16664
15752
14648
15512
16712
16048
14744
15296
16472
16176
14888
15056
16392
16416
15064
14688
15840
16328
15128
14432
15656
16504
15384
14368
15424
16448
15560
14304
15048
16128
15472
14456
15720
18504
20008
20432
21496
21928
20600
17680
15776
15832
15776
14200
13480
14960
16184
15424
14704
15888
16888
15936
14752
15632
16800
16144
14904
15504
16712
16400
15176
15376
16608
16648
15408
15200
16448
16984
15776
15080
16320
17200
16152
15128
16256
17352
16480
15360
16216
17448
16864
15720
16296
17576
17280
16080
16408
17688
17896
16728
16520
17888
18520
17344
16792
18064
18960
17928
17040
18184
19296
18320
17104
17880
18912
18056
16616
16968
18016
17456
16008
16016
17016
16976
15544
15200
16392
16832
15528
14728
15920
16728
15568
14504
15600
16688
15712
14488
15400
16536
15872
14648
15208
16464
16088
14800
15008
16240
16344
15064
14824
16024
16576
15328
14664
15856
16704
15568
14576
15696
16744
15784
14624
15520
16624
15936
14728
15368
16544
16184
14856
15040
16296
16368
15040
14784
16072
16576
15272
14592
15792
16672
15440
14448
15576
16624
15680
14496
15360
16496
15888
14616
15088
16344
16016
14744
14952
16176
16208
14912
14656
15944
16424
15184
14448
15680
16520
15360
14392
15488
16528
15600
14456
15288
16448
15768
14496
15080
16264
15960
14720
14856
16088
16184
14904
14656
15896
16384
15128
14464
15704
16592
15360
14360
15424
16560
15608
14464
15368
16512
15832
14544
15208
16464
16192
14920
15024
16304
16400
15184
14928
16160
16696
15392
14688
15912
16792
15600
14600
15768
16840
15800
14536
15288
16448
15800
14520
15112
16288
15936
14728
14888
16160
16200
14880
14528
15728
16168
14976
14656
16960
19616
20200
20648
21928
21832
19296
16472
15856
16240
15080
13576
14200
15752
15800
14832
15184
16488
16560
15224
14984
16232
16744
15496
14880
16088
16960
15800
14816
15896
16976
16088
14912
15832
17000
16384
15144
15752
16928
16688
15480
15648
16928
17096
15832
15536
16936
17464
16264
15600
16896
17808
16784
15768
16992
18104
17304
16224
17232
18480
17904
16728
17384
18744
18488
17296
17536
18872
18952
17640
17312
18424
18800
17352
16432
17456
18096
16720
15544
16488
17408
16280
15008
15704
16808
16112
14800
15360
16496
16144
14856
15000
16160
16288
14960
14752
15984
16480
15264
14520
15768
16624
15520
14472
15496
16616
15680
14528
15416
16560
15896
14616
15304
16424
16088
14784
14960
16232
16328
15048
14776
16064
16528
15288
14616
15816
16696
15528
14512
15560
16640
15672
14504
15344
16536
15832
14632
15168
16312
16000
14744
14920
16136
16200
14928
14656
15880
16384
15168
14488
15648
16520
15360
14360
15432
16480
15584
14424
15264
16392
15696
14456
15080
16256
15960
14688
14888
16072
16144
14856
14648
15824
16368
15160
14416
15632
16552
15336
14392
15384
16504
15544
14368
15248
16384
15760
14488
15048
16232
15944
14672
14808
16088
16160
14864
14608
15848
16400
15128
14464
15720
16584
15504
14552
15592
16592
15688
14576
15472
16632
16040
14712
15280
16472
16128
14848
15072
16320
16408
15088
14728
15848
16296
15152
14384
15600
16440
15296
14304
15376
16432
15480
14304
15184
16192
15456
14240
14984
16960
18208
18776
20592
22704
22016
19280
17272
16912
16280
14528
13520
14632
15760
15032
14368
15648
16824
15896
14672
15560
16736
16072
14936
15400
16664
16352
15072
15256
16512
16632
15360
15088
16344
16880
15648
15016
16240
17080
16008
15056
16160
17224
16360
15224
16136
17336
16784
15496
16184
17360
17176
15944
16152
17472
17752
16560
16416
17688
18304
17224
16584
17880
18880
17808
16872
18064
19224
18296
17056
17896
18968
18208
16792
17168
18064
17576
16112
16096
17064
17048
15704
15240
16384
16792
15520
14752
15848
16696
15568
14528
15576
16600
15632
14440
15344
16480
15800
14544
15128
16296
15976
14704
14864
16128
16256
14936
14768
15944
16496
15256
14560
15720
16592
15496
14512
15568
16656
15704
14552
15448
16544
15840
14608
15208
16400
16120
14792
15024
16176
16288
15032
14712
16000
16504
15248
14560
15696
16552
15424
14400
15552
16648
15632
14408
15304
16440
15752
14544
15168
16328
16048
14736
14888
16120
16208
14888
14624
15912
16440
15160
14480
15664
16544
15400
14320
15424
16552
15632
14416
15248
16400
15800
14456
15040
16360
16016
14728
14872
16056
16128
14928
14632
15856
16368
15152
14472
15648
16520
15504
14240
15368
16448
15520
14352
15256
16464
15736
14480
15056
16192
16040
14776
14984
16232
16272
15032
14720
16112
16600
15384
14752
15968
16760
15584
14520
15648
16784
15840
14680
15520
16584
15808
14472
15072
16288
15992
14680
14856
16144
16192
14888
14640
15880
16336
15000
14168
15504
16696
16608
17328
20136
22760
22168
19832
19120
18568
16320
14104
14264
15272
15096
14120
14744
16272
16600
15328
15000
16248
16800
15600
14872
16120
16968
15848
14808
15952
17024
16104
14936
15872
17056
16376
15088
15704
16968
16656
15408
15584
16896
17056
15768
15480
16800
17368
16192
15480
16840
17752
16640
15632
16848
18032
17120
16048
17000
18288
17760
16536
17240
18536
18312
17144
17392
18752
18936
17640
17408
18632
19096
17728
16848
17912
18568
17256
15952
16840
17648
16552
15216
16000
17080
16328
14968
15408
16544
16256
14888
15024
16272
16344
15048
14696
15992
16520
15216
14496
15736
16632
15488
14456
15592
16664
15712
14464
15360
16536
15928
14632
15224
16472
16144
14824
14928
16224
16384
15040
14768
16032
16608
15312
14536
15808
16696
15488
14496
15560
16704
15752
14504
15392
16568
15896
14576
15192
16416
16080
14752
14920
16240
16312
14936
14696
15952
16456
15216
14400
15744
16584
15400
14360
15512
16600
15680
14376
15312
16552
15840
14520
15128
16296
16000
14688
14840
16072
16256
14912
14608
15920
16472
15152
14432
15648
16616
15360
14376
15480
16568
15624
14440
15224
16456
15832
14472
15088
16360
16040
14680
14856
16184
16344
15104
14776
16056
16632
15344
14608
15904
16824
15680
14552
15736
16840
15840
14640
15568
16736
16056
14584
15160
16360
16016
14680
14800
16128
16272
14944
14592
15880
16440
15152
14352
15568
16424
15104
14048
15480
17512
18152
18576
20992
22952
21160
18120
17120
16976
15952
14408
14072
15120
15464
14432
14504
16040
16776
15504
14776
16072
16968
15736
14728
15976
17008
16008
14856
15784
16952
16272
14968
15616
16888
16544
15264
15448
16768
16912
15632
15312
16688
17288
16024
15312
16672
17608
16448
15456
16608
17760
16872
15776
16696
18016
17400
16176
16880
18224
18016
16840
17088
18480
18688
17424
17200
18576
19192
17936
17200
18424
19176
17800
16560
17504
18408
17224
15792
16528
17544
16776
15288
15760
16888
16456
15032
15160
16424
16496
15136
14808
16072
16592
15280
14496
15816
16712
15520
14424
15568
16680
15704
14472
15408
16592
15936
14632
15216
16496
16120
14784
14992
16272
16392
15096
14736
16088
16568
15320
14568
15856
16704
15576
14504
15632
16712
15744
14480
15360
16544
15920
14616
15184
16408
16160
14752
14944
16216
16336
15008
14640
16016
16480
15192
14432
15688
16648
15464
14384
15472
16600
15688
14416
15312
16440
15800
14472
15064
16368
16024
14704
14856
16112
16200
14888
14592
15896
16392
15128
14408
15648
16512
15352
14296
15440
16520
15544
14288
15200
16392
15736
14456
14984
16232
16008
14752
14952
16256
16280
14968
14592
16032
16592
15304
14576
15824
16744
15448
14408
15640
16688
15832
14536
15408
16536
15744
14336
14896
16208
15968
14568
14696
15952
16128
14808
14456
15792
16264
14888
14056
15384
16472
16072
16592
19560
22392
22264
20200
19640
19000
16648
14224
14272
15272
14896
13904
14472
16104
16456
15240
14792
16152
16672
15376
14624
15984
16880
15680
14600
15776
16968
15952
14672
15680
16856
16224
14840
15480
16856
16576
15216
15384
16800
16952
15552
15256
16704
17312
16048
15256
16720
17704
16520
15424
16768
17936
17064
15856
16928
18248
17648
16408
17048
18488
18288
17000
17264
18712
18872
17552
17208
18616
19088
17648
16680
17880
18576
17152
15704
16768
17736
16568
15120
15936
17072
16280
14824
15392
16616
16216
14808
14944
16320
16416
14960
14584
16040
16520
15176
14344
15736
16680
15456
14256
15512
16576
15624
14296
15296
16568
15848
14472
15072
16424
16136
14712
14896
16256
16400
14992
14600
16032
16648
15240
14360
15792
16784
15560
14336
15600
16720
15712
14352
15336
16640
15880
14504
15152
16440
16088
14688
14808
16208
16328
14888
14512
15960
16520
15128
14312
15696
16656
15392
14184
15456
16656
15632
14248
15224
16480
15776
14408
15032
16368
16000
14560
14704
16136
16288
14920
14488
15968
16536
15208
14496
15904
16816
15576
14376
15664
16800
15864
14560
15576
16808
16048
14616
15184
16528
16168
14880
14992
16384
16336
14824
14416
15904
16464
15064
14200
15648
16576
15344
14144
15432
16584
15504
14064
14952
16280
15824
15368
17752
20840
22144
21256
20384
20176
18544
15544
14208
15184
15448
14096
13584
15376
16656
15640
14496
15776
16872
15888
14544
15512
16792
16112
14720
15392
16808
16440
14976
15144
16536
16744
15304
15000
16512
17016
15688
14856
16376
17296
16088
14880
16288
17464
16488
15192
16224
17584
16904
15568
16264
17704
17504
16136
16352
17880
18104
16800
16544
18088
18784
17480
16760
18232
19256
18104
16888
18216
19368
18272
16720
17488
18544
17592
16056
16400
17576
17104
15504
15504
16784
16736
15264
14816
16192
16688
15320
14384
15832
16744
15440
14264
15528
16664
15600
14264
15280
16552
15768
14416
15000
16384
16032
14600
14800
16232
16336
14912
14520
16000
16568
15216
14384
15808
16736
15504
14296
15592
16760
15664
14384
15312
16600
15936
14544
15104
16456
16120
14728
14816
16256
16360
14928
14544
16008
16552
15192
14360
15816
16656
15384
14232
15504
16648
15592
14224
15288
16536
15776
14408
14968
16360
15984
14560
14688
16184
16248
14840
14424
15888
16424
15088
14224
15696
16616
15360
14152
15400
16584
15528
14240
15184
16512
15784
14376
14936
16304
15936
14576
14712
16184
16312
14912
14576
16088
16696
15296
14424
15904
16824
15584
14440
15720
16928
15896
14512
15464
16672
15944
14632
15320
16680
16264
14712
14800
16184
16168
14824
14432
15888
16432
15064
14192
15616
16576
15312
14096
15296
16360
15376
14168
15728
18520
19712
20016
21648
22376
20640
17496
15936
16104
15640
13968
13392
15168
16144
15072
14472
16064
16944
15632
14504
15824
16904
15896
14552
15576
16856
16152
14816
15416
16800
16448
15000
15200
16704
16736
15384
15048
16640
17208
15784
14968
16424
17440
16176
15056
16408
17648
16656
15392
16352
17776
17112
15816
16480
17968
17712
16392
16584
18152
18344
17032
16704
18360
18968
17712
16920
18376
19296
18048
16832
18032
19032
17768
16264
17024
18104
17152
15528
15984
17232
16776
15224
15208
16560
16560
15176
14704
16120
16592
15248
14368
15800
16680
15432
14280
15568
16720
15672
14344
15312
16624
15848
14464
15040
16456
16120
14704
14808
16312
16392
14944
14592
16040
16584
15224
14424
15776
16760
15472
14328
15536
16760
15744
14456
15320
16576
15888
14512
15064
16480
16128
14728
14784
16200
16280
14896
14464
15936
16512
15120
14296
15680
16600
15352
14192
15456
16552
15552
14280
15216
16536
15808
14392
14888
16360
16000
14552
14648
16176
16216
14800
14392
15864
16448
15040
14216
15648
16592
15280
14168
15392
16632
15568
14256
15128
16504
15728
14360
14872
16320
15968
14584
14656
16112
16224
14848
14456
15936
16472
15080
14288
15640
16648
15392
14216
15416
16624
15592
14296
15264
16568
15856
14448
15048
16456
16040
14648
14840
16384
16504
15040
14584
16160
16664
15312
14552
15992
16888
15640
14464
15696
16856
15880
14552
15504
16784
15992
14496
14952
16376
15968
14600
14640
16144
16264
14864
14432
15920
16432
15032
14200
15528
16352
15192
14488
16872
19816
20552
20664
21648
21768
19472
16456
15424
16032
15200
13600
13856
15696
16112
15040
14824
16360
16848
15448
14656
16048
17024
15808
14680
15872
17080
16056
14808
15648
17008
16272
14936
15544
16936
16600
15232
15368
16824
16968
15600
15288
16744
17312
16016
15272
16680
17640
16456
15456
16704
17920
17016
15752
16736
18120
17528
16264
16896
18448
18128
16896
17152
18568
18752
17488
17216
18704
19240
17912
17088
18280
18992
17560
16280
17224
18256
17032
15592
16328
17432
16560
15144
15512
16840
16480
15072
15072
16424
16488
15136
14776
16112
16656
15360
14576
15840
16712
15504
14456
15624
16744
15776
14568
15440
16656
15984
14704
15232
16560
16240
14896
15024
16376
16376
15128
14776
16128
16624
15336
14616
15936
16768
15568
14568
15656
16752
15792
14568
15456
16624
15888
14608
15160
16408
16120
14816
15000
16264
16304
14952
14664
15968
16472
15200
14528
15760
16576
15432
14392
15480
16576
15616
14496
15336
16472
15776
14536
15056
16304
15976
14664
14872
16208
16176
14920
14680
15880
16360
15144
14504
15768
16544
15384
14408
15456
16536
15568
14408
15248
16432
15776
14560
15072
16280
16000
14704
14896
16160
16192
14960
14704
15912
16392
15216
14576
15744
16536
15392
14400
15440
16496
15592
14448
15264
16432
15744
14616
15104
16344
15968
14792
14904
16216
16320
15176
14840
16008
16480
15312
14712
15872
16744
15624
14664
15664
16696
15760
14592
15472
16720
15992
14728
15104
16296
15904
14696
14880
16120
16168
14936
14656
15840
16360
15136
14472
15552
16384
15152
14200
15504
17408
18168
18856
21256
23056
21536
18800
17576
17144
15776
14016
13872
15104
15512
14704
14776
16208
16688
15464
14808
16008
16776
15712
14824
15840
16872
15960
14856
15656
16832
16216
15016
15552
16784
16496
15216
15440
16712
16760
15568
15432
16648
17144
15968
15440
16568
17512
16432
15496
16616
17744
16864
15888
16720
18000
17440
16376
16976
18328
18096
16968
17208
18536
18688
17560
17432
18688
19264
18136
17448
18496
19216
17952
16888
17664
18480
17336
16048
16608
17576
16760
15488
15888
16920
16472
15200
15296
16488
16472
15208
15000
16136
16584
15400
14720
15864
16664
15600
14656
15632
16736
15800
14616
15472
16624
15976
14808
15320
16528
16200
14976
15152
16360
16400
15192
14960
16152
16624
15464
14840
15920
16784
15616
14728
15664
16776
15968
14768
15568
16664
15992
14816
15320
16504
16144
14960
15192
16296
16376
15128
14936
16088
16504
15336
14736
15816
16648
15496
14568
15568
16616
15704
14648
15416
16544
15864
14680
15208
16376
16024
14824
15056
16216
16272
15032
14800
15984
16440
15296
14616
15736
16576
15456
14528
15496
16576
15656
14544
15320
16480
15840
14624
15168
16400
16040
14808
15016
16184
16240
14992
14800
15936
16456
15224
14608
15728
16568
15512
14536
15552
16552
15680
14544
15400
16560
15888
14688
15184
16424
16128
14872
15064
16272
16392
15240
15040
16208
16688
15424
14832
15992
16912
15776
14848
15784
16808
15960
14784
15552
16728
16176
14952
15408
16464
16056
14800
15024
16168
16264
15032
14832
16008
16416
15200
14624
15744
16480
15320
14352
15296
16656
16592
17168
19752
22456
22472
20416
19456
18936
16896
14704
14344
15280
15336
14408
14640
16096
16776
15600
14992
16032
16920
15856
14984
15896
17008
16128
15048
15832
16936
16368
15168
15728
16904
16576
15408
15632
16832
16896
15680
15544
16712
17256
16048
15544
16672
17456
16456
15616
16680
17768
16928
15904
16720
17920
17384
16312
16984
18184
17992
16896
17216
18408
18600
17488
17384
18616
19136
18040
17456
18512
19320
18136
17064
17872
18736
17560
16256
16848
17792
16944
15648
16032
17040
16624
15272
15424
16488
16536
15248
15056
16144
16648
15416
14816
15864
16656
15584
14664
15632
16688
15776
14696
15504
16568
15920
14752
15392
16480
16184
15016
15256
16288
16352
15176
14984
16160
16592
15344
14824
15904
16688
15624
14744
15688
16736
15888
14728
15544
16664
16016
14792
15336
16480
16112
14896
15136
16256
16328
15112
14944
15984
16448
15248
14688
15744
16584
15520
14616
15552
16600
15688
14608
15448
16496
15840
14624
15232
16360
16008
14832
15064
16160
16264
14984
14848
15952
16456
15240
14664
15696
16544
15480
14552
15496
16552
15680
14544
15368
16448
15784
14624
15200
16304
16008
14784
15016
16128
16240
15016
14784
15912
16440
15216
14632
15680
16576
15448
14544
15504
16536
15656
14536
15376
16408
15832
14632
15184
16312
16064
14872
15048
16152
16280
15088
14944
16104
16608
15384
14760
15888
16744
15728
14792
15768
16792
15864
14768
15568
16656
16056
14896
15504
16536
16152
14752
14936
16104
16200
14920
14768
15856
16392
15240
14552
15624
16528
15368
14360
15240
16304
15552
15008
17232
20200
21296
21248
21312
21120
19168
16240
15088
15600
15376
14024
14072
15584
16440
15464
14992
16032
16880
15752
14864
15816
16912
16056
14912
15776
16856
16304
15096
15704
16792
16536
15256
15496
16664
16832
15632
15472
16568
17096
15992
15440
16552
17432
16376
15464
16528
17624
16776
15720
16632
17776
17240
16128
16776
17992
17800
16680
16984
18216
18376
17320
17216
18352
18952
17920
17384
18448
19248
18216
17296
18072
18944
17896
16584
17112
17936
17168
15896
16256
17200
16752
15488
15504
16536
16584
15312
15048
16104
16600
15424
14832
15808
16632
15536
14712
15640
16640
15744
14712
15416
16520
15880
14784
15248
16416
16112
14992
15160
16200
16344
15160
14992
16008
16528
15448
14832
15880
16696
15576
14760
15696
16656
15800
14752
15544
16528
16008
14864
15360
16400
16128
14960
15096
16184
16264
15128
14912
15912
16496
15328
14752
15720
16576
15488
14584
15568
16504
15672
14648
15392
16464
15824
14688
15192
16272
15984
14816
15000
16096
16256
15000
14768
15840
16416
15208
14632
15664
16576
15480
14488
15448
16552
15648
14552
15312
16392
15808
14584
15168
16256
16008
14824
14976
16104
16224
15008
14808
15840
16432
15264
14616
15664
16520
15400
14536
15512
16496
15600
14544
15360
16440
15776
14664
15208
16320
16040
14824
14984
16112
16296
15112
15008
16128
16560
15312
14752
15848
16776
15680
14784
15784
16760
15832
14736
15552
16632
16056
14944
15360
16408
16008
14720
14960
16040
16216
14880
14728
15744
16312
15120
14536
15568
16480
15208
14232
15160
16272
15816
15952
18600
21392
22176
20952
20296
19800
17824
14992
14464
15168
15184
14080
14240
15720
16576
15464
14896
15912
16856
15720
14760
15816
16888
16000
14840
15728
16872
16272
15016
15600
16768
16504
15224
15488
16592
16808
15544
15408
16576
17168
15944
15384
16504
17408
16312
15432
16552
17608
16784
15720
16560
17760
17240
16176
16784
17920
17792
16672
16944
18136
18456
17272
17192
18392
19016
17840
17288
18416
19272
18056
17088
17904
18744
17632
16288
16912
17760
17000
15624
15992
16936
16624
15240
15392
16320
16480
15152
14976
16032
16576
15344
14696
15792
16624
15512
14536
15528
16640
15704
14600
15344
16440
15928
14688
15248
16272
16144
14872
15080
16152
16336
15032
14896
15952
16560
15352
14760
15816
16616
15568
14584
15656
16664
15776
14688
15488
16488
15928
14664
15232
16296
16096
14840
15064
16120
16264
15000
14840
15880
16400
15200
14608
15712
16520
15512
14528
15480
16432
15640
14528
15344
16336
15784
14584
15184
16168
16000
14720
14992
16040
16176
14920
14744
15808
16352
15120
14600
15648
16408
15376
14464
15448
16424
15592
14552
15280
16304
15776
14584
15112
16160
15928
14696
14952
16008
16160
14904
14728
15792
16368
15176
14600
15640
16456
15384
14448
15480
16432
15584
14520
15320
16376
15784
14624
15184
16184
16024
14744
15016
16152
16336
15032
14920
15984
16520
15360
14792
15912
16728
15608
14616
15608
16592
15752
14688
15552
16560
15928
14592
15072
16112
15872
14608
14968
15968
16104
14808
14728
15784
16240
15088
14376
15424
16168
15168
14616
16696
19408
20320
20744
21752
21640
19512
16688
15656
15848
15184
13648
14016
15400
15952
15040
15088
16200
16664
15448
14856
15984
16800
15776
14864
15864
16800
15968
14896
15720
16728
16248
15040
15632
16696
16496
15240
15600
16680
16832
15584
15528
16640
17160
16032
15480
16600
17440
16480
15576
16680
17728
16936
15824
16800
17880
17504
16352
17048
18184
18120
16880
17240
18440
18656
17488
17368
18576
19104
17960
17256
18240
18904
17672
16504
17312
18048
17008
15680
16344
17232
16536
15136
15712
16640
16288
14976
15192
16240
16296
15016
14880
15984
16472
15200
14600
15728
16496
15400
14464
15512
16456
15656
14504
15400
16384
15856
14560
15200
16264
16080
14752
15056
16160
16216
15008
14888
15952
16472
15256
14672
15784
16528
15504
14536
15584
16536
15728
14568
15400
16384
15856
14568
15184
16240
16032
14728
15000
16080
16128
14864
14800
15904
16344
15192
14592
15712
16416
15344
14352
15456
16464
15608
14424
15280
16352
15736
14480
15136
16184
15992
14624
14904
16024
16136
14848
14736
15832
16304
15120
14512
15640
16400
15352
14384
15456
16368
15584
14400
15352
16320
15776
14472
15160
16144
15936
14632
15032
16136
16096
14824
14688
15832
16312
15112
14536
15672
16432
15352
14376
15512
16456
15632
14400
15224
16432
15712
14568
15304
16520
16072
14760
15112
16336
16296
15096
14936
16192
16520
15272
14712
15944
16720
15584
14680
15720
16688
15520
14360
15360
16408
15704
14480
15144
16256
15936
14592
14936
16120
16080
14584
14456
15680
16320
15792
16856
19880
22312
22048
20216
19888
19216
16608
14328
14752
15536
14712
13768
14824
16368
16112
14976
15200
16432
16488
15144
14976
16296
16608
15488
14880
16168
16936
15752
14800
15920
17048
16032
14896
15864
17112
16320
15120
15816
17016
16648
15424
15664
17000
17064
15816
15720
16976
17392
16240
15712
16992
17848
16808
15960
17184
18264
17400
16320
17376
18568
18008
16840
17640
18904
18536
17384
17656
18936
18832
17528
17216
18280
18416
17000
16184
17168
17768
16456
15328
16312
17200
16072
14816
15688
16736
16016
14768
15296
16432
16032
14760
14928
16208
16136
14928
14808
16040
16376
15160
14568
15800
16560
15368
14440
15632
16616
15680
14488
15384
16536
15832
14600
15256
16400
16032
14808
15064
16216
16232
14912
14856
16088
16400
15176
14592
15816
16584
15408
14440
15640
16656
15568
14480
15344
16480
15736
14488
15136
16304
15920
14632
14952
16152
16104
14816
14704
15920
16320
15064
14416
15704
16448
15312
14328
15472
16488
15528
14384
15360
16416
15656
14448
15088
16280
15856
14624
14880
16112
16104
14832
14648
15920
16288
15088
14488
15704
16440
15248
14368
15464
16528
15584
14352
15344
16440
15688
14440
15096
16296
15864
14624
14872
16088
16072
14832
14752
15984
16352
15144
14408
15864
16624
15520
14560
15688
16696
15816
14656
15528
16696
15952
14672
15352
16464
16032
14872
15176
16352
16272
14976
14752
16000
16264
15056
14480
15672
16384
15272
14328
15520
16400
15472
14344
15160
16080
15440
14504
16008
18672
20024
20520
21600
21864
20264
17488
15720
15792
15592
14064
13512
15016
16136
15344
14656
15888
16776
15816
14712
15648
16720
16064
14864
15504
16632
16280
15040
15328
16552
16472
15312
15224
16400
16800
15608
15120
16344
17112
16048
15104
16352
17304
16344
15328
16352
17440
16744
15544
16344
17568
17152
16032
16408
17712
17784
16648
16592
17896
18360
17288
16808
18128
19040
17912
17112
18344
19272
18328
17104
17976
18912
18024
16568
17072
18048
17384
15928
16096
17096
16968
15528
15256
16432
16736
15416
14752
15936
16680
15488
14584
15656
16672
15616
14504
15400
16560
15784
14584
15248
16376
15992
14752
15000
16216
16184
14952
14824
16064
16440
15208
14632
15840
16584
15496
14504
15688
16720
15648
14536
15456
16592
15864
14600
15280
16496
16032
14736
15032
16280
16216
14952
14832
16080
16440
15184
14544
15800
16536
15456
14464
15592
16544
15520
14352
15376
16440
15696
14424
15168
16384
15896
14648
14896
16112
16096
14784
14640
15936
16384
15072
14512
15784
16496
15264
14392
15568
16536
15512
14376
15336
16536
15688
14360
15104
16312
15896
14536
14904
16152
16136
14776
14656
15944
16376
14992
14408
15744
16544
15272
14272
15536
16600
15504
14336
15344
16512
15728
14448
15176
16512
16104
14792
15096
16376
16296
14976
14936
16224
16664
15360
14624
15976
16784
15568
14544
15816
16928
15776
14520
15400
16592
15776
14408
15152
16384
15872
14608
14920
16144
16200
14712
14592
15856
16192
14824
14360
16216
18432
18992
19672
22032
22760
20480
17624
17016
16736
15376
13672
14136
15520
15488
14584
15144
16552
16496
15176
15032
16360
16712
15416
14888
16176
16944
15688
14776
15992
17016
16024
14840
15920
17040
16328
15048
15768
17088
16632
15392
15664
16992
16936
15680
15624
16936
17408
16072
15584
16912
17784
16640
15792
16976
18096
17160
16096
17256
18520
17840
16640
17440
18864
18440
17144
17608
18976
18944
17632
17536
18712
19016
17512
16704
17792
18320
16920
15664
16784
17560
16432
15064
15992
17032
16192
14856
15456
16632
16160
14824
15072
16400
16320
14944
14832
16104
16416
15192
14592
15864
16656
15392
14488
15680
16704
15632
14512
15464
16592
15872
14664
15344
16544
16112
14824
15096
16352
16280
14944
14896
16120
16600
15336
14680
15848
16712
15528
14568
15688
16728
15648
14472
15440
16552
15808
14640
15232
16488
16008
14768
15040
16200
16224
14912
14808
16000
16328
15144
14576
15808
16528
15344
14400
15616
16528
15488
14336
15376
16424
15680
14456
15144
16312
15856
14600
14896
16168
16096
14792
14776
15984
16352
15024
14528
15744
16456
15328
14400
15504
16488
15552
14448
15336
16440
15632
14496
15168
16328
15864
14656
15008
16232
16144
14808
14784
16112
16448
15200
14672
15952
16640
15400
14600
15816
16784
15760
14624
15616
16712
15936
14640
15352
16688
16160
14704
15064
16176
16056
14736
14704
16000
16320
15008
14456
15728
16512
15232
14304
15464
16384
15264
14104
15536
17576
18528
19040
21272
23040
21512
18664
17336
16992
15960
14120
13712
15024
15704
14824
14592
16032
16856
15624
14696
15824
16848
15800
14728
15712
16856
16096
14824
15632
16816
16352
15008
15496
16712
16704
15304
15264
16584
16976
15720
15256
16552
17272
16096
15272
16504
17512
16496
15440
16416
17656
16960
15816
16584
17848
17552
16352
16832
18184
18144
16968
16992
18344
18712
17568
17128
18472
19240
18128
17248
18328
19152
17920
16680
17456
18296
17368
15912
16488
17472
16776
15384
15632
16776
16488
15152
15064
16304
16536
15152
14688
16016
16632
15344
14480
15704
16672
15592
14432
15472
16592
15816
14536
15280
16480
16040
14696
15120
16328
16224
14864
14912
16216
16472
15176
14688
15952
16704
15448
14568
15712
16784
15688
14496
15576
16696
15808
14512
15352
16536
16024
14688
15064
16360
16248
14856
14784
16152
16464
15128
14560
15904
16584
15336
14408
15608
16648
15552
14352
15360
16600
15784
14464
15168
16440
15928
14640
14976
16240
16168
14792
14784
16056
16400
15072
14528
15792
16552
15264
14352
15552
16616
15528
14336
15432
16448
15728
14480
15184
16352
15864
14592
14968
16216
16080
14808
14728
16000
16336
15064
14584
15896
16464
15272
14408
15728
16688
15704
14544
15536
16624
15904
14680
15416
16704
16128
14840
15216
16416
16344
14928
14992
16272
16528
15160
14576
15792
16480
15224
14328
15528
16568
15472
14376
15400
16512
15624
14344
15008
16112
15672
14544
15656
18432
20136
20456
21432
22008
20960
17904
15784
15816
15968
14336
13360
14840
16208
15496
14608
15800
16832
16008
14704
15512
16752
16208
14920
15304
16648
16496
15224
15184
16512
16832
15440
14968
16336
17096
15808
14992
16192
17256
16232
15040
16216
17328
16616
15264
16096
17408
16928
15696
16152
17488
17432
16208
16224
17600
18008
16800
16384
17720
18568
17512
16712
17960
19080
18088
17032
18184
19320
18464
17200
17896
18936
18248
16720
16880
17896
17616
16104
15936
16968
17128
15680
15048
16256
16880
15592
14648
15760
16736
15624
14488
15520
16584
15808
14568
15336
16480
15920
14712
15080
16312
16176
14864
14840
16112
16392
15088
14688
15960
16632
15336
14496
15720
16696
15568
14552
15504
16648
15840
14608
15376
16576
16056
14688
15128
16344
16296
14928
14864
16160
16448
15120
14608
15944
16592
15336
14464
15680
16616
15536
14408
15400
16608
15696
14448
15224
16424
15952
14528
14912
16224
16136
14840
14696
16032
16384
15032
14472
15792
16464
15192
14328
15640
16512
15504
14312
15320
16448
15656
14432
15152
16360
15824
14600
14992
16264
16040
14728
14744
15960
16296
15000
14464
15752
16464
15272
14424
15520
16568
15472
14336
15424
16520
15704
14456
15272
16504
16120
14824
15136
16384
16256
14952
15008
16256
16664
15304
14760
15968
16736
15488
14576
15808
16856
15760
14520
15480
16504
15680
14352
15168
16296
15920
14608
15016
16232
16120
14792
14712
15888
16104
14832
14336
16272
18304
18928
19672
22176
22792
20416
17440
16848
16592
15184
13520
14128
15608
15448
14536
15248
16576
16400
15048
15080
16408
16656
15344
14936
16216
16936
15640
14832
16048
16992
15904
14872
15864
17016
16312
15024
15816
17024
16584
15256
15736
17040
16912
15568
15672
16928
17320
16064
15664
16992
17720
16592
15760
17032
18112
17184
16096
17256
18504
17776
16584
17496
18840
18384
17192
17616
18992
18912
17632
17504
18744
18952
17480
16696
17824
18336
16848
15784
16744
17592
16384
15040
15888
17096
16160
14824
15488
16640
16136
14680
15160
16360
16256
14944
14936
16160
16392
15104
14632
15888
16664
15384
14448
15744
16600
15480
14440
15552
16664
15784
14552
15344
16680
15944
14712
15128
16640
16208
14936
14928
16464
16392
15136
14688
16272
16600
15352
14552
15928
16712
15576
14456
15544
16680
15824
14552
15280
16680
15936
14640
15088
16544
16128
14808
14808
16424
16376
15024
14552
16080
16536
15224
14392
15776
16624
15456
14328
15392
16600
15704
14392
15216
16600
15848
14552
14952
16472
16112
14728
14760
16360
16384
14952
14472
16080
16528
15240
14384
15720
16648
15456
14344
15400
16608
15680
14400
15216
16616
15960
14536
14992
16528
16176
14792
14832
16528
16640
15192
14688
16048
16792
15504
14592
15856
16936
15864
14584
15672
16848
16032
14640
15536
16744
16192
14728
15056
16352
16192
14792
14784
16112
16448
15000
14544
15872
16592
15304
14312
15432
16416
15360
14464
16432
19272
20152
20424
21768
21960
19920
16824
15680
16216
15616
13872
13792
15424
16104
15104
14840
16208
16920
15648
14768
16000
16984
15952
14792
15848
17024
16208
14944
15664
16944
16488
15144
15616
16960
16808
15400
15416
16720
17096
15840
15360
16712
17424
16208
15360
16632
17672
16680
15568
16712
17920
17152
15888
16792
18088
17704
16456
16992
18432
18400
17032
17160
18552
18992
17728
17328
18632
19392
18128
17160
18280
19120
17872
16456
17272
18272
17216
15720
16352
17392
16768
15272
15552
16776
16568
15160
15088
16280
16592
15232
14744
15984
16672
15408
14568
15736
16712
15648
14504
15584
16672
15872
14496
15352
16512
16064
14656
15128
16472
16328
14928
14912
16272
16552
15128
14720
16016
16680
15432
14496
15784
16792
15704
14528
15576
16776
15952
14544
15360
16560
16128
14688
15080
16432
16272
14856
14872
16144
16520
15136
14608
15864
16576
15336
14392
15640
16600
15544
14352
15424
16608
15760
14448
15304
16496
16016
14584
15008
16336
16224
14760
14776
16168
16456
14992
14528
15864
16584
15272
14368
15608
16648
15584
14328
15416
16624
15768
14392
15264
16448
16024
14544
15032
16312
16160
14768
14824
16120
16400
15072
14536
15824
16504
15304
14424
15696
16648
15656
14488
15600
16800
15968
14608
15384
16664
16232
14784
15384
16632
16408
15024
15048
16296
16616
15272
14880
16096
16736
15360
14400
15632
16600
15592
14360
15440
16624
15744
14400
15184
16488
15976
14456
14840
16088
16008
14976
16144
19256
21320
21440
21056
21160
20232
17384
14872
15296
15816
14568
13504
14896
16472
15888
14768
15584
16792
16280
14888
15408
16704
16536
15120
15184
16496
16760
15480
14960
16304
16992
15744
14920
16160
17144
16128
14976
16096
17288
16464
15184
15944
17264
16864
15488
16008
17328
17240
15848
15968
17312
17680
16480
16088
17488
18240
17152
16304
17632
18720
17792
16720
17856
19120
18448
17136
17976
19224
18720
17336
17664
18768
18384
16792
16672
17608
17784
16288
15648
16776
17320
16000
14952
16080
16952
15880
14608
15728
16848
15928
14616
15432
16624
16072
14680
15160
16464
16248
14856
14936
16224
16472
15128
14736
16024
16696
15496
14552
15816
16784
15752
14528
15616
16808
15976
14664
15448
16600
16104
14776
15216
16512
16384
14992
14992
16232
16496
15264
14760
16096
16688
15536
14576
15784
16720
15704
14480
15600
16760
15912
14584
15408
16520
16024
14680
15144
16504
16224
14904
14936
16208
16424
15128
14608
15912
16616
15392
14552
15728
16680
15616
14448
15528
16672
15808
14496
15280
16528
16024
14680
15096
16368
16224
14848
14856
16112
16336
15120
14656
15856
16576
15344
14512
15736
16648
15592
14432
15496
16632
15792
14448
15344
16512
16072
14648
15152
16336
16224
14920
15000
16328
16552
15272
14832
16088
16824
15600
14752
15960
16864
15856
14616
15720
16816
16032
14784
15544
16704
16056
14656
15064
16288
16128
14840
14856
16112
16360
15128
14648
15928
16536
15200
14232
15392
16472
15984
16128
19048
21872
22360
20768
20408
19848
17696
14920
14624
15440
15072
13984
14408
16072
16600
15448
14976
16224
16832
15648
14768
16048
17000
15968
14856
15928
17072
16208
14928
15736
16976
16472
15184
15616
16912
16760
15464
15472
16792
17088
15848
15456
16752
17544
16312
15368
16712
17704
16784
15672
16776
18000
17240
16000
16912
18224
17800
16608
17112
18432
18416
17224
17296
18672
19024
17848
17408
18640
19328
18056
17032
18056
18824
17600
16176
17032
18048
17008
15456
16112
17208
16528
15096
15464
16672
16448
15072
15024
16272
16520
15272
14704
16016
16704
15464
14512
15776
16736
15712
14440
15504
16672
15872
14536
15352
16584
16048
14728
15184
16416
16304
14984
15008
16264
16504
15240
14776
16016
16752
15576
14640
15824
16792
15784
14552
15672
16816
15968
14624
15448
16656
16064
14728
15144
16456
16304
14912
14936
16216
16424
15216
14680
15928
16616
15432
14480
15696
16656
15552
14432
15448
16656
15784
14544
15320
16488
15936
14592
15056
16352
16168
14824
14864
16168
16352
15040
14624
15888
16600
15320
14480
15656
16688
15520
14400
15456
16648
15688
14416
15344
16520
15936
14600
15088
16384
16112
14776
14840
16144
16440
15048
14616
15936
16664
15280
14480
15760
16736
15528
14416
15496
16696
15808
14560
15504
16728
16152
14768
15296
16544
16376
15072
15128
16424
16648
15280
14832
16104
16832
15584
14752
15896
16808
15568
14416
15520
16624
15712
14480
15256
16424
15880
14608
15096
16304
16096
14656
14616
15920
16360
15720
16824
19920
22304
21984
20456
20272
19520
16744
14424
14952
15760
14704
13776
14968
16552
16208
15008
15416
16656
16512
15168
15152
16472
16760
15440
15032
16320
17032
15704
14888
16200
17152
16040
14920
16024
17200
16360
15112
15992
17192
16680
15448
15904
17200
17032
15744
15856
17184
17456
16232
15896
17240
18016
16752
16000
17360
18400
17376
16408
17600
18816
18056
16872
17768
19072
18584
17384
17864
19120
18912
17504
17400
18568
18600
17000
16416
17504
17984
16472
15456
16512
17360
16160
14952
15864
16976
16024
14760
15504
16616
16080
14768
15200
16472
16312
14920
14928
16192
16464
15120
14784
15984
16688
15360
14584
15736
16752
15632
14520
15616
16728
15824
14632
15424
16624
16040
14760
15208
16480
16320
14992
15016
16272
16488
15176
14736
16048
16760
15416
14568
15808
16760
15632
14520
15536
16680
15856
14592
15440
16528
15960
14640
15112
16328
16200
14824
14816
16104
16408
15024
14632
15872
16560
15240
14480
15664
16616
15472
14392
15448
16560
15696
14472
15272
16416
15848
14512
15056
16288
16080
14712
14824
16104
16280
14968
14544
15784
16512
15184
14392
15632
16608
15480
14344
15392
16456
15672
14432
15264
16512
15848
14520
14992
16224
16072
14744
14824
16056
16280
15048
14608
15808
16544
15248
14552
15784
16776
15640
14528
15600
16704
15896
14664
15504
16720
16088
14776
15248
16480
16288
14944
15144
16296
16472
15064
14576
15816
16480
15160
14424
15608
16600
15472
14360
15392
16448
15592
14248
14976
16128
15696
15008
16880
19912
21456
21368
20976
20904
19488
16536
14736
15360
15624
14176
13608
15152
16480
15672
14720
15752
16776
15952
14712
15544
16720
16224
14984
15424
16616
16448
15144
15240
16448
16744
15472
15104
16384
17024
15760
15000
16264
17208
16144
15112
16248
17336
16488
15296
16176
17384
16888
15704
16240
17536
17416
16128
16256
17640
18016
16776
16520
17856
18600
17480
16712
18064
19048
18072
17056
18128
19320
18448
17080
17752
18776
18064
16552
16816
17824
17496
15912
15792
16880
17016
15576
15064
16240
16840
15472
14640
15816
16736
15560
14496
15512
16640
15800
14488
15272
16496
15904
14584
15096
16296
16160
14792
14832
16152
16352
15064
14656
15944
16600
15360
14488
15712
16672
15536
14440
15512
16656
15808
14544
15336
16512
15960
14672
15144
16408
16272
14936
14936
16168
16344
15096
14648
15888
16576
15256
14432
15720
16616
15464
14336
15464
16568
15688
14432
15256
16416
15816
14496
15016
16232
16072
14704
14768
16008
16280
14976
14552
15816
16488
15184
14400
15552
16568
15440
14288
15400
16528
15712
14360
15240
16440
15848
14512
15024
16248
16144
14760
14792
16064
16288
14992
14584
15904
16568
15264
14376
15576
16552
15512
14392
15456
16568
15752
14464
15344
16512
15992
14776
15200
16440
16296
14968
15104
16368
16624
15296
14848
16056
16688
15472
14656
15880
16864
15688
14464
15464
16480
15728
14376
15168
16352
15816
14496
14960
16232
16088
14696
14712
15960
16120
14760
14416
16096
17920
18488
19192
21824
22760
20256
17416
16920
16704
15440
13720
14256
15464
15224
14240
15008
16440
16440
15072
15112
16376
16648
15320
14896
16184
16832
15600
14800
16032
16992
15920
14848
15896
17048
16192
14928
15848
17032
16576
15240
15736
16952
16840
15560
15640
16960
17264
16056
15632
16968
17696
16528
15752
17024
18040
17112
16056
17240
18480
17736
16560
17480
18768
18376
17136
17688
18992
18920
17584
17592
18736
18864
17456
16824
17880
18312
16856
15880
16880
17648
16416
15120
16136
17120
16208
14848
15624
16712
16160
14784
15248
16472
16336
14936
15056
16256
16488
15224
14768
16128
16768
15376
14544
15744
16808
15680
14544
15648
16704
15912
14536
15424
16536
16024
14784
15200
16448
16256
14960
14952
16192
16416
15168
14752
15960
16640
15416
14584
15768
16672
15600
14528
15568
16704
15904
14568
15408
16512
16056
14712
15160
16384
16184
14832
14880
16208
16400
15136
14672
15912
16560
15344
14496
15720
16632
15576
14376
15456
16592
15832
14456
15328
16528
15904
14600
15072
16408
16216
14872
14880
16112
16368
15096
14672
15896
16600
15448
14568
15760
16672
15608
14448
15560
16656
15880
14576
15392
16584
16024
14752
15328
16576
16328
14992
15096
16376
16608
15312
14952
16184
16760
15560
14688
15960
16832
15800
14696
15888
16712
15840
14496
15280
16392
15856
14616
15096
16184
16008
14776
14864
16048
16192
14960
14480
15544
16136
15368
15616
18472
21024
21680
21136
21136
20432
17984
15112
14816
15408
14712
13672
14496
15984
16088
15104
15224
16344
16480
15312
14992
16128
16632
15632
14928
16048
16864
15904
14920
15920
16816
16144
15032
15792
16824
16368
15264
15768
16800
16632
15488
15704
16832
16968
15896
15632
16744
17352
16408
15728
16832
17688
16864
15984
16960
18056
17416
16384
17304
18344
18000
16952
17504
18656
18520
17472
17584
18704
18840
17664
17256
18256
18528
17312
16368
17208
17752
16616
15560
16432
17120
16280
14984
15728
16656
16016
14904
15352
16368
16144
15008
14992
16040
16360
15160
14736
16000
16440
15312
14584
15672
16448
15576
14616
15496
16488
15744
14568
15320
16336
15824
14688
15224
16304
16056
14928
14968
16128
16240
15136
14832
15952
16456
15352
14632
15752
16520
15544
14552
15648
16560
15776
14600
15400
16352
15800
14704
15192
16208
15952
14832
14920
15968
16200
15032
14664
15808
16384
15312
14584
15672
16408
15464
14504
15504
16456
15752
14568
15336
16320
15808
14680
15296
16224
15952
14808
14896
15968
16104
15016
14728
15752
16232
15232
14568
15568
16328
15392
14488
15448
16272
15584
14472
15304
16280
15736
14592
15064
16144
15960
14936
15096
16160
16280
15152
14864
16072
16544
15456
14776
15808
16608
15584
14624
15648
16600
15920
14784
15080
16368
15744
14656
15088
16200
15960
14872
14904
15960
16128
15024
14680
15776
16256
15064
14296
15448
16488
16296
17064
19760
22280
22400
20536
19808
18928
16656
14296
14232
15040
14784
14104
14552
16016
16384
15304
14920
16048
16512
15560
14776
15872
16736
15744
14792
15864
16800
15952
14896
15688
16704
16168
15128
15560
16712
16432
15368
15464
16592
16864
15688
15320
16472
17096
16096
15280
16536
17424
16456
15504
16584
17688
16960
15896
16776
17936
17536
16440
17032
18272
18120
17048
17200
18472
18744
17600
17304
18480
18992
17872
16912
17952
18608
17424
16192
17080
17816
16856
15520
16168
17224
16472
15184
15600
16664
16440
15136
15136
16320
16464
15248
14880
16080
16656
15520
14632
15776
16672
15656
14672
15688
16688
15808
14656
15504
16616
15968
14824
15448
16552
16160
15048
15080
16280
16488
15280
14936
16152
16648
15552
14632
15888
16688
15696
14664
15712
16712
15848
14640
15448
16552
15928
14752
15264
16392
16120
14944
14960
16160
16312
15200
14808
16016
16552
15392
14552
15744
16592
15520
14456
15568
16616
15704
14552
15320
16392
15832
14672
15168
16352
16000
14824
14928
16120
16280
15000
14760
15952
16416
15408
14520
15688
16488
15464
14464
15560
16528
15672
14496
15320
16432
15776
14648
15192
16384
16016
14904
14968
16304
16392
15224
14840
16072
16664
15568
14808
16000
16840
15720
14640
15680
16728
15904
14696
15544
16688
16080
14792
15176
16280
15984
14848
14880
16064
16208
15048
14704
15904
16312
15272
14432
15520
16264
15224
14400
15984
18360
19456
19944
21864
22504
20544
17568
16376
16128
15216
13744
13728
15264
15776
15040
15008
16232
16704
15576
14840
16048
16864
15736
14960
15936
16960
16040
15032
15896
16920
16408
15120
15800
16856
16760
15208
15768
16824
17032
15256
15664
16736
17360
15416
15704
16656
17544
15936
15856
16712
17632
16768
16072
16856
17944
17584
16336
17112
18192
18312
16520
17488
18424
18720
17128
17744
18664
19136
17496
17664
18448
18944
17448
17016
17600
18160
17072
16096
16672
17344
16808
15408
16008
16736
16560
14896
15568
16360
16448
14776
15232
16088
16488
14904
15016
15936
16552
15296
14920
15760
16472
15744
14880
15680
16424
16072
14784
15600
16408
16288
14760
15472
16328
16464
14824
15264
16152
16512
14960
15032
15952
16592
15392
14976
15832
16512
15744
14792
15616
16528
16128
14544
15368
16336
16224
14448
15168
16144
16360
14544
14920
15936
16416
14784
14768
15728
16512
15280
14640
15568
16480
15744
14600
15528
16472
16008
14520
15424
16360
16264
14512
15248
16160
16368
14640
15056
16016
16456
14928
14816
15832
16528
15392
14728
15696
16496
15800
14600
15488
16392
16032
14448
15400
16376
16208
14480
15232
16184
16400
14712
15208
16176
16568
15080
14992
16008
16680
15600
14872
15832
16800
16056
14648
15600
16712
16336
14576
15424
16432
16224
14344
15072
16192
16312
14488
14792
15960
16512
14944
14592
15728
16440
15200
14144
15360
16896
17288
17664
20296
22816
22264
19112
18280
17888
16408
14016
14328
15128
15392
13960
14528
15992
16792
15248
14936
16072
16880
15776
14752
15912
16968
16192
14744
15856
16984
16504
14752
15744
16880
16784
14912
15648
16856
17048
15288
15536
16752
17352
15856
15472
16680
17568
16496
15520
16720
17704
17128
15624
16824
17952
17528
15872
16936
18160
18096
16320
17176
18440
18688
17048
17328
18576
19200
17744
17320
18512
19264
18072
16736
17760
18576
17600
15792
16816
17720
17016
15136
15960
17048
16728
14768
15416
16552
16672
14848
14976
16160
16728
15200
14696
15888
16784
15688
14480
15696
16712
15992
14336
15624
16712
16184
14368
15392
16560
16344
14416
15232
16432
16520
14824
14984
16128
16696
15232
14680
15992
16848
15760
14472
15816
16840
16016
14304
15616
16712
16232
14336
15424
16600
16352
14384
15160
16336
16520
14792
14864
16128
16584
15232
14552
15848
16728
15648
14336
15608
16696
15864
14168
15448
16512
16064
14136
15264
16416
16160
14208
15032
16248
16320
14632
14728
16000
16512
15072
14464
15816
16624
15600
14256
15600
16640
15848
14136
15464
16584
16040
14104
15336
16424
16176
14248
15024
16296
16472
14880
14880
16144
16656
15264
14600
15928
16880
15760
14392
15760
16792
16016
14200
15608
16776
16240
14192
15280
16376
16088
14160
14928
16136
16248
14584
14640
15920
16424
15104
14272
15616
16392
15312
13960
15784
17816
18832
18792
21704
23176
21584
18008
17504
16960
15696
13400
13928
15320
15760
14608
14920
16352
16920
15552
14712
16120
17024
15968
14480
15984
17128
16264
14480
15912
17048
16464
14520
15776
16872
16688
14880
15568
16776
16912
15416
15360
16680
17280
16064
15240
16680
17608
16624
15160
16752
17840
17104
15328
16888
18072
17560
15712
17040
18288
18144
16392
17200
18504
18712
17248
17224
18648
19192
17992
17088
18480
19200
17992
16248
17640
18440
17416
15296
16672
17608
16808
14704
15816
16896
16528
14600
15192
16432
16560
14920
14584
16072
16664
15312
14208
15816
16776
15640
13936
15624
16720
15856
13800
15488
16656
15936
13952
15280
16472
16256
14336
15040
16384
16400
14888
14640
16168
16688
15400
14312
15952
16904
15760
13968
15672
16912
16000
13864
15544
16848
16152
13976
15272
16608
16304
14376
15008
16400
16520
14928
14528
16112
16688
15432
14216
15904
16872
15760
13976
15704
16824
15896
13856
15520
16728
16040
14024
15272
16512
16144
14352
14936
16336
16400
14912
14504
16088
16608
15312
14168
15880
16768
15600
13880
15656
16728
15792
13808
15480
16680
15936
13952
15232
16440
16088
14336
14896
16264
16448
15016
14688
16272
16728
15496
14288
16056
16984
15872
14144
15896
16928
15992
13968
15696
16784
16192
14264
15448
16616
16152
14360
14896
16216
16288
14920
14496
16032
16568
15304
14104
15816
16664
15456
13608
15408
16608
16072
15280
18832
21648
22400
20472
20336
19896
17912
14752
14392
15384
15240
14072
13960
15960
16744
15656
14432
16216
17080
15928
14136
16056
17136
16224
14168
15952
17072
16408
14544
15728
16976
16616
15088
15472
16864
16976
15624
15200
16792
17368
16216
14920
16792
17600
16576
14832
16800
17856
16960
15088
16824
17952
17312
15624
16880
18184
17872
16496
16920
18440
18544
17360
16904
18600
19176
18056
16824
18688
19448
18288
16304
18056
18888
17720
15624
17048
17880
17024
15112
16080
17136
16680
15160
15312
16616
16544
15296
14696
16248
16736
15488
14168
15992
16848
15712
13936
15800
16808
15896
14000
15640
16712
16024
14304
15376
16568
16248
14888
15080
16536
16544
15296
14608
16344
16768
15576
14232
16144
16960
15760
13968
15920
16968
15984
14040
15712
16848
16120
14408
15352
16648
16288
14832
14984
16488
16584
15224
14480
16152
16760
15440
13976
15992
16848
15568
13768
15704
16768
15712
13816
15464
16656
15904
14176
15096
16448
16056
14640
14728
16336
16360
15040
14264
16056
16616
15328
13896
15928
16816
15664
13688
15704
16824
15800
13880
15536
16760
15992
14328
15344
16744
16344
14992
14984
16624
16696
15488
14664
16488
16944
15704
14248
16320
17080
15888
14088
16104
17072
15912
14120
15568
16632
15912
14448
15192
16520
16080
14808
14784
16376
16304
15048
14264
15984
16248
15056
13944
16696
19008
19568
19464
22160
22120
19448
16184
16144
16640
15536
13576
14072
15648
15576
14608
14824
16632
16672
15440
14616
16504
16944
15664
14264
16336
17144
15976
14352
16080
17224
16216
14648
15888
17192
16480
15096
15736
17192
16776
15528
15424
17192
17184
15960
15304
17088
17616
16312
15240
17072
17992
16792
15472
17048
18320
17320
16000
17120
18600
17912
16648
17288
18824
18528
17264
17280
18960
19056
17640
17136
18600
19008
17440
16344
17592
18312
16856
15496
16624
17680
16496
15024
15848
17032
16280
14792
15432
16704
16328
14872
15112
16472
16480
15040
14816
16160
16744
15352
14648
15960
16856
15576
14504
15728
16888
15808
14488
15520
16776
15984
14680
15344
16672
16256
14864
15112
16416
16512
15088
14856
16208
16776
15336
14616
15912
16904
15624
14416
15736
16912
15776
14488
15496
16776
16008
14544
15200
16560
16248
14712
14936
16352
16440
14928
14640
16048
16656
15208
14464
15800
16800
15472
14240
15560
16824
15680
14304
15368
16680
15944
14464
15112
16528
16112
14680
14936
16336
16376
14952
14640
16120
16640
15312
14648
16032
16984
15688
14480
15808
17024
15928
14624
15712
16944
16136
14600
15304
16728
16328
14920
15200
16464
16472
14872
14616
15960
16560
15136
14392
15776
16680
15416
14256
15504
16728
15512
14112
15072
16456
16136
15928
18408
21408
22528
21088
20048
19616
18048
15088
14216
15208
15472
14120
13768
15528
16768
15672
14608
15832
17032
15992