16152
16712
17096
16560
16232
16720
17192
16864
16520
16816
17280
17088
16688
16928
17424
17360
16872
16928
17528
17576
17080
16888
17448
17648
17096
16808
17184
17496
16888
16504
16808
17112
16672
16256
16480
16904
16568
16104
16248
16688
16576
16088
16040
16568
16712
16096
15928
16464
16720
16152
15944
16400
16792
16264
15952
16344
16672
16352
15920
16200
16656
16384
15896
16136
16632
16512
16000
16032
16480
16640
16088
15968
16464
16704
16144
15888
16392
16720
16256
15864
16344
16752
16344
15944
16216
16680
16416
16032
16136
16600
16488
16016
16120
16504
16640
16080
15920
16512
16728
16168
15864
16416
16704
16224
15840
16264
16720
16280
15888
16232
16680
16400
15928
16144
16632
16496
15936
15976
16448
16592
16072
15880
16344
16696
16152
15880
16312
16696
16144
15808
16304
16672
16272
15880
16264
16648
16400
15976
16184
16704
16680
16256
16328
16936
17056
16504
16456
16944
17232
16632
16320
16840
17152
16600
16168
16560
16952
16424
15976
16248
16576
16232
15856
16000
16488
16392
15880
15920
16360
16472
15952
15768
16312
16584
16096
15768
16312
16512
15920
15520
16232
17288
17728
18184
19696
21720
23136
22480
19688
18104
17144
16416
16352
16896
16904
16280
16016
16456
16664
16048
15808
16304
16696
16176
15896
16304
16680
16264
15872
16248
16680
16392
16016
16184
16616
16504
16056
16056
16632
16656
16176
16032
16600
16848
16280
16016
16536
16960
16456
16080
16616
17032
16664
16272
16640
17128
16904
16480
16720
17248
17144
16760
16760
17352
17512
16952
16808
17352
17608
17048
16816
17336
17688
17144
16712
17112
17496
16880
16504
16792
17120
16720
16264
16416
16848
16640
16088
16048
16552
16648
16064
15920
16416
16696
16064
15816
16344
16624
16160
15792
16184
16656
16232
15856
16136
16568
16328
15856
16104
16528
16448
15944
15968
16480
16560
16000
15848
16496
16648
16088
15784
16344
16808
16160
15808
16288
16704
16272
15872
16224
16688
16336
15920
16096
16608
16472
15968
15976
16488
16608
16064
15896
16392
16632
16080
15832
16304
16648
16160
15848
16296
16672
16168
15840
16184
16624
16304
15896
16056
16600
16456
15920
15944
16448
16648
16080
16024
16600
16824
16304
16152
16752
17120
16576
16248
16784
17136
16736
16376
16664
17048
16736
16232
16400
16808
16520
16096
16080
16528
16504
16008
15888
16408
16536
16032
15776
16336
16656
16072
15800
16256
16688
16192
15856
16160
16512
16160
15616
16000
17112
17784
18120
19280
21208
23152
22976
20176
18264
17456
16648
16280
16816
17104
16512
16080
16512
16760
16336
15960
16288
16696
16392
15936
16144
16664
16576
16096
16072
16640
16688
16184
16032
16560
16808
16280
16048
16576
16936
16432
16048
16560
17016
16576
16160
16576
17016
16768
16392
16528
17096
16944
16544
16632
17168
17264
16696
16696
17232
17488
16992
16712
17344
17736
17200
16904
17400
17832
17384
17056
17392
17792
17424
16952
17112
17520
17320
16760
16704
17152
17064
16496
16320
16808
16992
16384
16080
16584
16936
16320
16048
16528
16840
16408
16008
16408
16800
16504
16032
16216
16728
16592
16104
16144
16664
16688
16152
16056
16512
16760
16288
16000
16512
16928
16280
15968
16432
16920
16456
16008
16392
16856
16592
16120
16296
16776
16664
16248
16224
16728
16784
16192
16144
16664
16816
16344
16032
16528
16848
16368
16024
16480
16784
16328
16048
16424
16824
16472
16024
16248
16784
16552
16096
16120
16648
16720
16224
16064
16584
16784
16248
16016
16520
16872
16328
15968
16552
16984
16576
16240
16592
17112
16864
16512
16736
17216
17080
16624
16640
17184
17272
16672
16496
17024
17208
16608
16320
16808
17016
16352
16000
16504
16848
16360
15992
16360
16744
16456
15960
16208
16616
16544
16024
16136
16616
16752
16128
15968
16448
16592
16064
16288
17584
18864
19272
20184
22472
24032
22368
18960
17800
17392
16984
16544
16688
17160
16880
16288
16272
16784
16752
16272
16152
16648
16896
16360
16096
16640
16912
16408
16064
16616
17008
16584
16136
16544
17008
16704
16264
16504
16960
16800
16352
16472
16976
17000
16472
16432
16992
17184
16608
16456
17008
17384
16848
16536
17104
17488
17136
16768
17224
17680
17360
17000
17264
17744
17696
17176
17296
17800
17856
17368
17144
17688
17880
17288
16936
17392
17616
17048
16608
16968
17336
16768
16344
16704
17088
16744
16264
16472
16912
16704
16240
16304
16808
16848
16280
16160
16680
16848
16240
16112
16608
16952
16360
16008
16504
16944
16496
16000
16424
16896
16576
16120
16368
16840
16696
16224
16296
16784
16792
16304
16168
16768
16904
16312
16128
16656
17024
16464
16104
16616
16952
16488
16176
16512
16960
16600
16184
16432
16880
16704
16216
16272
16760
16864
16320
16152
16736
16904
16392
16168
16576
16960
16392
16128
16552
16944
16504
16112
16544
16928
16576
16216
16456
16824
16688
16216
16296
16776
16816
16296
16160
16744
16888
16376
16104
16672
16992
16408
16128
16656
17048
16632
16312
16728
17216
17000
16616
16880
17328
17224
16792
16784
17312
17360
16776
16632
17096
17296
16688
16432
16840
17064
16480
16120
16592
16944
16392
16088
16432
16872
16496
16088
16320
16824
16568
16144
16256
16776
16760
16192
16040
16520
16648
16184
16384
17704
18960
19400
20280
22560
24056
22120
18808
17704
17536
17040
16600
16760
17128
16864
16352
16368
16824
16776
16320
16216
16688
16896
16304
16128
16632
16952
16384
16144
16632
17032
16568
16176
16584
16960
16688
16264
16512
17008
16856
16376
16480
17008
16984
16488
16424
16968
17176
16624
16456
17000
17352
16896
16608
17072
17528
17032
16736
17200
17672
17320
16992
17280
17792
17560
17168
17272
17816
17896
17304
17184
17656
17856
17216
16984
17384
17632
17000
16624
17056
17352
16768
16328
16664
17056
16696
16248
16504
16896
16664
16192
16320
16728
16776
16264
16176
16688
16800
16176
16088
16624
16840
16328
16048
16496
16880
16352
16000
16472
16840
16504
16024
16360
16808
16560
16080
16216
16736
16720
16224
16104
16632
16872
16344
16088
16576
16856
16400
16080
16528
16864
16472
16040
16416
16864
16416
16032
16384
16824
16592
16128
16192
16728
16672
16200
16104
16456
16848
16256
16048
16512
16880
16264
15984
16496
16848
16384
15992
16416
16888
16536
16048
16304
16736
16568
16088
16208
16696
16696
16152
16152
16656
16824
16216
15976
16560
16888
16304
16016
16576
17000
16592
16208
16656
17176
16792
16504
16720
17240
17048
16584
16800
17264
17168
16592
16408
17000
17112
16464
16128
16672
16920
16296
16000
16424
16824
16256
16000
16312
16736
16360
15952
16280
16720
16464
16008
16120
16616
16592
16064
15896
16336
16472
16368
16920
18328
19608
20368
21856
23360
22104
18824
17000
16896
17160
16856
16408
16656
16968
16696
16192
16216
16696
16696
16176
16112
16608
16720
16248
16040
16600
16864
16320
16024
16536
16880
16440
16112
16488
16944
16536
16216
16456
16944
16680
16288
16456
16968
16936
16368
16360
16928
17104
16552
16480
16976
17352
16888
16552
17080
17496
17024
16728
17176
17608
17296
16888
17192
17728
17544
17088
17192
17736
17728
17160
17056
17544
17648
17096
16832
17272
17472
16776
16440
16920
17240
16648
16264
16600
16960
16608
16136
16408
16856
16640
16088
16232
16752
16688
16208
16120
16624
16752
16208
15992
16496
16840
16256
15976
16464
16864
16344
16008
16464
16880
16456
16064
16352
16808
16560
16056
16264
16784
16688
16192
16144
16648
16888
16264
16064
16608
16936
16352
16080
16552
16912
16440
16016
16464
16896
16488
16072
16384
16824
16608
16128
16264
16736
16704
16168
16152
16640
16744
16200
16064
16600
16792
16288
16040
16544
16928
16360
16048
16392
16864
16488
16072
16344
16832
16592
16128
16280
16704
16624
16176
16128
16664
16752
16272
15984
16536
16896
16376
16120
16688
17080
16640
16336
16840
17272
16936
16544
16912
17320
17072
16584
16784
17216
17112
16552
16512
17080
17088
16432
16168
16640
16896
16296
15968
16504
16824
16304
15896
16416
16848
16376
15944
16288
16792
16520
16048
16184
16712
16584
15904
15800
16528
17336
17664
18360
19936
21664
22936
22944
20984
18912
17216
16504
16896
17344
16928
16312
16544
16864
16656
16184
16288
16720
16784
16144
16232
16704
16816
16216
16048
16592
16944
16360
16040
16592
16960
16480
16160
16560
17000
16576
16224
16576
16992
16760
16256
16488
17032
16976
16480
16424
17048
17160
16688
16488
17064
17400
16832
16632
17192
17632
17096
16800
17240
17776
17416
17040
17312
17824
17632
17224
17336
17808
17704
17272
17144
17568
17640
17048
16840
17232
17392
16760
16376
16840
17176
16632
16232
16688
16960
16560
16184
16456
16896
16616
16136
16328
16720
16704
16176
16152
16720
16808
16232
16064
16568
16856
16360
15992
16512
16896
16368
16032
16424
16880
16504
16096
16424
16816
16576
16080
16304
16832
16680
16272
16200
16728
16848
16328
16144
16688
16936
16344
16128
16560
16936
16416
16048
16504
16944
16528
16080
16440
16824
16624
16208
16272
16784
16664
16232
16192
16696
16840
16264
16128
16608
16872
16280
16112
16528
16944
16432
16024
16480
16728
16456
16120
16376
16840
16560
16120
16264
16760
16688
16232
16184
16712
16816
16256
16048
16640
16864
16328
16016
16560
16904
16432
16032
16440
16872
16472
16096
16456
16856
16536
16168
16384
16888
16912
16384
16488
17072
17248
16664
16568
17152
17384
16840
16568
17120
17432
16848
16392
16824
17256
16816
16288
16504
16936
16624
16120
16256
16776
16640
16136
16128
16592
16704
16216
16000
16536
16824
16240
15992
16456
16832
16264
15864
16160
16736
16880
17352
18456
19848
20880
22336
23312
22008
19072
17320
16680
17168
17280
16616
16384
16768
17008
16368
16064
16584
16912
16352
16024
16496
16912
16480
16064
16408
16880
16624
16192
16376
16864
16784
16256
16296
16816
16920
16384
16240
16712
17048
16520
16248
16824
17128
16680
16264
16784
17248
16784
16456
16800
17320
17088
16648
16848
17392
17312
16896
16936
17504
17592
17128
16968
17584
17824
17368
17016
17568
17944
17432
17080
17432
17840
17352
16920
17152
17480
17128
16608
16760
17136
16944
16432
16400
16896
16896
16320
16104
16624
16872
16336
16008
16488
16896
16368
16072
16512
16840
16464
16000
16376
16848
16536
16088
16264
16688
16648
16144
16128
16624
16744
16192
16080
16592
16768
16240
15944
16512
16880
16288
15976
16448
16832
16432
16024
16368
16808
16464
16064
16248
16736
16640
16120
16152
16696
16768
16184
16032
16552
16808
16256
15960
16456
16864
16360
15952
16416
16848
16352
16000
16320
16744
16432
15976
16216
16672
16584
16072
16080
16608
16648
16160
16024
16456
16760
16192
15960
16408
16832
16272
15960
16408
16792
16320
15936
16304
16712
16376
15920
16152
16640
16520
16072
16048
16616
16616
16128
16096
16576
16912
16384
16128
16712
17120
16664
16352
16888
17272
16888
16480
16768
17296
16880
16344
16528
17008
16832
16272
16152
16656
16704
16080
15968
16464
16672
16112
15824
16368
16664
16216
15832
16264
16648
16224
15896
16240
16672
16304
15792
15880
16336
16496
16720
17592
18960
20224
21472
22744
22496
19864
17448
16488
16888
17128
16624
16280
16616
16944
16400
15968
16320
16744
16472
15976
16200
16696
16568
16112
16040
16616
16672
16200
16024
16512
16768
16264
15976
16512
16888
16408
16032
16464
16896
16488
16104
16496
16872
16656
16272
16512
16976
16864
16424
16464
17080
17048
16592
16520
17096
17400
16856
16648
17200
17568
17128
16792
17272
17648
17272
16904
17264
17728
17432
16992
17176
17608
17448
16880
16840
17296
17288
16632
16456
16800
17000
16464
16120
16632
16912
16368
15984
16472
16864
16368
16016
16312
16760
16408
15976
16216
16696
16552
16032
16040
16552
16648
16104
15944
16480
16728
16208
15912
16456
16752
16240
15920
16384
16736
16288
15944
16320
16704
16424
16032
16272
16688
16544
16032
16088
16664
16680
16016
16040
16600
16824
16184
15992
16432
16768
16232
15912
16400
16736
16272
15888
16232
16688
16376
15936
16152
16656
16520
16016
16040
16552
16632
16112
15952
16440
16672
16152
15872
16408
16728
16192
15896
16400
16744
16264
15912
16272
16792
16376
15992
16176
16656
16496
16048
16096
16584
16672
16136
16104
16736
17000
16424
16192
16824
17192
16632
16336
16816
17224
16808
16448
16728
17128
16720
16328
16536
16904
16680
16088
16072
16632
16640
16064
15864
16440
16608
16024
15808
16352
16688
16104
15808
16248
16680
16248
15848
16224
16656
16144
15688
15992
17032
17712
18096
19040
20920
22824
23200
21176
18888
17832
16672
16360
16920
17168
16528
16056
16496
16824
16312
15936
16280
16704
16408
16000
16232
16712
16520
16016
16120
16624
16696
16112
16000
16592
16800
16288
15984
16520
16880
16424
16000
16536
16960
16504
16184
16504
16920
16664
16248
16520
17032
16840
16472
16552
17072
17192
16656
16568
17200
17432
16864
16752
17296
17664
17168
16856
17328
17760
17328
16952
17328
17784
17408
16912
17112
17560
17296
16744
16752
17152
17120
16592
16344
16824
16968
16424
16128
16592
16928
16352
15984
16488
16816
16344
16024
16432
16808
16432
16072
16232
16752
16528
16104
16136
16640
16632
16064
16056
16552
16736
16168
15976
16480
16840
16280
15904
16424
16808
16368
16000
16360
16744
16384
16072
16264
16728
16568
16104
16168
16664
16672
16168
16032
16576
16816
16264
16000
16544
16776
16264
15928
16464
16824
16320
15920
16336
16760
16432
15984
16224
16736
16560
16040
16144
16600
16656
16112
16000
16528
16736
16128
15888
16496
16784
16184
15896
16392
16800
16288
15912
16336
16688
16344
15968
16184
16656
16424
15992
16088
16592
16504
16072
15952
16488
16696
16072
15872
16424
16792
16264
15888
16424
16832
16456
16080
16520
16976
16760
16408
16640
17120
16992
16520
16600
17072
17088
16520
16368
16840
17040
16488
16224
16680
16800
16272
15920
16384
16720
16192
15864
16240
16728
16224
15856
16088
16576
16432
15912
16016
16496
16520
15944
15744
16200
16464
16400
17056
18464
19720
20432
22024
23320
22032
18736
17048
16768
17152
16848
16328
16472
16816
16536
16048
16112
16608
16552
16080
15912
16536
16664
16128
15872
16400
16760
16216
15888
16456
16776
16360
15920
16384
16784
16464
16040
16320
16744
16608
16192
16224
16744
16792
16280
16256
16744
16968
16448
16232
16816
17120
16648
16368
16944
17352
16856
16544
17024
17488
17176
16768
17096
17608
17448
16976
17096
17624
17592
17120
16968
17512
17624
17024
16720
17200
17416
16744
16384
16728
17072
16592
16120
16432
16856
16424
16064
16304
16656
16416
15968
16128
16568
16544
16000
15960
16504
16648
16056
15824
16400
16688
16128
15800
16280
16656
16224
15800
16248
16672
16304
15864
16128
16616
16416
15944
16024
16528
16504
16048
15936
16488
16656
16080
15904
16352
16696
16136
15848
16352
16688
16216
15888
16264
16704
16352
15928
16168
16568
16424
15944
16056
16552
16480
15992
15920
16456
16616
16000
15800
16400
16680
16144
15760
16256
16632
16240
15744
16184
16616
16240
15864
16104
16488
16328
15832
15992
16456
16424
15864
15856
16432
16504
16000
15744
16328
16664
16096
15768
16272
16680
16152
15792
16136
16600
16256
15784
16064
16672
16472
16056
16168
16712
16800
16376
16224
16912
17096
16496
16280
16816
17136
16536
16144
16696
17016
16504
16056
16328
16672
16312
15864
16072
16552
16320
15848
15912
16496
16392
15832
15768
16336
16480
15856
15664
16240
16584
15944
15456
15928
16392
16320
16560
17824
19248
20096
21512
23056
22152
19088
17000
16464
16832
16848
16288
16088
16552
16632
15984
15728
16248
16472
15928
15464
15944
16416
15896
15416
15992
16440
16008
15552
15784
16440
16136
15536
15744
16304
16264
15728
15560
16272
16432
15936
15624
16248
16608
15984
15656
16296
16856
16280
15864
16304
16864
16536
16080
16432
16992
16856
16328
16464
17120
17128
16576
16528
17208
17520
16824
16488
17128
17608
16936
16400
17008
17504
16808
16216
16664
17008
16552
15920
16112
16592
16344
15824
15736
16280
16368
15600
15480
16120
16352
15640
15328
15928
16352
15648
15144
15728
16136
15568
15032
15648
16232
15728
15136
15496
16144
15912
15368
15520
16144
16208
15512
15312
16032
16288
15624
15232
15928
16360
15760
15368
15912
16488
15888
15352
15848
16400
15936
15416
15744
16216
16024
15528
15576
16264
16192
15536
15472
16176
16280
15656
15304
16016
16488
15712
15344
15880
16496
15824
15360
15816
16384
16008
15376
15768
16368
16160
15536
15704
16360
16296
15752
15664
16304
16560
15944
15712
16432
16848
16312
15896
16608
16976
16384
15960
16416
17040
16392
15880
16144
16816
16448
15768
15768
16312
16296
15592
15568
16088
16304
15688
15368
15936
16368
15728
15248
15960
16408
15848
15448
15856
16392
15832
15200
15608
16544
17040
17432
18560
20248
22056
22704
21200
19064
17592
16240
15856
16624
16992
16216
15656
16184
16680
16064
15568
16032
16536
16128
15568
15920
16480
16248
15680
15768
16384
16456
15768
15664
16328
16560
15936
15640
16232
16712
16104
15672
16320
16776
16192
15704
16248
16728
16304
15840
16144
16832
16608
16032
16280
16848
16856
16240
16224
16880
17240
16472
16304
17032
17448
16848
16384
17048
17592
17056
16456
17016
17592
17176
16512
16848
17328
17072
16376
16432
16992
16960
16152
16056
16648
16976
16232
15752
16536
17048
16216
15440
16232
16960
16232
15448
15984
16896
16264
15472
15832
16712
16472
15616
15696
16648
16736
15816
15520
16384
16920
16024
15328
16256
16992
16096
15360
16072
16968
16192
15416
16056
16944
16392
15560
15896
16832
16648
15672
15696
16672
16768
15832
15496
16480
16984
15912
15328
16312
17144
16144
15336
16128
17080
16328
15312
15904
16928
16456
15472
15760
16784
16584
15600
15560
16568
16848
15736
15424
16368
17024
15984
15224
16264
17136
16168
15344
16272
17312
16536
15608
16328
17392
16952
15824
16272
17336
17096
16040
16096
17136
17352
16112
15680
16776
17240
16032
15288
16264
17160
16136
15176
15992
16992
16168
15160
15736
16912
16360
15248
15696
16736
16560
15520
15544
16496
16640
15528
15184
16856
18224
18016
18360
20584
23256
23096
20216
18376
18208
16760
15696
16368
17344
16752
15504
15848
16848
16584
15512
15512
16600
16872
15744
15312
16448
17064
15872
15224
16280
17160
16152
15152
16112
17184
16336
15408
16072
17128
16576
15552
15952
17112
16808
15728
15840
16872
17096
16048
15728
16832
17488
16384
15592
16656
17720
16760
15856
16760
17848
17088
16056
16848
17928
17440
16432
16720
17936
17768
16640
16672
17680
17912
16752
16352
17384
17848
16712
15904
16880
17680
16528
15528
16368
17408
16512
15424
15968
17136
16504
15432
15712
16920
16656
15528
15560
16656
16808
15784
15312
16400
16968
15920
15120
16160
17144
16032
15208
15968
17024
16176
15176
15856
16872
16344
15288
15784
16808
16496
15472
15528
16640
16768
15728
15416
16400
16920
15888
15264
16240
17008
15952
15184
16040
17008
16224
15264
15864
16840
16272
15432
15720
16592
16360
15544
15592
16424
16408
15560
15544
16248
16512
15736
15536
16256
16728
15920
15584
16248
16720
16128
15592
16168
16768
16256
15728
16096
16720
16488
15832
16104
16704
16768
16168
16104
16808
17088
16392
16072
16856
17288
16616
16136
16704
17240
16536
16040
16472
17024
16496
15808
16168
16736
16352
15720
15864
16520
16344
15688
15624
16280
16424
15784
15544
16176
16544
15872
15448
16120
16624
15960
15288
15704
16320
16136
16232
17440
18848
19744
20800
22640
22864
19760
17216
16344
16840
16952
16232
16040
16576
16856
16096
15680
16208
16712
16136
15640
16248
16720
16192
15640
16064
16688
16280
15648
15832
16536
16448
15760
15800
16504
16704
15920
15624
16336
16736
16080
15648
16272
16824
16184
15712
16288
16776
16304
15728
16128
16776
16496
15848
16136
16808
16680
16136
16080
16832
17000
16368
16184
16760
16968
16376
16072
16632
17224
16560
16120
16632
17144
16656
16048
16456
16896
16488
15856
15960
16520
16376
15784
15728
16384
16440
15824
15624
16264
16528
15856
15632
16104
16560
15976
15456
15936
16440
15880
15480
15832
16376
16016
15496
15696
16352
16128
15480
15520
16144
16312
15664
15472
16064
16336
15664
15368
16000
16376
15800
15288
15792
16328
15776
15288
15688
16296
15968
15408
15632
16264
16152
15504
15472
16096
16296
15600
15392
16112
16424
15712
15256
15936
16480
15736
15296
15896
16424
15920
15352
15744
16384
16040
15456
15760
16408
16376
15792
15816
16488
16648
16024
15728
16432
16856
16112
15776
16320
16664
16112
15568
16072
16520
16056
15528
15728
16088
15672
15040
15240
15704
15464
14880
14840
15392
15424
14808
14600
15096
15352
14760
14496
15072
15440
14856
14424
14848
15184
14888
15272
16616
18144
19064
20216
22248
22968
20200
17424
16424
16760
16864
16352
16104
16600
16736
16104
15744
16320
16688
16104
15720
16256
16632
16112
15760
16112
16552
16288
15688
15992
16456
16328
15776
15768
16328
16368
15760
15624
16160
16400
15824
15528
16016
16488
15880
15608
16104
16576
16136
15784
16168
16616
16288
15920
16248
16768
16672
16200
16304
16904
16968
16496
16448
17016
17288
16736
16528
17080
17432
16888
16536
17048
17416
16784
16424
16696
17056
16728
16208
16320
16736
16544
15928
15976
16328
16408
15856
15648
16240
16424
15808
15536
16088
16392
15864
15528
15976
16400
15968
15568
15936
16320
15952
15600
15824
16288
16160
15648
15744
16248
16312
15712
15608
16184
16384
15872
15616
16096
16400
15944
15672
16176
16864
15952
15176
15168
17248
16080
15624
15672
16136
16048
15536
15632
16032
15408
15360
15616
16144
15928
15368
15296
15832
16120
15688
15352
15680
15896
15448
15192
15624
15936
15656
15256
15592
16024
15920
15648
15752
16224
16200
15824
15872
16328
16384
15928
15696
16192
16376
15912
15632
16064
16352
15992
15672
15920
16088
15736
15464
15712
16000
15816
15496
15608
16032
15944
15512
15560
15896
16000
15672
15552
16000
16096
15704
15536
15720
15864
15696
16128
17416
18568
19368
20560
22600
23432
20904
17888
16768
16672
16640
16288
16224
16488
16408
15960
15856
16184
16336
15896
15720
16104
16312
15968
15760
16040
16320
16032
15808
15976
16296
16128
15816
15968
16312
16208
15936
15944
16336
16384
16032
15952
16344
16504
16152
15984
16368
16544
16288
16120
16368
16656
16464
16272
16512
16840
16688
16424
16616
16928
16968
16696
16712
17136
17192
16816
16784
17144
17312
16944
16816
17096
17264
16856
16640
16880
16992
16680
16312
16432
16648
16416
16032
16168
16432
16256
15960
15912
16248
16280
15872
15784
16176
16280
15928
15752
16112
16280
15984
15776
16008
16176
15952
15664
15896
16176
15984
15720
15840
16168
16104
15768
15800
16128
16136
15784
15704
16096
16272
15856
15664
16072
16256
15896
15656
15992
16240
15952
15688
15944
16232
16016
15696
15824
16168
16144
15752
15720
16104
16128
15752
15656
16040
16184
15832
15616
16048
16224
15784
15640
15968
16216
15928
15640
15864
16176
16016
15704
15840
16208
16232
15896
15992
16384
16440
16128
16096
16520
16656
16296
16080
16504
16784
16344
16016
16312
16624
16280
15944
16160
16424
16032
15680
15792
16136
16064
15592
15584
16064
16112
15576
15488
15920
16176
15712
15464
15904
16184
15760
15528
15840
16064
15544
15368
16088
17216
17840
18416
19760
21960
23168
21480
18448
17360
16736
16136
15992
16440
16520
15936
15680
16072
16320
15856
15552
15944
16256
15936
15624
15800
16232
16032
15640
15768
16224
16120
15760
15704
16224
16272
15816
15664
16200
16368
15896
15672
16152
16488
16064
15744
16128
16520
16200
15880
16152
16568
16392
16016
16200
16696
16656
16192
16184
16784
16920
16368
16312
16848
17184
16728
16472
16944
17304
16848
16560
16976
17264
16888
16472
16712
17024
16736
16240
16320
16664
16504
15968
15920
16360
16344
15800
15672
16096
16280
15808
15560
16024
16312
15816
15488
15880
16264
15840
15496
15800
16192
15960
15552
15648
16128
16096
15648
15600
16104
16192
15624
15528
16024
16232
15704
15408
15912
16240
15776
15448
15856
16208
15872
15448
15760
16168
15904
15496
15672
16152
16048
15544
15584
16112
16168
15632
15416
15984
16232
15680
15448
15888
16256
15744
15424
15824
16192
15832
15472
15784
16216
15952
15504
15696
16160
16056
15512
15528
16064
16144
15656
15464
15984
16200
15656
15392
15968
16336
15856
15592
16064
16488
16160
15776
16160
16600
16456
16016
16088
16584
16520
16032
15952
16376
16424
15856
15680
16152
16272
15680
15360
15864
16208
15688
15336
15736
16128
15736
15320
15656
16080
15792
15352
15528
16056
15888
15440
15360
15880
15840
15288
15464
16736
17872
18256
19136
21344
23168
21504
18352
17080
16744
16184
15856
16104
16536
16104
15616
15776
16152
16072
15592
15560
16008
16120
15624
15472
15976
16168
15656
15456
15976
16224
15752
15400
15848
16288
15888
15552
15856
16248
16040
15664
15784
16288
16216
15736
15736
16296
16368
15904
15816
16336
16584
16064
15832
16344
16744
16304
16032
16448
16856
16496
16224
16568
16992
16792
16384
16568
17072
16936
16488
16528
16992
17088
16576
16360
16776
16896
16392
16056
16424
16672
16120
15824
16184
16384
15960
15656
15920
16272
16032
15664
15792
16152
16056
15656
15672
16088
16144
15728
15616
16064
12992
15992
16424
16576
16464
16128
16200
16408
16376
16064
16024
16192
16240
15992
16016
16152
16224
16040
15968
16088
16224
16056
15912
16024
16176
16056
15848
15952
16184
16072
15848
15920
16128
16144
15872
15936
16088
16088
15880
15848
16104
16184
15928
15768
15856
16184
16152
15776
15752
16128
16288
15960
15848
16272
16464
16160
16064
16424
16600
16304
16152
16464
16744
16464
16224
16328
16568
16472
16104
16120
16376
16304
15896
15824
16128
16136
15768
15600
16016
16184
15752
15624
15920
16144
15848
15592
15880
16152
15952
15696
15808
16080
15864
15432
15624
16456
17296
17736
18680
20336
22280
22848
21016
18520
17264
16408
16112
16480
16648
16224
15912
16136
16360
16048
15792
15984
16312
16128
15824
15864
16248
16248
15872
15800
16200
16352
15968
15856
16256
16360
15992
15880
16216
16432
16128
15904
16240
16488
16296
15976
16176
16536
16432
16136
16224
16568
16568
16272
16288
16688
16832
16448
16360
16864
17008
16680
16512
16944
17208
16944
16704
17008
17328
17016
16808
16976
17272
17120
16824
16816
17160
17064
16592
16448
16800
16808
16344
16144
16408
16584
16192
15896
16216
16424
16024
15824
16128
16320
16056
15784
15968
16256
16104
15792
15880
16272
16176
15840
15768
16104
16264
15872
15784
16120
16256
15920
15760
16080
16304
15936
15744
16064
16328
16080
15784
15952
16296
16168
15840
15864
16240
16200
15824
15768
16184
16224
15800
15688
16152
16288
15872
15712
16048
16288
15976
15704
15984
16224
15984
15712
15880
16224
16064
15768
15824
16192
16176
15816
15736
16176
16408
16032
15928
16336
16592
16272
16136
16488
16696
16432
16248
16456
16760
16480
16208
16360
16600
16480
16056
16104
16384
16264
15872
15824
16072
16176
15808
15616
16032
16176
15768
15584
15960
16160
15800
15568
15848
16192
15920
15672
15792
16032
15744
15568
16096
17240
18096
18720
19952
22128
23296
21328
18256
17256
16792
16296
16128
16392
16544
16128
15784
16088
16296
16032
15768
15896
16192
16024
15760
15840
16192
16152
15760
15760
16168
16320
15840
15736
16160
16368
15976
15816
16176
16416
16088
15872
16192
16424
16192
15904
16160
16536
16384
16088
16176
16528
16584
16240
16200
16616
16736
16424
16384
16784
16984
16656
16504
16904
17152
16880
16664
16960
17264
17056
16752
16904
17192
17048
16680
16680
16936
16856
16424
16344
16624
16616
16184
15952
16280
16480
16024
15776
16144
16320
15960
15720
16008
16272
15968
15720
15888
16216
16080
15720
15824
16216
16136
15776
15712
16104
16192
15776
15664
16048
16232
15864
15680
16024
16264
15880
15704
15976
16224
15960
15712
15936
16256
16080
15744
15824
16232
16192
15800
15752
16112
16224
15800
15760
16104
16232
15832
15688
16064
16264
15888
15720
15984
16208
15976
15688
15872
16224
16032
15752
15832
16136
16104
15720
15760
16120
16224
15768
15720
16192
16376
15976
15944
16264
16560
16288
16096
16352
16632
16416
16136
16408
16688
16536
16104
16200
16552
16456
16104
16008
16216
16264
15816
15720
16032
16224
15752
15640
15952
16144
15776
15592
15904
16160
15880
15656
15824
16168
15976
15672
15680
17080
16056
15888
16576
17720
18560
19240
20584
22720
23104
20056
17584
16848
16736
16272
16128
16360
16472
16144
15864
16008
16248
16096
15832
15904
16232
16160
15832
15888
16208
16264
15912
15800
16256
16400
16000
15864
16248
16448
16096
15952
16192
16376
16200
16024
16224
16448
16280
15928
16160
16496
16376
16112
16208
16536
16640
16328
16256
16608
16792
16480
16384
16792
16968
16680
16576
16872
17152
16888
16704
16960
17280
17136
16752
16920
17184
17112
16720
16648
16992
16896
16448
16352
16680
16704
16192
16056
16384
16440
16112
15944
16200
16328
16104
15816
16016
16264
16056
15864
15832
16160
16072
15704
15736
16080
16056
15600
15464
15800
15880
15512
15424
15808
15920
15536
15448
15752
15960
15720
15544
15784
16096
15888
15696
15824
16144
16088
15744
15736
16120
16152
15840
15744
16120
14160
16048
16584
16680
16632
16240
16048
16328
16496
16248
16080
16368
16640
16416
16112
16208
16440
16384
16016
15992
16352
16344
15960
15928
16320
16368
15984
15864
16280
16552
16280
16128
16480
16768
16528
16392
16704
16960
16736
16544
16632
16976
16936
16640
16600
16880
16904
16568
16424
16800
16760
16256
16048
16336
16480
16128
15896
16184
16448
16160
15896
16160
16392
16160
15880
15960
16328
16336
16040
15976
16304
16320
15840
15848
16752
17848
18320
19168
20808
22856
23144
20712
18344
17528
16752
16176
16304
16720
16576
16032
15856
16336
16432
15920
15768
16312
16512
15944
15680
16216
16560
16032
15640
16048
18472
16568
15856
16136
16576
16400
15944
16096
16520
16448
15968
15912
16440
16544
16000
15848
16376
16728
16296
15984
16520
16912
16440
16080
16552
16976
16552
16208
16656
17104
16848
16424
16704
17120
17008
16640
16704
17192
17304
16744
16656
17096
17256
16776
16480
16880
17008
16488
16136
16424
16712
16112
15792
16080
16408
16160
15816
16024
16352
16232
15848
15920
16320
16264
15896
15880
16208
16320
15816
15712
16176
16384
15936
15672
16112
16368
16024
15808
16096
16328
16088
15808
16040
16360
16192
15960
16064
16440
16328
15952
16016
16472
16576
16104
15976
16384
16576
16144
15968
16384
16576
16184
15952
16232
16488
16168
15832
16016
16352
16192
15824
15904
16264
16248
15792
15792
16144
16152
15816
15640
16080
16264
15832
15688
16152
16400
16056
15856
16264
16560
16256
16040
16344
16608
16440
16160
16208
16504
16504
16064
16032
16400
16376
15896
15744
16128
16280
15912
15680
16088
16288
15960
15672
16040
16384
16096
15776
15968
16328
16184
15904
15920
16296
16224
15624
15656
16528
17416
17784
18720
20288
22312
22880
20952
18576
17464
16680
16320
16648
16864
16552
16208
16288
16512
16296
16008
16112
16480
16432
16040
16032
16448
16480
16128
15992
16384
16600
16192
16016
16392
16656
16216
16056
16400
16680
16368
16136
16328
16704
16536
16192
16320
16728
16728
16320
16360
16776
16888
16464
16392
16840
17104
16704
16464
16984
17240
16912
16712
17072
17392
17192
16872
17088
17448
17328
16928
17072
17448
17392
16952
16800
17208
17264
16760
16504
16872
17008
16496
16184
16560
16768
16296
16064
16368
16664
16320
15936
16192
16552
16352
15912
15952
16440
16392
15920
15872
16336
16456
16040
15824
16288
16528
16072
15832
16328
16600
16096
15840
16288
16616
16296
15944
16224
16528
16400
16056
16088
16504
16416
16040
16024
16392
16520
16000
15856
16352
16528
15976
15736
16160
16456
16016
15744
16144
16496
16128
15736
15992
16352
16216
15768
15920
16328
16312
15744
15816
16224
16344
15840
15520
16128
16440
15984
15672
15904
16104
15744
15480
15832
16280
16072
15704
16016
16584
16464
16104
16184
16720
16816
16384
16312
16776
16832
16224
15976
16400
15200
15448
16760
17416
17488
16680
15680
16024
16664
16464
16120
16464
16992
16728
16136
16104
16448
16416
16064
16536
18072
19104
19472
20728
23024
23352
19960
17392
16952
17152
16568
16128
16448
16856
16392
15832
16072
16616
16408
15872
15952
16632
16704
16176
15952
16608
16896
16112
15880
16600
17000
16296
15856
16440
16928
16336
15928
16408
17016
16544
16048
16360
16960
16744
16176
16344
16936
16944
16376
16256
16952
17216
16528
16272
17000
17432
16736
16448
17128
17616
17064
16608
17128
17696
17320
16792
17144
17720
17496
16920
17016
17536
17536
16848
16680
17208
17392
16576
16192
16824
17112
16432
15960
16456
16944
16336
15832
16272
16744
16328
15848
16144
16664
16408
15856
15960
16624
16616
15912
15808
16464
16688
16016
15696
16368
16736
16064
15656
16336
16712
16144
15704
16152
16664
16208
15776
16056
16608
16408
15832
15920
16496
16544
15936
15840
16488
16680
16048
15784
16480
16776
16112
15728
16344
16744
16144
15720
16168
16672
16320
15840
16120
16600
16384
15824
15960
16512
16560
15960
15872
16512
16720
16040
15728
16376
16768
16168
15832
16448
16840
16408
15976
16512
17024
16664
16288
16560
17128
16888
16312
16464
17056
17008
16288
16200
16808
16976
16232
15952
16416
16760
16072
15672
16256
16624
16088
15600
16096
16592
16216
15624
15992
16528
16336
15768
15888
16480
16440
15768
15656
16168
16464
16240
16840
18304
19560
20112
21552
23200
22088
18664
16856
16712
17072
16680
16144
16440
16872
16496
15928
16016
16544
16536
15960
15840
16528
16656
16032
15752
16376
16752
16104
15760
16336
16816
16216
15824
16344
16824
16424
15936
16272
16784
16576
16032
16184
16712
16744
16160
16096
16800
17008
16360
16112
16800
17168
16536
16192
16816
17368
16824
16384
16968
17448
17112
16632
16952
17592
17352
16792
16920
17568
17472
16936
16816
17376
17536
16872
16440
17080
17344
16568
16184
16720
17056
16400
15888
16408
16832
16312
15848
16096
16640
16376
15856
16032
16552
16432
15872
15712
16408
16584
15872
15608
16288
16680
16016
15568
16192
16656
16064
15624
16104
16576
16168
15736
16000
16576
16296
15752
15920
16464
16440
15880
15800
16408
16584
15992
15720
16432
16720
16056
15680
16240
16616
16064
15696
16152
16664
16152
15632
16032
16520
16320
15736
15808
16432
16392
15800
15736
16392
16520
15880
15592
16272
16624
15912
15584
16184
16712
16192
15784
16320
16856
16480
16032
16368
16936
16728
16224
16344
16920
16856
16184
16032
16624
16808
16072
15760
16368
16632
15952
15472
16104
16480
15920
15472
15952
16416
15992
15488
15888
16424
16136
15584
15696
16320
16264
15656
15496
15960
16104
15744
16128
17640
18808
19264
20568
22736
22736
19368
16888
16616
16984
16432
15928
16288
16712
16392
15792
15968
16472
16392
15800
15760
16320
16512
15840
15648
16280
16664
15984
15624
16208
16656
16096
15712
16184
16624
16216
15744
16128
16656
16424
15880
16120
16696
16608
15992
15976
16696
16872
16232
16000
16696
17048
16384
16104
16720
17208
16656
16272
16816
17312
16904
16376
16816
17424
17096
16672
16800
17448
17376
16792
16696
17296
17432
16688
16408
16960
17216
16488
16088
16656
16936
16304
15880
16320
16792
16272
15696
16104
16592
16280
15744
15888
16416
16408
15752
15768
16328
16504
15808
15592
16264
16560
15856
15536
16144
16632
16016
15632
16096
16560
16120
15672
16024
16536
16288
15736
15936
16488
16392
15784
15776
16424
16544
15928
15664
16320
16624
15976
15632
16192
16672
16032
15616
16128
16616
16168
15680
16024
16568
16280
15696
15864
16480
16400
15784
15832
16480
16688
16080
15912
16616
16960
16352
16040
16752
17168
16488
16128
16632
17136
16592
16032
16392
16888
16536
15944
16040
16496
16400
15784
15744
16328
16504
15776
15584
16224
16520
15840
15496
16104
16536
15968
15536
16032
16520
15960
15512
15768
16264
16376
16648
17744
19168
20224
21352
22768
22528
19704
17232
16160
16672
17000
16400
16000
16432
16792
16048
15624
16128
16552
16032
15592
15928
16456
16192
15584
15808
16352
16328
15672
15656
16208
16320
15760
15528
16184
16520
15848
15512
16128
16584
16008
15576
16152
16672
16216
15712
16096
16656
16400
15880
16136
16664
16600
16096
16144
16800
16992
16360
16200
16872
17224
16664
16360
17008
17424
16872
16528
17056
17488
17000
16504
16864
17352
16944
16376
16544
16984
16840
16184
16080
16624
16720
15968
15808
16368
16600
16000
15624
16264
16632
15960
15544
16080
16592
16048
15576
15944
16456
16176
15632
15824
16344
16312
15696
15704
16288
16384
15768
15576
16240
16536
15896
15576
16192
16536
15976
15504
16088
16584
16112
15664
16016
16528
16216
15760
15928
16464
16336
15776
15760
16416
16528
15816
15632
16288
16616
15896
15592
16256
16616
16056
15600
16176
16616
16128
15632
16048
16520
16256
15776
15880
16520
16432
15904
15960
16688
16872
16272
16056
16784
17168
16544
16240
16864
17208
16624
16200
16768
17184
16608
16152
16496
17008
16624
15992
16112
16656
16512
15888
15864
16448
16592
15880
15616
16336
16584
15904
15576
16248
16640
15984
15616
16128
16632
16080
15568
15816
16416
16440
16752
17896
19232
20288
21440
22752
22440
19376
16952
15856
16400
16760
16104
15664
16256
16808
16392
16312
16160
15384
14632
14352
14768
15392
15264
14872
15280
16032
16056
15568
15608
16272
16560
16000
15928
16824
17384
16680
16152
16680
16920
16272
15824
16328
16800
16336
15848
16312
16872
16608
16168
16472
17088
17056
16520
16512
17096
17312
16624
16440
17088
17472
16896
16544
17184
17688
17144
16696
17248
17712
17240
16768
17016
17552
17200
16592
16744
17160
16960
16312
16272
16800
16856
16160
15888
16520
16752
16088
15736
16288
16696
16120
15728
16168
16656
16184
15680
16080
16608
16296
15720
15936
16528
16392
15848
15784
16432
16536
15944
15712
16344
16616
15936
15624
16168
16648
16096
15648
16136
16664
16152
15672
16112
16592
16280
15816
15984
16520
16432
15856
15856
16432
16608
15928
15760
16384
16616
16064
15608
16232
16656
16064
15656
16152
16680
16152
15696
16080
16624
16288
15744
15936
16512
16400
15816
15912
16488
16552
15912
15776
16416
16664
15976
15568
16256
16744
16072
15728
16304
16792
16344
15888
16368
16976
16688
16128
16368
17016
16880
16216
16216
16816
16960
16304
16024
16632
16936
16248
15864
16312
16672
16096
15664
16128
16592
16088
15600
15976
16480
16160
15656
15872
16448
16240
15688
15736
16344
16456
15760
15584
16112
16376
15920
16272
17744
19048
19512
20568
22808
23184
20008
17448
16800
17016
16688
16160
16256
16752
16480
15856
15856
16448
16560
15896
15672
16296
16608
15984
15680
16248
16616
16064
15648
16208
16632
16176
15712
16152
16680
16320
15800
16032
16664
16520
15944
15984
16544
16704
16096
15912
16528
16832
16208
15968
16600
17040
16408
16064
16632
17208
16656
16240
16704
17248
16952
16472
16760
17320
17192
16736
16800
17400
17456
16808
16600
17320
17528
16752
16368
16896
17312
16584
16064
16568
16912
16352
15840
16216
16608
16208
15712
15944
16464
16320
15688
15696
16320
16400
15736
15552
16168
16448
15784
15488
16048
16408
15872
15480
16008
16464
15960
15512
15872
16472
16056
15536
15760
16320
16128
15544
15672
16208
16304
15680
15536
16200
16432
15808
15464
16080
16488
15888
15464
15960
16488
15992
15536
15912
16376
16024
15496
15824
16368
16200
15624
15664
16280
16312
15720
15544
16192
16424
15744
15432
16104
16416
15848
15392
16016
16392
15880
15384
15912
16352
15976
15480
15712
16296
16144
15616
15624
16264
16400
15864
15672
16328
16640
16040
15768
16384
16904
16288
15832
16432
16904
16368
15792
16192
16656
16272
15696
15824
16352
16184
15584
15592
16136
16240
15576
15368
15976
16272
15552
15208
15928
16312
15664
15312
15856
16352
15824
15336
15592
15936
15672
15512
16456
17880
18648
19280
21080
22968
21664
18280
16504
16584
16720
16040
15720
16336
16616
15864
15424
15968
16424
15856
15384
15864
16344
15992
15432
15696
16264
16104
15480
15608
16240
16304
15680
15480
16168
16432
15784
15576
16096
16560
15952
15536
16144
16632
16072
15592
16120
16592
16288
15800
16128
16736
16504
15960
16120
16680
16792
16256
16160
16776
17128
16432
16232
16816
17296
16680
16208
16856
17344
16864
16392
16784
17280
16880
16336
16504
16992
16728
16120
16064
16616
16568
15912
15680
16264
16504
15800
15464
16016
16384
15824
15400
15896
16368
15808
15352
15816
16352
15936
15360
15640
16256
16096
15496
15536
16128
16152
15624
15424
16056
16368
15640
15400
16064
16392
15728
15360
15928
16376
15848
15448
15864
16336
15968
15472
15776
16304
16120
15568
15664
16240
16208
15576
15424
16136
16400
15704
15400
16000
16472
15800
15384
15904
16360
15824
15360
15768
16328
15976
15456
15728
16240
16072
15544
15592
16200
16224
15664
15640
16288
16544
16016
15704
16344
16744
16144
15808
16408
16824
16336
15896
16328
16800
16312
15784
16088
16560
16320
15616
15664
16216
16280
15656
15472
16008
16264
15632
15312
15960
16272
15720
15280
15864
16328
15776
15376
15784
16200
15880
15232
15400
16104
16448
16840
17680
19264
20528
21824
22472
21048
18552
16632
15848
16432
16912
16176
15720
16144
16512
15984
15488
15856
16352
15992
15528
15736
16296
16104
15608
15648
16312
16328
15704
15568
16128
16456
15816
15480
16136
16520
15928
15592
16136
16616
16032
15584
16088
16640
16264
15752
16056
16640
16400
15904
16008
16648
16744
16176
16000
16704
17000
16432
16184
16840
17256
16648
16296
16904
17336
16864
16408
16872
17368
16992
16528
16752
17208
16944
16296
16360
16840
16728
16072
15912
16472
16648
15896
15544
16176
16568
15832
15392
16040
16480
15936
15392
15896
16336
16008
15448
15752
16304
16080
15520
15528
16160
16208
15624
15464
16096
16344
15680
15352
16024
16392
15752
15368
15976
16384
15856
15416
15896
16376
16008
15488
15784
16384
16112
15584
15552
16296
16272
15672
15528
16184
16352
15744
15408
16088
16496
15848
15376
15968
16424
15904
15408
15888
16392
16016
15512
15768
16280
16096
15496
15704
16264
16312
15648
15496
16160
16416
15712
15456
15992
16408
15808
15440
15960
16552
16024
15648
16120
16672
16296
15840
16200
16760
16648
16088
16104
16760
16800
16136
15896
16488
16728
16040
15728
16256
16544
15872
15480
16040
16448
15872
15448
16104
16432
16000
15400
15824
16336
16064
15384
15712
16280
16264
15440
15568
16104
16240
15384
15440
16600
17880
17976
18688
20632
22920
22880
20032
18032
17360
16560
15840
16328
16800
16448
15656
15848
16408
16376
15656
15608
16344
16480
15832
15520
16184
16592
15944
15536
16120
16608
15984
15616
16064
16576
16152
15680
16016
16632
16408
15792
15896
16616
16608
16016
15824
16536
16768
16176
15840
16544
16904
16352
15944
16600
17128
16544
16200
16608
17312
16856
16400
16712
17368
17192
16664
16744
17400
17360
16800
16704
17344
17504
16856
16488
17064
17376
16664
16176
16640
17088
16432
15880
16256
16760
16264
15792
16000
16552
16304
15768
15808
16440
16384
15752
15608
16344
16520
15872
15512
16160
16584
15880
15536
16048
16576
15976
15552
15992
16568
16072
15544
15888
16488
16248
15696
15744
16360
16352
15800
15640
16256
16512
15896
15640
16240
16616
15952
15544
16112
16680
16016
15600
16056
16568
16168
15656
15912
16496
16296
15744
15776
16416
16344
15728
15640
16288
16512
15816
15552
16176
16600
15936
15520
16072
16616
16040
15592
16016
16568
16112
15600
15880
16496
16240
15696
15784
16456
16384
15792
15648
16304
16496
15848
15616
16248
16688
16120
15768
16336
16872
16376
15960
16376
16984
16568
16104
16384
16976
16728
16152
16160
16760
16736
16080
15936
16520
16600
15936
15648
16248
16576
15928
15520
16048
16568
15944
15472
15920
16480
16056
15560
15848
16440
16216
15640
15768
16240
16152
15560
15832
17184
18288
18528
19344
21672
23520
22120
18736
17528
17248
16488
16104
16440
16944
16360
15800
16064
16584
16320
15776
15872
16496
16424
15840
15736
16360
16592
15984
15680
16320
16728
16072
15704
16216
16728
16144
15744
16184
16760
16320
15816
16072
16776
16528
15976
16072
16712
16696
16128
16032
16720
16944
16296
16088
16744
17168
16544
16176
16848
17392
16800
16456
16880
17512
17080
16624
16944
17592
17328
16768
16896
17480
17408
16784
16608
17248
17320
16568
16232
16824
17112
16384
15912
16384
16880
16224
15776
16120
16664
16168
15712
15984
16552
16256
15720
15888
16488
16384
15800
15664
16304
16560
15880
15544
16224
16632
15952
15592
16120
16584
16000
15536
16016
16584
16080
15600
15920
16520
16288
15712
15824
16400
16392
15832
15736
16352
16512
15896
15640
16248
16664
15968
15560
16128
16656
16064
15616
16040
16568
16128
15688
15968
16520
16224
15736
15872
16424
16352
15752
15680
16344
16488
15848
15592
16176
16608
15896
15552
16064
16584
15992
15536
16008
16536
16096
15624
15896
16472
16240
15672
15792
16392
16376
15768
15720
16336
16536
15984
15704
16344
16808
16200
15848
16448
16960
16384
16032
16512
17088
16624
16112
16416
16904
16544
15992
16064
16680
16544
15824
15736
16336
16496
15760
15496
16144
16472
15864
15448
16000
16552
15928
15488
15952
16568
16032
15624
15872
16456
16096
15456
15544
16296
16816
17112
17880
19616
21264
22352
22096
19968
18176
16576
16048
16472
17032
16416
15904
16216
16712
16176
15712
16056
16560
16248
15728
15864
16464
16432
15872
15816
16424
16624
15960
15712
16368
16672
16064
15768
16312
16784
16144
15680
16240
16768
16344
15872
16240
16824
16528
16016
16224
16808
16752
16168
16184
16832
17064
16424
16224
16888
17336
16592
16360
16936
17480
16896
16480
16976
17568
17128
16704
16968
17560
17272
16728
16840
17312
17200
16624
16504
16984
17088
16400
16032
16544
16936
16240
15816
16312
16824
16168
15776
16200
16656
16184
15752
16104
16616
16304
15752
15928
16488
16400
15800
15816
16344
16552
15920
15672
16280
16648
16016
15624
16256
16752
16048
15608
16128
16768
16256
15728
16096
16616
16376
15880
16032
16584
16520
15928
15872
16496
16632
15976
15800
16384
16744
16040
15720
16208
16728
16112
15720
16192
16680
16224
15768
16112
16656
16336
15744
16016
16592
16440
15832
15848
16432
16664
15976
15688
16296
16680
16024
15648
16216
16720
16096
15720
16216
16808
16400
15952
16360
16920
16656
16104
16344
16936
16872
16344
16256
16824
16912
16272
15992
16576
16904
16280
15848
16272
16720
16048
15624
16096
16576
16120
15688
16008
16544
16208
15680
15904
16384
16312
15728
15808
16352
16488
15840
15552
16032
16536
16328
16856
18184
19672
20264
21656
23152
22080
18720
16872
16624
17032
16816
16200
16328
16776
16632
15992
15952
16488
16656
16032
15816
16376
16744
16096
15784
16296
16800
16184
15776
16296
16800
16336
15864
16288
16824
16512
15968
16216
16720
16672
16136
16144
16720
16904
16256
16104
16648
17040
16424
16136
16696
17248
16584
16248
16736
17328
16880
16440
16872
17376
17192
16704
16968
17504
17488
16904
16912
17464
17672
17024
16800
17384
17648
16944
16520
17000
17416
16720
16232
16632
17008
16472
15976
16304
16776
16432
15896
16088
16600
16472
15872
15840
16472
16576
15968
15736
16384
16608
16008
15688
16296
16624
16056
15688
16240
16672
16152
15696
16128
16624
16256
15776
16000
16512
16408
15920
15880
16512
16584
15960
15800
16440
16736
16064
15752
16368
16792
16152
15720
16312
16744
16272
15832
16176
16624
16376
15888
16144
16592
16432
15856
15904
16512
16576
15952
15768
16384
16728
16048
15728
16304
16752
16160
15744
16288
16672
16216
15792
16248
16776
16640
15608
15728
16720
16464
15712
15560
16096
16192
15688
15584
16384
16704
16112
15760
16344
16768
16312
15512
16232
16968
16496
16016
16360
16808
16312
15720
15920
16432
16264
15656
15656
16136
16104
15472
15336
15960
16224
15528
15224
15872
16256
15648
15280
15840
16304
15824
15416
15856
16312
15920
15400
15576
15992
15904
15752
16640
18064
19072
19624
21272
23120
22272
18504
16680
16576
16832
16176
15744
16096
16432
15792
15288
15688
16104
15736
15232
15480
16056
15848
15312
15328
15888
15936
15320
15176
15840
16112
15488
15232
15872
16328
15688
15416
16016
16472
15968
15600
16056
16552
16248
15776
16096
16672
16520
16008
16112
16728
16840
16192
16112
16800
17096
16512
16288
17000
17376
16808
16416
17064
17576
17048
16656
17128
17648
17280
16816
17080
17552
17272
16688
16704
17216
17128
16440
16232
16784
16968
16248
15904
16392
16720
16104
15728
16168
16600
16048
15616
16112
16520
16152
15560
16064
16472
16312
15688
16008
16312
16424
15824
15992
16152
16536
15880
15880
16144
16608
15976
15648
16160
16624
16120
15576
16120
16592
16264
15648
16184
16472
16384
15784
16200
16384
16504
15880
16088
16304
16664
15992
15872
16216
16728
16096
15720
16224
16664
16136
15688
16200
16600
16232
15688
16248
16480
16336
15752
16176
16416
16496
15832
16000
16264
16680
16008
15872
16352
16784
16160
15792
16400
16728
16176
15680
16312
16680
16288
15704
16296
16520
16376
15832
16232
16440
16576
16032
16256
16592
16880
16296
16144
16640
17064
16488
16136
16752
17160
16664
16072
16656
16920
16544
16064
16576
16760
16520
15912
16304
16520
16600
15960
16008
16320
16608
15968
15760
16224
16640
16024
15600
16256
16640
16064
15560
16256
16488
15984
15400
16272
17192
17976
18184
19616
21392
23192
22528
19784
18048
17440
16488
16272
16792
17072
16336
15840
16440
16760
16216
15680
16376
16680
16312
15720
16360
16520
16384
15872
16216
16432
16608
16016
16104
16424
16728
16064
15840
16416
16808
16200
15792
16448
16848
16352
15848
16576
16824
16472
15976
16608
16784
16704
16176
16568
16896
17000
16424
16528
17000
17304
16656
16472
17120
17552
16928
16560
17248
17616
17136
16632
17344
17536
17160
16600
17160
17304
17072
16400
16704
16928
16912
16176
16176
16496
16752
16064
15712
16304
16600
15992
15512
16216
16536
15984
15488
16248
16440
16112
15568
16152
16304
16248
15656
15984
16272
16384
15768
15712
16232
16432
15776
15560
16208
16520
15840
15416
16216
16528
15968
15456
16168
16416
16072
15608
16192
16336
16192
15680
15984
16280
16360
15736
15776
16224
16480
15800
15488
16200
16544
15880
15424
16176
16432
15920
15392
16168
16400
16032
15480
16096
16280
16160
15592
15896
16216
16288
15688
15640
16152
16368
15800
15456
16152
16424
15784
15360
16208
16408
15880
15408
16184
16416
16008
15488
16048
16272
16152
15608
15864
16216
16280
15704
15608
16232
16496
15872
15624
16392
16728
16096
15688
16512
16912
16384
15880
16632
16808
16384
15848
16416
16576
16392
15856
16048
16304
16320
15648
15560
16136
16352
15656
15344
16112
16336
15728
15344
16128
16328
15808
15392
16160
16304
15912
15368
15880
15992
15912
15912
17048
18216
19376
20120
21856
22936
20736
17624
16240
16712
16800
16192
15776
16520
16672
16000
15528
16272
16432
16064
15568
16168
16336
16160
15696
15928
16344
16368
15800
15728
16328
16512
15832
15512
16352
16584
16024
15568
16424
16600
16120
15672
16472
16616
16264
15872
16456
16664
16488
16040
16256
16712
16744
16192
16136
16800
17040
16456
16160
17040
17288
16720
16312
17192
17360
16856
16456
17232
17424
17080
16592
17120
17336
17088
16496
16656
17024
16960
16328
16088
16712
16800
16088
15744
16464
16608
15992
15528
16376
16528
16008
15496
16264
16448
16064
15576
16136
16392
16176
15616
15832
16304
16272
15648
15576
16304
16424
15744
15424
16312
16464
15832
15432
16280
16464
15944
15496
16248
16424
16112
15640
16184
16416
16192
15672
15896
16424
16352
15760
15608
16336
16488
15832
15480
16312
16480
15896
15472
16328
16432
15928
15544
16312
16400
16016
15544
16072
16384
16192
15664
15800
16304
16272
15704
15568
16344
16400
15808
15480
16344
16464
15784
15416
16336
16472
15912
15464
16296
16528
16224
15792
16328
16592
16448
16008
16160
16760
16736
16136
16064
16856
16872
16160
15808
16608
16816
16184
15744
16488
16456
15952
15544
16256
16392
15968
15456
16040
16392
16128
15584
15720
16352
16280
15696
15552
16336
16392
15744
15368
16176
16232
15800
16040
17824
18744
19296
20296
22832
23464
20752
17664
16952
16952
16696
16192
16272
16752
16560
15904
15728
16520
16520
15816
15616
16488
16528
15912
15576
16488
16608
16088
15680
16360
16568
16232
15736
16224
16608
16360
15880
16016
16640
16536
16008
15904
16728
16712
16120
15816
16752
16824
16304
15872
16824
16968
16440
16080
16840
17088
16648
16304
16752
17256
16968
16520
16720
17384
17312
16728
16656
17472
17504
16928
16560
17456
17496
16800
16376
17208
17256
16608
16152
16712
16920
16416
15872
16232
16664
16336
15832
15912
16464
16384
15808
15648
16456
16392
15816
15520
16472
16464
15904
15480
16400
16528
15936
15528
16264
16456
16064
15608
16016
16488
16216
15640
15808
16496
16312
15712
15640
16512
16424
15840
15584
16512
16552
15896
15544
16440
16568
16040
15632
16288
16568
16120
15624
16016
16528
16216
15720
15872
16544
16368
15760
15616
16496
16416
15784
15576
16432
16512
15864
15544
16344
16488
15976
15528
16184
16504
16024
15544
15968
16472
16128
15696
15736
16536
16280
15752
15656
16496
16392
15776
15568
16544
16504
15952
15584
16504
16728
16256
15840
16496
16888
16472
16064
16392
17008
16672
16200
16280
17056
16768
16144
16016
16912
16808
16120
15784
16584
16592
15960
15584
16344
16488
15944
15544
16032
16400
15944
15512
15872
16448
16104
15584
15672
16472
16200
15576
15344
16224
16416
16528
17272
19032
20152
21136
22480
23120
20472
17816
16336
16608
17096
16592
15976
16224
16720
16320
15800
15864
16656
16336
15776
15680
16576
16424
15864
15576
16600
16536
16008
15640
16424
16624
16096
15688
16296
16720
16272
15832
16168
16824
16432
15912
16080
16896
16560
16144
16080
16992
16752
16120
15832
16760
16992
16448
16160
16896
17256
16720
16352
16800
17272
16912
16224
16840
17688
17088
16864
16920
17696
17496
16856
16728
17704
17456
16744
16424
17176
17032
16360
16016
16712
16880
16112
15800
16304
16736
16120
15752
16048
16560
16240
15720
15824
16624
16344
15784
15696
16568
16408
15704
15512
16408
16440
15864
15736
16232
16424
16000
15536
15992
16640
16144
15784
15832
16648
16280
15920
16032
16776
16536
15888
15800
16872
16720
15920
15832
16664
16840
16144
15744
16408
16840
16288
15928
16328
16832
16272
15832
16256
16960
16368
16000
15992
16808
16648
16016
16072
16664
16912
16128
15976
16552
16856
16184
15784
16480
16960
16384
15888
16216
16672
16376
15800
16144
16696
16568
15912
16008
16872
16784
16104
16152
16744
16920
16224
16088
16872
17232
16688
16304
16784
17416
16824
16440
17024
17360
17016
16272
16808
17256
16888
16384
16536
16960
16696
16088
16128
16496
16800
16160
15888
16496
16792
16144
15728
16424
16784
16248
15856
16368
16936
16368
15816
16008
16624
16264
15968
17056
18512
19248
19904
21592
23480
22888
19296
17480
17312
17464
16728
16160
16928
17440
16456
15784
16560
16768
16512
15976
16288
16848
16488
16168
16416
17008
16864
16208
16288
16704
16904
16320
16112
16608
17136
16408
16144
16696
17104
16488
16144
16544
17264
16648
16312
16784
17096
16864
16392
16640
17216
17120
16624
16656
17344
17424
16808
16720
17440
17712
17080
16808
17480
17912
17344
17000
17608
17944
17608
17080
17472
17968
17456
17000
17088
17552
17424
16752
16664
17144
17056
16392
16192
16776
17112
16368
15960
16504
16936
16288
15912
16352
16880
16264
15920
16288
16584
16520
15896
16024
16736
16336
15856
16016
16752
17128
16304
15960
16424
16784
16208
15920
16464
16792
16184
15896
16104
17104
16448
16120
16384
16888
16536
16056
16264
16904
16776
16152
16160
16824
16944
16216
15984
16680
16880
16328
15904
16464
16960
16232
15880
16560
16880
16216
15744
16384
16992
16520
15856
16192
16792
16600
15984
16016
16696
16776
16080
15872
16544
16848
16192
15968
16480
17080
16432
16224
16712
17216
16760
16520
17024
17360
17008
16640
16616
17320
17040
16440
16520
17008
16952
16416
15992
16536
16944
16176
15936
16496
16848
16152
15840
16368
16800
16264
15832
16312
16768
16328
15920
16096
16704
16256
15576
15744
16592
17432
17496
18384
19776
21648
22392
21440
19640
18272
16784
16264
16856
17272
16624
16120
16504
17048
16496
15976
16232
16936
16512
15952
16064
16784
16728
16024
15944
16656
16864
16112
15848
16568
16968
16248
15936
16488
17040
16440
16096
16448
17144
16584
16136
16336
17040
16704
16240
16296
17016
16920
16416
16320
16992
17216
16536
16344
17000
17456
16752
16536
17088
17592
16992
16656
17112
17696
17144
16672
17016
17784
17392
16768
16776
17360
17288
16648
16424
16960
17120
16336
16024
16592
16848
16120
15752
16312
16920
16136
15680
16064
16736
16104
15680
15936
16680
16264
15752
15792
16520
16376
15808
15632
16288
16544
15808
15528
16136
16576
15880
15512
16072
16616
15976
15568
15984
16648
16040
15560
15960
16656
16184
15696
15696
16368
16280
15752
15552
16280
16512
15880
15632
16200
16560
15808
15576
16112
16704
15912
15600
16024
16680
16040
15688
16016
16784
16432
15952
16040
16848
16760
16216
16120
16792
16984
16416
16112
16760
17072
16152
15872
16392
16904
16120
15712
15976
16640
15944
15576
15856
16472
15992
15544
15640
16296
16216
15616
15512
16168
16448
15744
15424
16072
16416
15512
15200
16144
17472
17568
18048
19632
22128
22696
21152
18504
17640
16712
16016
16088
16792
16576
15840
15648
16248
16576
15776
15512
16136
16624
15880
15504
16048
16744
15936
15536
16016
16736
16016
15672
15880
16592
16256
15808
15904
16512
16472
15896
15880
16568
16904
16072
15736
16424
17032
16136
15624
16408
17032
16296
16024
16432
17192
16584
16152
16536
17216
16896
16424
16640
17456
17472
16768
16592
17248
17560
16992
16688
17152
17672
16720
16392
16856
17576
16656
16224
16592
17200
16536
16072
16144
16688
16376
15792
15832
16472
16400
15744
15656
16264
16512
15776
15560
16144
16648
15784
15504
16072
16640
15824
15480
15944
16616
15928
15576
15872
16488
16160
15648
15680
16320
16360
15712
15608
16240
16528
15752
15528
16192
16688
15840
15536
16112
16768
15952
15576
15968
16568
15992
15600
15864
16432
16120
15632
15672
16408
16472
15792
15760
16400
16768
16080
15880
16584
17176
16336
16096
16608
17160
16384
16056
16408
16992
16320
15936
16112
16608
16168
15624
15680
16208
16272
15560
15448
16080
16352
15592
15376
16000
16512
15616
15384
15928
16560
15704
15288
15680
16232
15688
15688
16752
18144
18848
19480
21264
22928
21352
17944
16576
16640
16816
16040
15792
16344
16848
15800
15448
15976
16616
15776
15448
15840
16456
15816
15312
15712
16304
16056
15480
15576
16248
16296
15520
15464
16136
16512
15688
15456
16088
16712
15784
15528
16072
16736
15888
15560
16064
16728
16136
15736
16048
16696
16424
15856
16016
16704
16832
16168
16096
16736
17152
16312
16224
16856
17472
16544
16336
16944
17616
16768
16360
16784
17384
16760
16304
16496
17000
16656
16016
16032
16528
16512
15776
15696
16336
16608
15712
15432
16040
16680
15696
15352
15976
16624
15792
15432
16040
16792
16192
15520
15320
16072
15984
15344
15400
16088
16256
15408
15376
16016
16576
15736
15424
16072
16656
15800
15552
16176
16904
15944
14816
15536
16240
15752
15368
15624
16176
15944
15264
15456
16048
16392
15704
15432
16096
16536
15624
15384
16120
16784
15856
15680
16248
16864
16096
15832
16224
16656
16128
15584
15856
16296
16000
15408
15520
16016
16096
15256
15208
15840
16216
15200
14952
15616
16288
15240
15000
15672
16368
15568
15192
15728
16152
15480
14952
15312
16216
16544
16816
17544
19536
21512
22200
21032
18840
17672
15864
15456
16176
17016
16040
15600
15736
16296
15528
14992
15808
16280
15648
15344
15512
16376
15784
15616
15568
15576
16216
15600
16192
16504
16448
15400
15336
15840
16848
16112
15944
16408
17088
16072
15904
16608
17192
16352
15784
16032
17048
16864
16152
16136
16992
17304
16584
16368
16872
17416
16328
16272
16944
17504
16728
16384
16968
17512
16840
16568
16960
17496
17024
16528
16760
17336
17104
16368
16392
16944
17024
16200
16032
16608
16920
15968
15672
16232
16792
15912
15624
16200
16728
15920
15480
15968
16584
16376
15752
16000
16488
16440
15880
16136
16680
16680
15496
15216
15928
16496
15512
15200
15888
16504
15608
15280
15808
16216
15568
15144
15464
16048
15704
15224
15584
16176
16128
15384
15400
16056
16256
15392
15344
16048
16464
15480
15296
15968
16616
15720
15352
16072
16552
15872
15512
16048
16552
16320
15672
16056
16616
16432
15744
15864
16448
16584
15744
15592
16272
16504
15656
15312
15984
16304
15648
15224
15760
16216
15640
15192
15632
16128
15800
15256
15472
16096
15992
15352
15288
15784
15952
15784
16544
18056
19432
20120
21632
23128
22088
18472
16512
16312
16872
16448
15840
16104
16400
16144
15528
15672
16144
16032
15320
15480
16072
16152
15608
15648
16480
16608
15648
15184
16096
16600
15904
15280
15872
16176
15808
15368
15752
16272
16040
15624
15896
16592
16392
15808
15984
16392
16576
15752
15560
16224
16616
16008
15792
16464
16944
16312
15928
16520
17056
16600
16168
16616
17136
16848
16280
16552
17120
17040
16392
16456
17016
17000
16336
16128
16728
16888
16136
15744
16368
16704
15952
15552
16080
16544
15936
15472
15888
16336
16048
15496
15720
16208
16080
15560
15552
16192
16280
15376
15288
15864
16136
15576
15400
15856
16656
16080
15352
15864
16352
15888
15320
15912
16368
16072
15352
15464
16312
16176
15184
15512
16224
16184
15888
15584
16240
16440
15672
15624
16224
16480
16104
15840
16376
16808
16368
15984
16496
17072
16608
16064
16304
17192
17056
16368
16216
16800
16960
16232
16112
16480
16536
15896
15536
16248
16472
15952
15552
16000
16440
15992
15552
15944
16304
16144
15504
15752
16256
16256
15696
15656
16128
16320
15744
16136
17568
18920
19344
20368
22936
23480
20592
17600
16984
16896
16592
16024
16472
16928
16440
15896
16104
16456
16424
15768
15864
16408
16568
15880
15720
16304
16640
16000
15616
16296
16600
16152
15632
16176
16656
16216
15720
16112
16552
16400
15816
16000
16400
16488
15888
15896
16536
16656
16048
15856
16512
16840
16184
15840
16576
16944
16496
15968
16656
17144
16808
16208
16720
17168
17024
16544
16744
17216
17360
16568
16664
17216
17384
16616
16296
16880
17184
16472
15824
16504
16880
16152
15600
16176
16448
16112
15416
15904
16376
16176
15416
15768
16248
16344
15592
15584
15968
16488
15680
15400
16176
16384
15744
15080
15984
16096
15792
14696
15840
16064
15840
15088
15696
16024
16072
15272
15624
16104
16128
15392
15496
16032
16312
15592
15224
15888
16256
15864
15160
16160
16632
16136
15568
16208
16608
16424
15712
16256
16784
16544
15976
16320
16776
16888
16096
16048
16656
16840
16176
15776
16448
16752
16008
15432
16008
16480
15952
15352
15984
16384
16032
15328
15864
16216
16128
15440
15632
16208
16192
15496
15400
15952
16096
15384
15520
16936
18112
18320
19008
21544
23136
21272
18048
17064
16768
16336
15696
16176
16408
16312
15600
15776
16080
16192
15688
15632
16480
16032
15600
15728
16280
16344
15776
15464