15752
16048
16288
16000
15760
16040
16344
16096
15792
16024
16360
16216
15936
16024
16320
16296
15984
16008
16408
16448
16096
16008
16440
16552
16272
16064
16448
16720
16408
16192
16480
16840
16632
16400
16648
16984
16872
16656
16864
17256
17208
16920
17032
17520
17648
17336
17320
17664
17880
17648
17520
17856
18176
17856
17568
17832
18048
17672
17320
17320
17520
17256
16768
16776
16968
16880
16376
16384
16576
16592
16176
16072
16368
16432
16104
15856
16216
16400
16160
15848
16128
16424
16128
15824
16040
16384
16216
15936
15952
16296
16288
15960
15944
16312
16304
15960
15872
16208
16384
16088
15848
16152
16408
16120
15840
16064
16424
16168
15848
16032
16296
16168
15872
15976
16264
16200
15872
15896
16224
16296
15896
15832
16120
16352
15976
15776
16040
16232
15960
15744
16000
16256
16032
15768
15976
16328
16224
15968
16064
16448
16368
15968
15976
16416
16528
16240
16024
16312
16480
16088
15824
16096
16376
16016
15736
15944
16240
15952
15616
15752
16128
15968
15704
15720
16072
16064
15736
15720
16024
16008
15528
15400
15960
16536
17024
17832
19360
20696
20392
19064
18192
17520
16216
15312
15568
16048
16024
15880
16032
16344
16280
15896
15896
16216
16304
15928
15840
16192
16384
16024
15848
16144
16392
16080
15792
16168
16440
16160
15912
16112
16416
16240
16000
16120
16480
16480
16136
16088
16504
16576
16240
16200
16512
16680
16392
16224
16600
16856
16608
16408
16736
17136
16912
16688
16928
17368
17256
17016
17184
17560
17624
17328
17408
17760
17904
17640
17624
17960
18184
17784
17616
17928
18096
17696
17288
17440
17576
17264
16760
16824
17024
16800
16376
16336
16672
16528
16160
16056
16360
16416
16024
15920
16200
16384
16048
15832
16128
16392
16112
15872
16120
16376
16120
15880
16048
16384
16224
15920
16000
16408
16280
15944
15912
16296
16352
16024
15880
16200
16384
16096
15872
16176
16392
16008
15800
16128
16360
16152
15824
16048
16360
16208
15888
15952
16328
16256
15944
15888
16232
16320
16008
15856
16168
16360
16032
15800
16072
16360
16072
15800
16056
16320
16136
15800
15968
16224
16152
15856
15880
16256
16144
15896
15864
16208
16248
15904
15752
16088
16304
15912
15712
16032
16344
16016
15728
15968
16256
16032
15744
15896
16232
16096
15816
15880
16208
16184
15800
15800
16136
16232
15856
15704
16016
16248
15912
15728
16000
16264
15944
15704
15984
16248
16024
15704
15944
16208
16112
15760
15824
16216
16144
15808
15760
16088
16192
15864
15696
16064
16208
15872
15696
16016
16280
15944
15664
15936
16288
16016
15744
15872
16160
16048
15776
15864
16184
16144
15840
15768
16096
16176
15864
15704
16032
16224
15928
15744
16128
16408
16192
15856
16048
16344
16184
15976
16160
16376
16192
15880
15936
16176
16040
15816
15752
16096
16144
15744
15584
15840
16088
15712
15488
15768
16056
15752
15504
15728
16024
15736
15232
15376
15872
16136
16624
17712
19344
20464
20192
19000
18288
17424
16072
15152
15528
15984
15768
15600
15952
16224
15888
15600
15816
16128
15880
15600
15720
16040
15944
15624
15664
15984
16048
15696
15624
15976
16056
15744
15592
15976
16160
15800
15608
15944
16256
15968
15712
15912
16232
16064
15784
15928
16264
16168
15912
16008
16288
16344
16048
16064
16456
16624
16280
16240
16624
16888
16672
16432
16824
17128
16968
16736
17088
17424
17232
17056
17272
17672
17576
17288
17440
17744
17776
17400
17288
17584
17600
17144
16896
17056
17128
16672
16320
16472
16632
16192
15872
16032
16304
15952
15640
15792
16096
15936
15592
15608
15936
15968
15616
15520
15904
15992
15672
15504
15752
16008
15688
15456
15760
16032
15760
15400
15632
16032
15808
15480
15664
15952
15840
15560
15544
15888
15848
15544
15512
15840
15896
15568
15392
15736
15952
15608
15336
15664
15920
15640
15352
15584
15904
15632
15392
15504
15880
15712
15376
15392
15792
15736
15400
15328
15696
15768
15384
15280
15616
15808
15456
15240
15544
15752
15528
15232
15496
15736
15568
15232
15432
15752
15672
15328
15368
15704
15760
15368
15328
15664
15800
15472
15296
15568
15800
15520
15264
15568
15864
15528
15256
15512
15792
15608
15312
15432
15752
15664
15368
15400
15760
15832
15544
15432
15776
15912
15656
15520
15912
16072
15688
15424
15640
15928
15640
15336
15576
15784
15584
15304
15360
15688
15568
15240
15288
15608
15640
15336
15264
15616
15720
15280
14944
15208
15616
15736
16264
17648
19144
20048
19848
19000
18136
16976
15624
15064
15408
15528
15352
15448
15904
15912
15528
15400
15736
15888
15560
15384
15648
15936
15600
15368
15648
15928
15672
15416
15664
15968
15784
15496
15600
15912
15872
15552
15576
15984
15992
15712
15632
16016
16120
15768
15688
16016
16224
15944
15752
16072
16432
16176
15904
16176
16528
16392
16192
16368
16704
16704
16488
16600
17008
17056
16776
16792
17240
17392
17112
17000
17408
17712
17400
17200
17512
17768
17496
17216
17280
17488
17200
16784
16744
16968
16704
16288
16232
16440
16320
15952
15760
16064
16176
15784
15560
15840
16056
15696
15512
15720
16000
15760
15512
15688
15992
15808
15528
15640
15984
15896
15552
15584
15960
16008
15712
15552
15896
16064
15688
15552
15864
16096
15768
15544
15808
16112
15832
15512
15744
16080
15880
15592
15704
16040
15968
15648
15640
15952
15960
15648
15592
15904
16072
15624
15512
15832
16072
15720
15448
15784
16040
15752
15488
15672
16000
15816
15504
15640
15960
15904
15552
15592
15944
15936
15608
15512
15880
15984
15656
15472
15784
16056
15744
15544
15760
16040
15768
15528
15744
16016
15784
15536
15632
16032
15936
15592
15536
15936
16016
15680
15536
15864
16008
15720
15528
15824
16056
15760
15544
15800
16056
15872
15576
15768
16072
15888
15608
15744
16000
15984
15712
15704
16000
16056
15776
15736
16152
16272
15952
15800
16152
16384
16144
15952
16144
16424
16104
15792
15984
16272
16056
15784
15856
16136
16048
15688
15704
16000
16048
15728
15640
15984
16176
15832
15608
15904
16008
15584
15432
15928
16696
17448
18264
19808
20792
20104
18592
17664
16992
15968
15304
15592
16088
16256
16016
15952
16232
16376
16040
15864
16144
16320
16056
15800
16096
16368
16168
15880
16088
16440
16256
15992
16064
16408
16352
16016
16008
16352
16440
16160
16064
16368
16520
16192
16080
16400
16616
16344
16128
16400
16712
16520
16256
16488
16824
16680
16440
16640
16928
16944
16728
16840
17128
17248
17016
17056
17392
17624
17360
17272
17648
17960
17712
17552
17872
18160
17976
17744
17928
18168
17928
17648
17608
17776
17624
17176
17000
17200
17128
16608
16368
16656
16744
16328
16032
16296
16496
16160
15944
16088
16368
16112
15896
16064
16320
16152
15904
15952
16320
16248
15968
15928
16240
16328
16072
15976
16208
16376
16128
15928
16240
16424
16152
15920
16184
16472
16192
15928
16192
16480
16256
15944
16088
16376
16384
16040
16032
16296
16376
16024
15960
16312
16432
16136
15912
16240
16464
16136
15856
16152
16368
16160
15880
16088
16384
16256
15920
16056
16336
16288
15936
15944
16264
16272
16000
15888
16208
16416
16072
15840
16136
16376
16112
15848
16120
16360
16152
15896
16088
16392
16176
15928
16056
16376
16296
15992
15992
16272
16360
15992
15936
16240
16416
16072
15928
16216
16440
16128
15904
16192
16408
16192
15880
16088
16384
16256
15992
16040
16384
16344
16064
16016
16328
16376
16096
15920
16288
16400
16152
15992
16328
16632
16312
16088
16384
16680
16424
16240
16472
16768
16520
16152
16232
16504
16408
16104
16096
16472
16448
16120
15912
16208
16400
16064
15904
16176
16456
16152
15888
16176
16384
16016
15624
15888
16504
16976
17616
18784
20456
21016
20016
18736
18032
17168
15912
15584
16080
16480
16256
16176
16440
16648
16352
16088
16304
16600
16328
16072
16304
16560
16408
16104
16200
16496
16488
16208
16184
16512
16560
16256
16104
16408
16640
16272
16112
16392
16696
16368
16112
16448
16808
16504
16200
16456
16800
16672
16440
16544
16872
16872
16624
16584
16992
17160
16832
16728
17184
17440
17160
17000
17360
17744
17496
17288
17616
18000
17848
17648
17848
18192
18096
17832
17984
18256
18192
17776
17624
17928
17824
17376
17080
17312
17304
16856
16496
16696
16840
16440
16136
16360
16584
16288
15936
16136
16424
16248
15896
15904
16264
16272
15840
15848
16168
16296
15952
15800
16120
16304
15976
15800
16080
16336
15984
15760
16024
16336
16064
15728
15896
16232
16120
15824
15856
16176
16104
15784
15720
16064
16152
15784
15648
16064
16176
15880
15600
15944
16232
15896
15608
15824
16176
15904
15648
15776
16120
15976
15592
15712
16024
15992
15616
15576
15960
16056
15640
15504
15832
16016
15720
15496
15784
16040
15808
15512
15720
16024
15768
15536
15696
15984
15816
15528
15632
15928
15896
15544
15512
15824
15928
15544
15424
15768
15944
15632
15432
15744
16064
15808
15552
15792
16104
15944
15712
15904
16192
15992
15664
15696
15992
15944
15600
15520
15808
15912
15560
15336
15648
15864
15560
15328
15616
15952
15648
15296
15576
15904
15480
15032
15208
15800
16232
16864
18056
19720
20368
19560
18304
17672
16912
15568
14992
15440
15864
15648
15528
15856
16136
15840
15576
15776
16056
15824
15592
15736
16080
15936
15656
15696
16080
16080
15736
15672
16080
16168
15832
15672
16032
16192
15952
15744
16024
16296
16024
15792
16072
16416
16176
15896
16088
16464
16352
16048
16152
16512
16504
16216
16192
16568
16744
16504
16400
16792
17040
16792
16592
17032
17320
17128
16952
17240
17664
17496
17184
17408
17848
17736
17432
17488
17856
17768
17360
17272
17496
17440
17000
16696
16888
17016
16512
16128
16336
16584
16216
15872
16056
16304
16040
15736
15840
16168
16080
15744
15768
16096
16088
15744
15704
16008
16192
15784
15640
15976
16200
15912
15624
15968
16200
15944
15704
15936
16192
16024
15696
15920
16240
16016
15760
15736
16152
16136
15784
15688
16080
16168
15848
15632
15976
16208
15824
15600
15968
16184
15896
15584
15872
16200
15952
15632
15776
16064
15952
15624
15704
16048
16016
15640
15568
15936
16040
15720
15576
15888
16128
15776
15512
15864
16200
15856
15536
15784
16096
15864
15576
15696
16088
15920
15608
15656
16056
16032
15768
15744
16144
16240
15840
15696
16144
16368
16096
15768
16088
16296
15976
15648
15920
16176
15992
15664
15784
16048
15888
15600
15632
16000
15976
15608
15528
15928
16080
15720
15512
15696
15744
15552
15624
16592
17816
18656
19696
20424
20024
18616
17312
16488
15872
15560
15440
15656
16120
16192
15920
15784
16128
16216
15840
15728
16040
16280
15888
15656
15968
16296
16000
15688
15928
16296
16104
15728
15904
16248
16200
15880
15920
16288
16320
15992
15888
16264
16432
16144
15976
16280
16520
16224
16048
16328
16680
16464
16192
16448
16776
16680
16432
16616
16928
16896
16640
16784
17216
17280
17016
16984
17416
17688
17360
17240
17640
17944
17616
17512
17808
18152
17832
17528
17720
17968
17672
17192
17256
17472
17208
16696
16640
16824
16768
16320
16152
16400
16480
16104
15912
16168
16344
15976
15752
16048
16280
16032
15696
15920
16248
16088
15704
15936
16272
16184
15856
15832
16200
16176
15848
15784
16200
16288
15952
15720
16080
16352
16024
15712
16000
16344
16032
15728
15968
16312
16088
15848
15872
16272
16168
15816
15872
16224
16216
15864
15744
16120
16224
15872
15736
16008
16280
15928
15720
15960
16272
15968
15672
15912
16208
15960
15680
15856
16216
16088
15736
15776
16144
16168
15792
15680
16032
16152
15856
15696
15992
16208
15864
15608
15928
16192
15944
15656
15848
16176
15968
15616
15752
16112
16048
15768
15816
16200
16280
15944
15832
16216
16416
16056
15896
16224
16432
15992
15704
15920
16256
16000
15648
15880
16168
15912
15552
15680
16008
15920
15624
15688
15952
15976
15688
15568
15904
15816
15392
15344
16048
16960
17624
18544
20080
20792
19608
18176
17360
16688
15616
15264
15624
16080
16136
15848
15888
16264
16232
15848
15744
16112
16232
15888
15720
16072
16288
15976
15736
16032
16376
16104
15848
16072
16344
16208
15912
15992
16376
16296
16008
16024
16368
16432
16160
16072
16384
16536
16216
16096
16472
16696
16368
16160
16496
16800
16568
16376
16624
17000
16896
16656
16816
17208
17240
16984
17096
17488
17552
17312
17328
17688
17880
17648
17536
17880
18152
17856
17616
17856
18096
17728
17376
17440
17608
17280
16912
16888
17000
16720
16400
16328
16560
16376
16120
16072
16168
16256
15992
15880
16056
16192
16008
15856
15984
16168
16016
15832
16000
16208
16048
15872
15936
16136
16104
15848
15872
16136
16144
15864
15784
16080
16184
15936
15768
16024
16168
15912
15720
15968
16192
15888
15688
15896
16112
15984
15704
15800
16048
15968
15752
15736
15976
15984
15744
15672
15880
15928
15656
15608
15784
15968
15744
15552
15776
15896
15760
15560
15704
15864
15712
15568
15640
15840
15712
15504
15592
15824
15744
15544
15520
15704
15832
15576
15400
15672
15848
15624
15432
15632
15760
15624
15456
15600
15720
15632
15456
15560
15728
15624
15480
15464
15672
15656
15456
15448
15616
15728
15560
15520
15712
15848
15672
15576
15800
15976
15816
15648
15784
15832
15696
15480
15520
15736
15672
15456
15480
15632
15576
15424
15304
15488
15624
15360
15344
15504
15656
15408
15208
15192
15248
15232
15352
16136
17304
18456
19544
19992
19432
18160
17112
16168
15440
15200
15192
15288
15640
15776
15664
15560
15728
15824
15648
15488
15624
15792
15608
15480
15648
15792
15704
15448
15664
15872
15792
15544
15592
15848
15888
15712
15624
15880
15968
15760
15720
16000
16144
15888
15816
15992
16200
16048
15912
16096
16320
16240
16088
16248
16440
16456
16360
16328
16648
16704
16584
16600
16808
16968
16832
16904
17096
17280
17176
17184
17392
17608
17488
17408
17528
17728
17648
17480
17528
17608
17472
17184
17080
17168
17016
16696
16520
16672
16584
16264
16072
16240
16240
16016
15816
15920
16088
15904
15752
15888
16008
15872
15768
15856
16032
15944
15720
15792
15984
16000
15792
15768
15992
16064
15864
15784
15936
16072
15904
15784
15920
16104
15904
15792
15880
16056
15944
15776
15824
16040
16000
15800
15768
16008
16008
15864
15792
15976
15984
15824
15768
15904
16024
15848
15744
15872
16008
15832
15696
15856
15968
15872
15704
15792
16008
15912
15760
15784
15984
15920
15792
15736
15944
15984
15816
15720
15920
15992
15832
15688
15840
16024
15880
15696
15784
15928
15872
15728
15784
15920
15832
15768
15760
16000
15944
15768
15720
15936
16048
15944
15864
16080
16184
16008
15992
16192
16336
16096
15936
16048
16152
16016
15864
15960
16096
16032
15800
15768
15944
15960
15784
15696
15872
15944
15800
15672
15840
16008
15744
15496
15536
15848
15984
16536
17624
18904
20128
20448
19640
18640
17592
16416
15592
15576
15808
15808
15904
16168
16224
15976
15872
16088
16168
15992
15872
16056
16192
16032
15864
15984
16208
16096
15936
16040
16208
16184
15984
16072
16184
16304
16072
16032
16264
16352
16152
16080
16264
16456
16288
16128
16288
16496
16408
16256
16400
16640
16552
16392
16552
16768
16792
16632
16696
16984
17104
16936
16920
17152
17376
17240
17216
17432
17696
17584
17440
17688
17928
17824
17720
17816
18024
17904
17672
17592
17776
17576
17272
17096
17168
17008
16688
16504
16576
16536
16208
16064
16224
16304
16032
15856
15992
16136
15960
15768
15912
16064
15984
15776
15816
16024
15960
15800
15800
15960
15984
15808
15792
15976
16040
15864
15736
15928
16088
15856
15728
15912
16080
15864
15720
15832
16056
15888
15744
15808
16008
15912
15680
15696
15912
15904
15696
15592
15824
15968
15688
15544
15776
15952
15712
15528
15720
15904
15656
15520
15672
15872
15720
15504
15592
15784
15744
15504
15544
15736
15824
15576
15432
15656
15824
15504
15376
15664
15800
15544
15288
15528
15824
15616
15272
15488
15752
15608
15320
15408
15704
15696
15424
15408
15784
15808
15488
15440
15824
16016
15656
15448
15736
15872
15648
15344
15520
15800
15544
15272
15368
15648
15456
15192
15248
15576
15544
15232
15256
15608
15648
15272
15048
15184
15336
15208
15472
16568
17960
19016
19640
19656
18856
17608
16480
15536
15264
15120
15008
15264
15712
15720
15424
15384
15720
15736
15456
15288
15632
15800
15544
15296
15608
15832
15536
15304
15536
15856
15640
15352
15520
15896
15752
15456
15496
15832
15872
15576
15528
15840
15912
15608
15472
15864
16048
15744
15560
15936
16224
15960
15736
16040
16376
16184
15936
16184
16504
16504
16240
16376
16824
16856
16592
16608
17016
17208
16896
16792
17208
17496
17160
16976
17296
17680
17336
16992
17176
17400
17064
16656
16688
16856
16616
16120
16096
16304
16160
15760
15704
15952
16024
15600
15416
15720
15944
15616
15344
15640
15928
15640
15408
15648
15864
15664
15392
15552
15904
15792
15456
15520
15856
15824
15496
15424
15792
15880
15576
15408
15680
15944
15616
15408
15696
15976
15616
15368
15592
15928
15696
15352
15544
15864
15744
15424
15432
15768
15816
15440
15360
15744
15840
15464
15344
15688
15904
15600
15320
15648
15928
15616
15360
15584
15912
15680
15376
15512
15848
15720
15400
15488
15840
15824
15464
15424
15752
15872
15560
15416
15824
16096
15816
15512
15808
16136
15872
15720
15936
16216
15928
15584
15704
15992
15832
15528
15584
15936
15904
15464
15368
15712
15848
15512
15360
15656
15880
15576
15352
15656
15928
15440
15088
15376
15936
16144
16792
17984
19608
20424
19856
18672
17920
16976
15608
15040
15584
15848
15648
15560
15976
16176
15792
15512
15896
16144
15832
15480
15776
16080
15904
15608
15736
16064
15992
15624
15704
16048
16096
15752
15656
16040
16176
15848
15672
16048
16304
16024
15736
16080
16384
16144
15864
16144
16416
16272
16088
16224
16600
16520
16232
16304
16744
16784
16472
16496
16920
17112
16848
16736
17168
17432
17200
17048
17408
17736
17512
17312
17600
17992
17744
17480
17640
17928
17840
17384
17312
17512
17400
16920
16736
16936
16944
16448
16224
16448
16568
16144
15880
16152
16408
16056
15688
15936
16320
16088
15768
15880
16208
16072
15776
15776
16152
16128
15808
15760
16048
16208
15880
15768
16008
16304
15992
15752
15992
16272
16008
15744
16000
16272
16088
15824
15952
16160
16136
15816
15872
16144
16208
15864
15768
16128
16272
15856
15688
15992
16256
15920
15664
15952
16224
15920
15688
15920
16208
15968
15672
15832
16192
16048
15696
15776
16120
16056
15768
15704
16072
16112
15840
15632
16008
16144
15784
15608
15912
16168
15856
15608
15848
16192
15904
15656
15840
16208
16152
15944
15928
16248
16240
15928
15960
16328
16488
16072
15792
16152
16304
15920
15640
15944
16240
15912
15632
15816
16104
15888
15656
15728
16056
15920
15632
15712
16088
16056
15680
15472
15712
15888
15776
16136
17392
18664
19696
20248
20224
19240
17896
16680
15912
15800
15752
15680
15984
16368
16224
15944
15936
16304
16288
15920
15880
16208
16344
16008
15840
16208
16456
16024
15824
16160
16424
16120
15896
16120
16464
16248
15936
16112
16456
16400
16104
16152
16496
16496
16224
16192
16504
16664
16376
16200
16616
16824
16552
16320
16712
17016
16728
16544
16832
17160
17064
16792
16992
17360
17360
17144
17248
17648
17680
17464
17488
17904
18048
17712
17576
17984
18144
17800
17496
17704
17888
17480
17064
17168
17344
16984
16576
16568
16776
16592
16136
16152
16464
16368
16000
15872
16224
16352
15952
15728
16056
16312
15984
15784
16024
16264
16008
15712
15976
16296
16032
15752
15896
16240
16128
15800
15800
16120
16144
15800
15720
16072
16152
15824
15632
16008
16200
15840
15680
15936
16176
15896
15624
15800
16136
15960
15648
15712
16048
15952
15640
15624
15944
15992
15624
15520
15936
15976
15624
15480
15800
16048
15680
15424
15720
15976
15696
15472
15672
15960
15752
15472
15608
15864
15768
15448
15544
15872
15880
15520
15440
15768
15912
15568
15416
15696
15920
15592
15352
15664
15864
15624
15344
15576
15864
15696
15448
15608
16040
15920
15536
15584
15912
16064
15816
15680
16000
16072
15664
15456
15736
15968
15600
15320
15624
15912
15576
15256
15464
15800
15584
15288
15424
15728
15656
15344
15360
15664
15528
15016
15016
15624
16376
16904
17944
19624
20424
19472
18056
17368
16760
15480
14872
15208
15728
15600
15448
15624
15896
15816
15464
15496
15872
15896
15544
15488
15824
15984
15600
15424
15800
16032
15736
15504
15752
16064
15792
15552
15776
16128
15888
15672
15808
16160
16072
15736
15776
16144
16216
15872
15808
16224
16328
16024
15928
16280
16520
16200
16072
16408
16736
16504
16328
16592
16984
16840
16624
16800
17208
17168
16944
17040
17432
17560
17224
17256
17624
17816
17496
17312
17608
17800
17344
17072
17264
17392
16984
16552
16584
16816
16480
16096
16144
16368
16152
15816
15808
16104
16104
15736
15672
16000
16096
15736
15616
15912
16160
15824
15560
15872
16096
15856
15608
15824
16104
15856
15648
15784
16152
16000
15680
15688
16056
16072
15640
15616
15952
16144
15664
15544
15864
16120
15752
15528
15800
16088
15768
15488
15688
16088
15864
15552
15688
16008
15960
15600
15576
15912
16000
15592
15568
15880
16016
15664
15504
15832
16016
15688
15448
15696
16056
15688
15464
15704
15960
15784
15496
15624
15928
15840
15552
15592
16016
16104
15696
15688
15984
16136
15712
15696
16120
16344
15952
15632
15880
16176
15800
15520
15720
16056
15784
15496
15640
15920
15760
15360
15424
15768
15816
15424
15368
15752
15880
15568
15320
15496
15656
15336
15280
16040
17224
17992
18984
20208
20304
18952
17512
16752
16056
15352
15144
15360
15848
15968
15696
15576
15912
16032
15632
15448
15816
16032
15712
15480
15792
16096
15752
15496
15696
16104
15864
15544
15704
16032
15968
15680
15688
16072
16144
15744
15720
16056
16208
15840
15720
16128
16376
16072
15856
16128
16480
16192
16016
16272
16600
16472
16208
16384
16800
16736
16456
16616
17016
17088
16824
16816
17264
17456
17136
17064
17424
17768
17448
17288
17600
17888
17592
17328
17472
17696
17424
16992
16968
17224
16984
16512
16392
16656
16584
16120
15952
16256
16296
16008
15768
16008
16264
15864
15656
15952
16176
15912
15680
15880
16208
16016
15656
15752
16136
16088
15752
15760
16128
16152
15792
15752
16096
16232
15872
15688
16064
16280
15904
15688
16032
16272
16024
15736
15952
16320
16080
15776
15952
16256
16152
15808
15816
16192
16248
15848
15784
16168
16336
15880
15656
15936
16304
16008
15896
16176
16384
15920
15608
15920
16496
16208
15768
15864
16160
16240
15864
15856
16400
16512
16200
16032
16320
16432
16104
15856
16200
16408
16128
15776
15824
16256
15936
15688
15856
16032
15704
15392
15448
15888
15952
15656
15664
15976
15800
15336
15392
15992
16696
17144
17872
19328
20560
20136
18656
17856
17272
15896
15104
15440
15976
16096
15872
15928
16184
15968
15696
15720
16168
16160
15704
15552
15880
16072
15760
15528
15912
16304
15992
15680
15976
16216
16008
15752
15920
16320
16248
15936
16000
16224
16152
15832
15848
16272
16336
16016
15912
16280
16464
16152
15944
16392
16712
16440
16224
16424
16848
16648
16416
16704
17056
16992
16800
16936
17288
17232
16872
16976
17416
17664
17400
17320
17752
17928
17616
17392
17688
17856
17400
17072
17280
17480
17080
16600
16664
16800
16520
16080
16160
16632
16704
16296
16104
16232
16176
15736
15544
15928
16112
15824
15640
16008
16208
16008
15728
16040
16360
16184
16144
16328
16416
16096
15824
15784
16000
16152
16248
16248
16488
16120
15536
15528
16032
16288
15824
15736
16192
16688
16536
16184
16104
16480
16296
15840
16296
17304
17056
15512
14816
15416
15600
15456
15488
15912
16096
15784
15680
16080
16264
15928
15768
16096
16312
15944
15696
15904
16280
16184
15928
15928
16168
16064
15864
15856
16040
16048
15824
15880
16256
16368
16048
15832
16240
16336
15880
15664
16104
16472
16624
16392
15848
15736
15464
15096
15216
15552
15528
15336
15512
15864
15832
15528
15800
16136
16000
15808
15712
16336
17216
17928
19128
20592
20424
18456
17240
16560
15760
15216
15088
15368
15840
15792
15560
15880
16520
16336
15752
15424
15784
15928
15600
15552
16184
16672
15968
15176
15480
15952
15728
15504
15808
16224
15984
15824
16048
16272
15928
15488
15592
16056
16040
15848
15928
16296
16408
16016
15904
16256
16472
16144
15944
16352
16640
16344
16128
16440
16872
16624
16432
16736
17136
17048
16792
16952
17416
17392
17176
17272
17672
17752
17488
17408
17792
17992
17664
17416
17632
17840
17456
16992
17200
17344
16992
16584
16616
16824
16592
16232
16224
16552
16408
16000
15960
16336
16384
15968
15856
16192
16360
16080
15880
16184
16416
16104
15848
16120
16432
16208
15912
16096
16480
16280
15944
16064
16448
16424
16056
16000
16336
16480
16104
15992
16360
16496
16128
15944
16224
16496
16144
15832
16112
16480
16128
15896
16000
16384
16240
15816
15912
16328
16184
15888
15848
16232
16288
15880
15712
16136
16328
15960
15712
16072
16352
16016
15704
15936
16264
15984
15744
15896
16240
16048
15752
15824
16160
16088
15760
15760
16160
16136
15808
15688
15976
16240
15856
15616
15928
16200
15888
15616
15864
16256
16048
15784
16040
16408
16112
15792
15952
16408
16392
16024
15928
16208
16288
15880
15704
16008
16240
15856
15600
15864
16072
15720
15416
15680
16032
15752
15456
15616
16000
15808
15456
15528
15880
15624
15192
15304
15912
16656
17264
18344
19912
20600
19472
18048
17408
16704
15424
14936
15376
15936
15776
15536
15744
16040
15928
15584
15704
16008
15936
15648
15608
15976
16080
15672
15568
15960
16128
15784
15568
15896
16168
15824
15600
15808
16216
15920
15624
15896
16176
16080
15808
15880
16208
16232
15864
15904
16240
16384
16040
15912
16328
16528
16248
16112
16408
16728
16504
16296
16632
17016
16792
16608
16856
17240
17112
16904
17040
17416
17464
17216
17240
17632
17768
17424
17304
17592
17720
17320
17008
17192
17280
16832
16392
16536
16712
16360
15976
16048
16312
16088
15744
15744
16064
16048
15680
15600
15928
16024
15664
15480
15856
16064
15680
15456
15784
16064
15808
15488
15776
16040
15824
15576
15760
16040
15920
15584
15672
16008
15960
15656
15592
15928
16040
15656
15528
15920
16064
15776
15480
15816
16080
15776
15536
15800
16088
15816
15464
15688
16040
15848
15552
15512
15976
15960
15576
15536
15904
15984
15640
15504
15800
16176
15672
15448
15768
16040
15768
15464
15696
16032
15808
15600
15760
16120
16096
15760
15832
16160
16136
15944
15928
16280
16272
15904
15800
16072
16216
15856
15624
15920
16152
15872
15568
15736
15992
15800
15576
15696
16008
15896
15616
15704
16000
15984
15632
15472
15696
15792
15720
16008
17136
18512
19448
20040
20200
19280
17976
16784
15864
15744
15592
15536
15848
16288
16128
15840
15928
16288
16248
15864
15800
16120
16296
15952
15768
16104
16344
16016
15792
16088
16336
16072
15768
16056
16376
16144
15872
16024
16392
16208
15992
16048
16376
16448
16088
16096
16440
16584
16240
16144
16512
16768
16432
16256
16600
16920
16672
16424
16736
17104
17000
16776
16944
17344
17256
17088
17168
17600
17672
17400
17416
17784
17936
17616
17488
17832
17992
17656
17360
17552
17744
17312
16952
17016
17120
16776
16424
16448
16640
16472
16112
16080
16384
16344
15936
15872
16160
16296
15912
15728
16072
16272
15960
15744
15992
16304
16040
15776
16032
16304
16072
15816
15960
16296
16208
15872
15880
16232
16272
15912
15856
16192
16296
15960
15808
16160
16336
15976
15784
16048
16328
15984
15744
15920
16296
16072
15792
15912
16208
16096
15824
15856
16160
16144
15840
15768
16112
16160
15824
15736
16064
16248
15928
15680
15992
16216
15992
15704
15872
16208
15992
15736
15864
16176
16096
15768
15848
16200
16144
15800
15728
16136
16264
15904
15696
16112
16296
15976
15744
16008
16304
16024
15752
16016
16344
16112
15776
16032
16424
16384
16096
16128
16464
16448
16088
16096
16456
16648
16312
16064
16336
16512
16048
15872
16168
16480
16104
15856
16048
16336
16056
15728
15864
16240
16112
15816
15864
16184
16120
15856
15824
16032
16000
15632
15704
16520
17648
18328
19424
20656
20760
19296
17872
17088
16440
15720
15624
15936
16416
16328
16104
16088
16400
16368
16048
15968
16352
16496
16120
15944
16344
16568
16232
16008
16272
16560
16272
16048
16240
16592
16392
16144
16312
16672
16520
16232
16280
16656
16680
16328
16288
16664
16816
16512
16360
16648
16912
16640
16496
16792
17136
16856
16656
16952
17360
17176
16920
17104
17520
17520
17248
17360
17768
17816
17584
17568
17960
18104
17816
17744
18080
18336
17984
17704
17984
18176
17792
17416
17472
17672
17288
16864
16904
17104
16904
16504
16488
16712
16648
16272
16224
16496
16576
16128
16032
16368
16528
16240
15992
16264
16560
16296
16048
16232
16560
16352
16016
16208
16520
16392
16096
16144
16488
16496
16128
16080
16440
16560
16224
16040
16328
16560
16208
16024
16288
16528
16296
16048
16216
16480
16272
15976
16152
16432
16352
16016
16048
16384
16408
16024
15960
16336
16424
16112
15928
16240
16496
16152
15936
16216
16496
16232
15952
16144
16464
16248
15952
16096
16376
16304
15992
16024
16360
16328
16008
15936
16304
16440
16048
15880
16264
16504
16168
15952
16208
16512
16192
15952
16160
16496
16280
15984
16136
16400
16328
15968
16056
16376
16432
16040
15936
16304
16416
16096
15888
16184
16480
16144
15888
16168
16424
16216
15960
16168
16488
16248
15984
16096
16448
16328
16000
16000
16360
16360
16048
15960
16272
16424
16136
15928
16200
16472
16112
15904
16200
16416
16200
15928
16128
16408
16272
15968
16160
16520
16432
16216
16264
16528
16488
16224
16328
16648
16760
16328
16136
16392
16496
16240
15992
16216
16496
16240
15928
16080
16376
16192
15928
16032
16328
16256
15936
15968
16272
16256
15896
15768
15992
16112
16032
16384
17496
18800
19832
20520
20432
19496
18216
16960
16168
16016
16056
15976
16184
16536
16536
16264
16192
16456
16536
16208
16176
16368
16560
16240
16120
16328
16568
16296
16096
16336
16576
16336
16104
16336
16600
16448
16200
16312
16568
16584
16248
16304
16600
16640
16440
16360
16632
16760
16528
16416
16728
16928
16688
16512
16808
17032
16928
16728
16920
17272
17232
17064
17160
17472
17528
17304
17392
17792
17864
17648
17648
17968
18200
17976
17800
18096
18384
18096
17848
18008
18240
17928
17552
17560
17720
17480
17088
17008
17160
17016
16672
16584
16736
16736
16392
16240
16488
16672
16352
16152
16376
16608
16360
16136
16328
16592
16384
16096
16312
16528
16424
16112
16224
16520
16456
16136
16160
16464
16504
16232
16128
16400
16520
16248
16096
16328
16544
16304
16008
16248
16520
16288
16056
16168
16520
16344
16072
16136
16408
16360
16088
16080
16352
16424
16128
16000
16256
16416
16176
16008
16256
16464
16152
15984
16200
16456
16264
16008
16144
16376
16272
15984
16096
16352
16296
16048
16008
16328
16352
16056
15960
16264
16392
16136
15904
16200
16424
16160
15960
16168
16376
16232
15976
16104
16360
16216
15912
16008
16320
16312
16000
16024
16232
16384
16040
15952
16232
16368
16096
15904
16176
16400
16128
15904
16144
16384
16200
15928
16080
16368
16232
15912
16032
16336
16296
16016
15976
16312
16376
16064
15976
16288
16448
16096
15976
16256
16504
16224
15944
16232
16488
16272
15920
16128
16472
16408
16112
16224
16592
16496
16208
16272
16656
16728
16352
16160
16440
16552
16216
15944
16272
16472
16240
15952
16112
16312
16112
15816
15992
16288
16152
15840
15976
16192
16096
15824
15816
15960
15848
15632
15784
16744
17840
18624
19768
20648
20264
18744
17512
16768
16144
15680
15688
16056
16456
16320
15992
16048
16400
16376
16056
16024
16296
16400
16096
15952
16280
16456
16144
15952
16256
16536
16232
16048
16256
16576
16368
16064
16280
16544
16456
16168
16264
16544
16520
16264
16328
16624
16672
16416
16344
16664
16800
16520
16376
16736
17016
16792
16576
16880
17176
17056
16808
17048
17432
17336
17104
17328
17712
17712
17488
17552
17952
18072
17800
17752
18136
18360
18056
17760
18056
18208
17832
17520
17624
17752
17376
16976
17056
17184
16936
16536
16496
16752
16600
16272
16200
16464
16472
16128
16048
16336
16456
16112
15920
16216
16408
16168
15912
16176
16472
16240
15912
16112
16440
16272
15944
16096
16376
16312
15984
16024
16296
16336
16000
15872
16192
16312
16048
15840
16064
16328
16048
15816
15968
16272
16056
15792
15944
16200
16088
15824
15904
16192
16104
15784
15824
16112
16176
15824
15736
16024
16160
15888
15680
15968
16152
15920
15632
15880
16120
15912
15640
15808
16128
15944
15664
15768
16064
16032
15672
15720
16016
16048
15768
15632
15952
16096
15840
15600
15880
16096
15816
15560
15840
16112
15888
15608
15720
15976
15896
15584
15616
15944
15976
15680
15592
15928
15960
15712
15608
15864
16016
15680
15560
15832
16120
15768
15496
15704
16016
15824
15520
15728
16072
16000
15744
15872
16120
16048
15752
15872
16256
16264
15856
15744
16016
16144
15752
15552
15808
16056
15752
15464
15696
15888
15648
15416
15584
15920
15728
15456
15512
15864
15800
15480
15280
15448
15568
15472
15960
17144
18472
19520
19952
19688
18736
17536
16376
15544
15488
15304
15368
15568
16032
15864
15672
15632
15976
15904
15704
15584
15896
15976
15760
15536
15840
15992
15768
15528
15792
16088
15792
15592
15776
16112
15872
15680
15808
16096
15968
15808
15768
16088
16072
15928
15832
16136
16184
16032
15872
16192
16424
16192
15976
16312
16616
16368
16192
16440
16784
16624
16520
16640
17016
16960
16824
16920
17280
17336
17176
17112
17512
17640
17448
17304
17672
17880
17568
17296
17536
17680
17256
17008
17016
17184
16792
16464
16408
16664
16384
16080
15984
16264
16152
15872
15712
16008
16088
15784
15584
15840
16064
15760
15560
15816
16072
15760
15576
15792
16056
15832
15592
15744
16000
15888
15744
15656
15960
15976
15720
15640
15912
16008
15776
15568
15832
16032
15680
15520
15816
16040
15672
15488
15672
16000
15816
15600
15648
16000
15808
15608
15608
15872
15800
15616
15488
15832
15896
15640
15424
15744
15952
15664
15440
15624
15960
15664
15432
15624
15848
15712
15536
15584
15864
15728
15576
15560
15840
15800
15592
15504
15792
15880
15624
15440
15720
15920
15640
15448
15664
15944
15640
15488
15656
15944
15688
15544
15656
15904
15776
15560
15568
15896
15952
15776
15744
15992
16080
15824
15704
16128
16376
16016
15672
15936
16144
15752
15600
15720
16008
15808
15576
15616
15872
15704
15504
15528
15840
15792
15592
15496
15760
15896
15608
15336
15488
15616
15488
15672
16664
17984
18864
19912
20280
19592
18184
17088
16104
15672
15456
15504
15608
16064
16104
15888
15776
16056
16168
15816
15624
15984
16160
15896
15736
15944
16232
15936
15800
15968
16264
16032
15808
15928
16272
16152
15952
15928
16248
16296
16032
15920
16272
16392
16144
16072
16328
16544
16256
16112
16400
16672
16432
16288
16464
16792
16664
16528
16648
16976
16936
16792
16856
17224
17296
17144
17128
17472
17640
17424
17376
17672
17944
17704
17560
17840
18120
17808
17640
17760
17928
17608
17352
17296
17408
17168
16856
16712
16912
16744
16392
16264
16456
16536
16192
16000
16240
16416
16080
15920
16128
16392
16144
15928
16096
16368
16184
16040
16088
16368
16264
16024
15984
16344
16328
16104
15976
16240
16392
16144
16024
16240
16416
16112
16008
16200
16464
16176
16032
16144
16472
16224
16016
16096
16416
16264
16024
15984
16320
16320
16096
16000
16240
16384
16024
15896
16208
16360
16048
15896
16128
16400
16088
15936
16032
16352
16176
15960
15992
16312
16208
15944
15904
16224
16272
15952
15872
16200
16312
15952
15880
16096
16328
16016
15848
16000
16336
16080
15912
16000
16336
16056
15912
15960
16248
16176
15952
15888
16264
16184
15968
15864
16264
16504
16192
16144
16272
16544
16240
16168
16464
16696
16424
16152
16264
16536
16256
15992
16040
16400
16312
15960
15944
16232
16200
15888
15832
16088
16224
15904
15808
16104
16320
15952
15736
15832
16048
15880
16040
16824
18152
19072
20200
20680
20128
18824
17576
16536
16024
15936
15912
15952
16360
16536
16184
16048
16288
16512
16192
16000
16224
16552
16264
16072
16216
16528
16320
16112
16160
16488
16424
16168
16168
16472
16504
16232
16184
16504
16680
16328
16216
16504
16768
16504
16320
16488
16856
16560
16464
16552
16896
16752
16592
16720
17088
16984
16776
16784
17208
17344
17064
17016
17424
17624
17384
17352
17640
17920
17624
17592
17856
18240
17944
17840
17968
18320
18160
17872
17888
18168
17936
17592
17472
17616
17512
17016
16832
16984
17056
16544
16336
16552
16736
16368
16080
16280
16600
16288
16048
16136
16480
16288
16016
16072
16376
16320
16064
16056
16368
16392
16064
16008
16344
16456
16112
16008
16288
16552
16192
16016
16200
16512
16208
16048
16184
16512
16272
16064
16144
16464
16352
16024
16024
16368
16384
16056
15960
16264
16456
16080
15904
16184
16448
16096
15960
16120
16400
16176
15944
16008
16400
16248
15944
15952
16304
16256
15952
15952
16248
16336
15968
15944
16184
16336
15952
15840
16088
16360
16048
15840
16040
16376
16104
15904
15936
16312
16184
15888
15936
16320
16240
15944
15968
16256
16320
15960
15872
16240
16416
15992
15880
16112
16416
16064
15888
16136
16496
16264
16128
16272
16544
16352
16128
16280
16648
16608
16160
16192
16472
16480
16056
16024
16288
16432
15984
15856
16096
16320
15984
15824
15984
16296
16064
15864
15968
16272
16112
15744
15696
15936
15936
15896
16568
17816
19040
20008
20488
20064
18984
17648
16608
15912
15904
15800
15784
16168
16544
16264
16080
16192
16504
16256
16008
16144
16432
16328
16128
16112
16424
16456
16096
16120
16352
16496
16264
16200
16352
16576
16296
16136
16344
16608
16432
16232
16360
16680
16464
16272
16384
16688
16592
16288
16384
16672
16760
16472
16496
16824
17040
16808
16768
17064
17232
17032
16992
17200
17600
17360
17192
17392
17832
17664
17496
17616
18064
17992
17648
17744
18096
18176
17792
17736
17920
18008
17544
17352
17368
17512
17088
16712
16832
16944
16616
16272
16384
16624
16352
16016
16096
16360
16320
15936
15984
16232
16312
15960
15968
16176
16312
16000
15936
16120
16376
15920
15872
16176
16432
16248
15936
16040
16328
16184
15896
16016
16264
16152
15840
16016
16312
16288
15960
15960
16264
16400
16056
15920
16160
16416
16120
15936
16096
16392
16104
15928
16096
16296
16176
15864
16032
16288
16208
15912
15976
16256
16320
15952
15952
16192
16320
16040
15944
16112
16344
16048
15952
16136
16384
16104
15936
16096
16376
16168
15904
16056
16352
16304
15968
15984
16272
16264
15992
15976
16224
16352
16136
16112
16336
16680
16352
16128
16336
16664
16536
16344
16456
16624
16472
16176
16200
16400
16320
16024
16040
16272
16272
15944
15896
16152
16280
15936
15832
16112
16256
16000
15816
16064
16304
15952
15584
15880
16344
16584
17168
18408
19936
20696
20040
18912
18120
17200
15872
15408
15856
16192
16032
15952
16304
16496
16176
15952
16240
16440
16224
15936
16200
16448
16304
16008
16104
16384
16336
16040
16048
16408
16400
16144
16024
16360
16504
16240
16064
16320
16576
16344
16088
16384
16680
16424
16240
16480
16768
16584
16384
16472
16768
16752
16568
16608
16936
17064
16824
16824
17216
17416
17184
17056
17448
17760
17512
17352
17656
18032
17848
17672
17888
18248
18104
17864
17960
18192
18136
17752
17648
17832
17712
17256
16992
17160
17176
16776
16424
16648
16760
16432
16152
16296
16528
16296
15976
16200
16392
16256
15976
16048
16384
16304
16000
15936
16224
16280
16056
15928
16192
16376
16080
15872
16152
16384
16064
15880
16096
16352
16112
15872
16040
16344
16168
15888
15992
16264
16200
15936
15856
16208
16152
15896
15792
16080
16232
15912
15752
16040
16288
15952
15720
15960
16200
16000
15744
15952
16248
16080
15744
15832
16080
16064
15776
15848
16208
16256
15952
15896
16208
16336
16016
15864
16280
16552
16240
15928
16096
16336
16024
15776
15920
16192
16032
15680
15736
16064
15888
15576
15544
15928
15936
15640
15512
15776
15952
15728
15464
15696
15808
15448
15328
15880
16816
17512
18368
19712
20464
19592
18080
17248
16568
15688
15104
15152
15680
15928
15744
15688
15984
16152
15848
15648
15944
16168
15920
15608
15888
16216
16016
15744
15864
16200
16080
15832
15896
16168
16136
15880
15888
16232
16240
15928
15792
16176
16384
16056
15856
16160
16472
16232
15920
16240
16552
16344
16048
16304
16648
16552
16288
16424
16840
16832
16592
16608
17024
17184
16888
16816
17216
17480
17256
17112
17464
17752
17560
17352
17656
17912
17696
17432
17528
17744
17464
17096
17016
17192
17032
16584
16440
16592
16560
16160
15968
16216
16280
15952
15712
15960
16192
15864
15560
15832
16112
15824
15560
15712
16032
15952
15624
15632
15944
15872
15664
15640
15920
15984
15632
15568
15840
16032
15704
15480
15712
15992
15720
15424
15648
15944
15704
15456
15576
15872
15736
15424
15496
15776
15784
15424
15456
15648
15744
15488
15392
15632
15856
15512
15304
15520
15832
15560
15296
15528
15864
15744
15464
15632
15952
15792
15432
15576
15976
15984
15616
15512
15776
15912
15536
15336
15576
15816
15480
15240
15480
15680
15384
15072
15280
15688
15440
15144
15296
15632
15576
15224
15224
15528
15376
14944
15112
15552
16352
16888
17952
19464
20168
19248
17800
17112
16536
15328
14672
15056
15648
15584
15352
15560
15912
15792
15448
15464
15792
15864
15480
15472
15792
15952
15608
15440
15712
16056
15696
15424
15704
16040
15792
15496
15680
16080
15872
15560
15728
16056
16000
15688
15712
16088
16128
15792
15824
16136
16280
16008
15848
16184
16496
16224
16016
16288
16680
16448
16264
16520
16888
16800
16520
16768
17192
17136
16872
17000
17328
17472
17120
17184
17504
17640
17272
17120
17360
17552
17112
16720
16928
17096
16640
16208
16344
16608
16256
15872
15928
16160
16048
15696
15712
15960
15952
15592
15584
15840
15968
15648
15416
15776
16056
15696
15456
15728
16032
15792
15472
15696
16024
15824
15536
15728
15952
15896
15576
15624
15920
15920
15616
15544
15848
16016
15640
15512
15808
16000
15704
15432
15688
15984
15680
15456
15680
15936
15752
15424
15600
15896
15784
15408
15520
15856
15888
15616
15608
15944
16048
15728
15568
15872
16176
15848
15600
15816
16048
15792
15400
15624
15920
15704
15360
15512
15784
15640
15192
15288
15544
15576
15208
15208
15464
15616
15240
15112
15432
15624
15120
14808
15216
15784
16120
16776
18144
19696
20024
19032
17992
17360
16296
15024
14808
15224
15464
15256
15272
15592
15800
15432
15272
15560
15784
15464
15208
15448
15704
15464
15200
15480
15752
15528
15288
15456
15736
15640
15344
15448
15744
15752
15464
15424
15728
15872
15584
15448
15768
15944
15688
15472
15808
16064
15808
15528
15872
16200
16008
15744
15976
16360
16288
16008
16152
16552
16600
16376
16424
16736
16944
16680
16632
16968
17256
16936
16824
17128
17472
17200
16816
17040
17280
17016
16608
16680
16760
16584
16128
16120
16224
16104
15696
15608
15864
15880
15480
15352
15584
15744
15448
15168
15464
15704
15504
15176
15432
15712
15544
15248
15496
15736
15640
15312
15424
15672
15688
15336
15336
15608
15760
15416
15288
15568
15808
15488
15200
15528
15760
15456
15208
15520
15776
15536
15232
15456
15712
15576
15288
15384
15656
15656
15288
15304
15536
15728
15448
15368
15680
15912
15608
15304
15640
15928
15688
15440
15704
15912
15664
15328
15448
15680
15568
15304
15344
15592
15592
15264
15168
15432
15520
15136
15064
15384
15584
15272
15024
15376
15592
15248
14840
15040
15472
15704
16168
17392
18776
19776
19664
18736
17864
16896
15624
14816
15040
15392
15272
15216
15552
15808
15472
15272
15504
15752
15504
15240
15528
15784
15560
15288
15560
15808
15720
15376
15512
15800
15832
15512
15480
15816
15944
15624
15488
15816
16016
15704
15584
15912
16136
15872
15656
15936
16256
16056
15784
16032
16288
16312
16040
16104
16472
16496
16288
16320
16680
16832
16592
16512
16904
17128
16920
16720
17112
17416
17208
16976
17288
17520
17376
17112
17248
17400
17248
16928
16896
17040
16904
16416
16280
16480
16488
16064
15856
16072
16184
15856
15552
15800
16048
15760
15512
15736
15960
15752
15520
15712
15960
15816
15560
15640
15936
15928
15624
15560
15856
15976
15688
15520
15888
16016
15744
15512
15864
16008
15736
15488
15768
16064
15920
15576
15696
15912
15808
15536
15584
15920
15904
15648
15544
15896
15936
15640
15536
15832
15976
15648
15456
15760
15920
15720
15432
15680
15928
15784
15608
15816
16088
15968
15656
15632
15944
16040
15776
15808
16128
16064
15736
15624
15856
15992
15720
15544
15808
15968
15656
15408
15568
15776
15616
15384
15544
15784
15704
15368
15472
15768
15752
15328
15152
15488
15712
15848
16576
17944
19312
20096
19824
18912
17976
16752
15544
15216
15576
15560
15480
15720
16024
15880
15592
15624
15928
15920
15640
15592
15912
15928
15656
15584
15864
16056
15768
15560
15920
16056
15808
15584
15888
16112
15912
15688
15840
16080
16040
15768
15840
16152
16168
15936
15904
16216
16304
16048
15968
16288
16504
16256
16080
16392
16672
16480
16312
16616
16864
16728
16592
16800
17112
17032
16856
16992
17312
17384
17128
17152
17536
17648
17376
17200
17504
17616
17272
16968
17056
17224
16832
16440
16520
16728
16408
15992
16072
16264
16144
15744
15776
16008
16032
15720
15608
15864
16032
15736
15600
15832
16040
15728
15536
15776
16032
15800
15528
15712
16056
15904
15584
15656
15936
15904
15624
15648
15920
15944
15648
15600
15904
15952
15696
15512
15816
16024
15720
15552
15768
16016
15784
15496
15704
15968
15784
15472
15616
15920
15800
15544
15624
15904
15896
15592
15480
15824
15976
15656
15520
15832
16080
15840
15632
15920
16232
15936
15672
15864
16192
16128
15880
15984
16224
16072
15744
15688
15992
16008
15688
15592
15848
15920
15640
15392
15664
15880
15584
15392
15632
15864
15632
15360
15568
15840
15616
15208
15224
15648
15880
16240
17208
18568
19856
20096
19312
18408
17520
16256
15192
15320
15696
15600
15512
15840
16080
15808
15536
15760
15976
15832
15544
15720
15984
15912
15656
15688
15952
16000
15728
15688
15984
16072
15776
15632
15920
16168
15880
15736
15936
16240
16008
15768
16016
16280
16088
15888
16000
16352
16288
16040
16064
16440
16520
16176
16192
16568
16720
16512
16384
16752
16976
16800
16648
16952
17280
17112
16960
17192
17568
17464
17240
17360
17744
17712
17416
17376
17720
17680
17312
17104
17320
17232
16816
16560
16752
16784
16408
16112
16288
16488
16144
15896
16000
16248
16080
15816
15880
16208
16112
15832
15816
16168
16144
15832
15768
16120
16216
15896
15736
16072
16272
15992
15752
15968
16216
16024
15720
15952
16208
16080
15768
15896
16168
16120
15784
15768
16160
16144
15816
15664
16080
16200
15880
15616
16000
16184
15912
15600
15920
16176
15888
15608
15840
16136
15960
15672
15752
16112
16000
15704
15664
16032
16064
15752
15632
15976
16088
15880
15728
16112
16336
16056
15808
16096
16360
16176
16008
16152
16392
16184
15872
15952
16200
16096
15800
15776
16064
16024
15760
15576
15968
16024
15712
15520
15840
16088
15760
15472
15784
16096
15808
15408
15488
15776
15784
15992
16872
18272
19440
20112
20016
19240
18144
16912
15712
15576
15776
15624
15568
16040
16312
16000
15712
15976
16232
15976
15696
15928
16256
16064
15800
15912
16312
16160
15848
15800
16256
16288
15936
15840
16240
16352
16040
15824
16208
16464
16144
15944
16200
16568
16224
16048
16272
16616
16424
16136
16248
16712
16640
16336
16384
16808
16888
16592
16552
17016
17160
16904
16792
17240
17488
17232
17008
17440
17784
17472
17328
17568
17984
17744
17512
17616
17976
17752
17448
17304
17640
17504
17008
16768
17040
17064
16584
16296
16552
16736
16280
16016
16232
16520
16176
15960
16064
16488
16208
15928
16008
16384
16320
15952
15904
16336
16384
15984
15864
16288
16456
16104
15888
16216
16400
16064
15888
16160
16416
16040
15792
15976
16328
16056
15784
15800
16216
16096
15728
15696
16048
16128
15784
15640
15952
16088
15688
15552
15840
16112
15704
15504
15752
16112
15752
15392
15632
16056
15800
15504
15544
15952
15816
15528
15480
15896
15920
15496
15400
15800
15992
15632
15480
15888
16192
15880
15576
15872
16224
16096
15840
15952
16272
15952
15640
15696
16024
15928
15568
15584
15968
15952
15528
15408
15792
15896
15528
15376
15616
15904
15592
15344
15648
15944
15632
15256
15280
15712
15720
15952
16928
18360
19608
20112
19680
18848
17856
16520
15424
15384
15736
15568
15504
15936
16216
15824
15592
15864
16192
15880
15616
15776
16160
15976
15616
15704
16160
16096
15728
15712
16128
16200
15792
15688
16112
16288
15952
15776
16176
16456
16056
15808
16104
16504
16232
15936
16152
16584
16408
16120
16272
16680
16688
16392
16384
16880
16944
16592
16536
17032
17296
16944
16744
17192
17616
17312
17120
17328
17808
17600
17384
17544
17968
17840
17592
17584
18008
17864
17432
17280
17600
17504
16936
16728
16968
17080
16576
16272
16448
16696
16288
16056
16272
16600
16064
15840
16072
16416
16280
15920
15896
16312
16304
15848
15792
16208
16304
15904
15832
16232
16400
16008
15808
16144
16464
16032
15848
16128
16536
16224
15912
15984
16408
16264
15968
15912
16416
16360
15936
15960
16336
16440
16184
15904
16200
16552
16064
15896
16104
16296
16064
15760
15952
16440
16184
15904
15856
16352
16144
15792
15848
16296
16256
15848
15888
16400
16552
16136
16160
16392
16704
16248
16112
16464
16784
16272
16040
16216
16648
16160
15896
16056
16432
16176
15936
15944
16328
16136
15696
15696
16096
16240
15728
15560
15888
16184
15696
15568
15760
16024
15664
15584
16168
17408
18096
19040
20336
20768
19560
18096
17120
16472
15744
15448
15656
16208
16416
16040
16024
16272
16488
16128
15896
16232
16528
16128
15816
16064
16480
16336
15944
16056
16440
16336
16016
16136
16464
16416
16048
16056
16496
16632
16144
16144
16496
16792
16392
16256
16472
16808
16576
16328
16536
16920
16680
16528
16696
17040
17040
16672
16800
17272
17320
16920
17072
17448
17672
17384
17400
17680
18024
17696
17528
17896
18344
17976
17768
18112
18440
18264
17888
17888
18200
17960
17440
17480
17688
17560
16960
16792
17040
17112
16536
16400
16600
16896
16408
16136
16464
16808
16424
16088
16320
16888
16560
16072
16280
16664
16568
16200
16272
16608
16544
16160
16232
16568
16648
16208
16104
16488
16728
16240
16088
16384
16784
16368
16032
16256
16584
16344
16104
16288
16632
16408
16136
16224
16560
16512
16024
16096
16528
16608
16080
16088
16416
16656
16256
16136
16544
16808
16440
16248
16512
16832
16528
16400
16704
16992
16760
16288
16384
16696
16608
16160
16136
16496
16568
16040
15944
16240
16464
16032
15896
16168
16448
16136
15832
16112
16472
16248
15816
15904
16104
16080
15888
16624
17816
18824
19608
20344
20240
19104
17728
16592
16032
15936
15560
15608
16136
16544
16224
15896
16200
16528
16272
15872
16080
16472
16296
15872
16072
16464
16464
16016
16040
16400
16544
16056
15936
16376
16600
16160
15896
16272
16600
16312
15944
16296
16632
16440
16024
16320
16704
16576
16136
16272
16712
16704
16328
16336
16776
16976
16664
16528
16928
17200
16872
16736
17136
17560
17288
16960
17328
17720
17520
17152
17472
17920
17840
17496
17536
17904
17872
17400
17272
17552
17528
17040
16760
16960
17088
16552
16168
16496
16696
16288
15904
16168
16488
16176
15792
15984
16328
16248
15816
15936
16312
16272
15896
15824
16240
16320
15936
15664
16112
16424
16016
15656
16048
16352
16104
15640
15944
16336
16112
15744
15888
16312
16200
15768
15752
16264
16232
15840
15592
16096
16304
15888
15600
16032
16296
16008
15672
16064
16520
16232
15912
16000
16536
16304
15992
16096
16608
16504
16000
15944
16312
16360
15944
15712
16136
16296
15928
15664
15896
16360
15888
15520
15792
16320
15984
15536
15792
16304
16096
15672
15496
15800
15912
15864
16488
17768
18984
19880
20272
19856
18944
17512
16216
15736
15800
15648
15496
15960
16424
16192
15728
15968
16336
16208
15824
15984
16320
16192
15872
15912
16312
16320
15968
15904
16232
16384
16064
15864
16216
16464
16144
15960
16200
16544
16296
16032
16272
16608
16368
16184
16376
16712
16576
16296
16336
16736
16744
16480
16488
16856
17032
16672
16624
17040
17320
17008
16856
17248
17584
17320
17080
17496
17816
17704
17336
17544
17992
17944
17608
17600
17984
17944
17504
17336
17568
17600
17112
16760
17040
17176
16688
16344
16576
16816
16480
16096
16320
16608
16384
16088
16168
16496
16392
16088
16056
16432
16432
16064
16024
16336
16552
16136
15952
16288
16552
16272
16016
16224
16568
16288
15960
16184
16496
16304
15976
16104
16464
16328
15960
15984
16352
16392
15976
15864
16240
16408
16048
15808
16096
16336
16104
15856
16208
16536
16288
15904
16168
16472
16280
16024
16168
16520
16336
16000
15912
16192
16192
15816
15680
16064
16128
15744
15488
15824
15984
15608
15344
15688
16040
15680
15360
15584
15992
15752
15280
15200
15592
15696
15760
16592
17936
19184
19792
19584
18936
17984
16680
15392
15152
15432
15336
15152
15616
16016
15784
15424
15576
15968
15736
15416
15576
15928
15848
15440
15472
15872
15912
15472
15392
15816
15960
15640
15384
15752
16024
15688
15432
15768
16064
15776
15520
15776
16136
15912
15592
15752
16176
16096
15784
15776
16256
16280
15984
15848
16344
16544
16208
16088
16456
16776
16480
16264
16696
17072
16792
16536
16824
17256
17096
16808
16976
17400
17328
16976
16912
17288
17248
16792
16568
16864
16864
16344
15992
16288
16376
15984
15544
15792
16056
15704
15336
15536
15840
15616
15312
15384
15792
15680
15336
15336
15744
15680
15320
15224
15616
15760
15408
15152
15544
15760
15496
15128
15456
15760
15456
15152
15432
15680
15496
15160
15304
15680
15544
15152
15168
15584
15608
15240
15120
15536
15688
15424
15256
15584
15832
15504
15216
15632
15984
15720
15312
15512
15784
15568
15104
15264
15584
15528
15152
15096
15240
15448
15120
14936
15304
15448
15072
14840
15264
15488
15144
14840
15088
15280
14896
14712
15296
16440
17336
18216
19392
19864
18816
17328
16384
15744
15056
14656
14704
15272
15608
15272
15040
15432
15680
15400
15056
15352
15648
15440
15032
15304
15632
15496
15184
15320
15656
15616
15248
15256
15656
15712
15368
15248
15616
15824
15488
15296
15632
15920
15592
15328
15664
16016
15776
15416
15736
16088
15936
15656
15792
16208
16216
15920
15912
16408
16520
16192
16080
16552
16760
16456
16328
16720
17040
16744
16448
16832
17232
16992
16648
16896
17240
16976
16576
16568
16824
16592
16120
16040
16296
16240
15776
15512
15840
15976
15560
15232
15568
15840
15512
15144
15424
15752
15504
15176
15344
15696
15504
15192
15280
15656
15600
15264
15216
15648
15672
15288
15152
15552
15704
15400
15112
15480
15744
15448
15104
15464
15728
15472
15096
15344
15608
15504
15136
15256
15584
15568
15168
15192
15504
15648
15408
15264
15624
15808
15520
15224
15640
15960
15688
15272
15544
15776
15520
15152
15328
15568
15544
15144
15192
15360
15440
15056
15032
15264
15504
15136
14944
15216
15496
15208
14896
15120
15240
14984
14800
15472
16504
17456
18224
19504
19856
18776
17256
16392
15608
15024
14696
14896
15344
15632
15320
15104
15352
15696
15376
15088
15336
15656
15472
15128
15336
15608
15520
15144
15352
15584
15608
15256
15304
15616
15704
15328
15312
15600
15840
15536
15312
15640
15992
15672
15424
15688
16024
15816
15472
15752
16080
16048
15664
15824
16216
16304
15928
15984
16344
16584
16264
16192
16504
16776
16472
16376
16696
17056
16800
16576
16824
17288
17112
16720
16912
17240
17112
16640
16648
16864
16800
16272
16152
16320
16328
15808
15688
15904
16056
15576
15368
15600
15888
15576
15216
15432
15808
15536
15200
15368
15776
15576
15208
15336
15688
15640
15192
15328
15592
15720
15272
15208
15512
15792
15392
15152
15376
15800
15472
15152
15384
15816
15528
15176
15384
15768
15560
15128
15272
15680
15592
15200
15192
15512
15632
15216
15152
15424
15632
15320
15200
15496
15856
15584
15248
15480
15848
15560
15352
15576
15984
15720
15296
15368
15680
15576
15176
15200
15552
15552
15152
15032
15336
15528
15088
14952
15240
15568
15216
14880
15112
15616
15272
14808
14792
15240
15200
15256
16120
17560
18696
19416
19448
18784
17712
16368
15280
14888
15200
14984
14928
15336
15776
15432
15096
15312
15760
15408
15024
15232
15712
15424
15128
15224
15688
15584
15176
15192
15656
15696
15280
15192
15584
15792
15432
15240
15560
15840
15552
15304
15512
15976
15640
15360
15528
16064
15848
15488
15616
16104
16080
15736
15776
16224
16328
16024
15976
16368
16600
16288
16152
16528
16888
16568
16384
16656
17152
16840
16584
16776
17328
17088
16744
16832
17240
17040
16576
16504
16800
16640
16208
15944
16184
16264
15752
15512
15752
16016
15584
15280
15456
15912
15584
15184
15384
15832
15560
15192
15312
15752
15656
15264
15216
15728
15696
15328
15176
15616
15808
15464
15232
15496
15784
15440
15184
15448
15800
15480
15192
15336
15792
15568
15184
15280
15736
15600
15240
15248
15656
15696
15280
15184
15568
15712
15320
15144
15472
15744
15376
15064
15376
15816
15408
15040
15272
15720
15480
15080
15224
15664
15536
15176
15184
15616
15576
15232
15192
15640
15856
15440
15272
15568
15872
15560
15336
15616
16016
15640
15248
15360
15784
15504
15112
15184
15552
15416
15024
14960
15360
15360
14984
14848
15240
15392
14976
14784
15152
15456
15056
14608
14712
15192
15064
15240
16264
17800
18840
19344
19232
18472
17312
15976
14968
14872
15056
14896
14920
15392
15592
15184
14976
15344
15600
15208
14936
15176
15592
15288
14936
15152
15608
15392
14984
15112
15544
15448
15080
15112
15576
15600
15208
15152
15576
15728
15384
15160
15544
15880
15520
15208
15512
15984
15680
15360
15552
16056
15880
15528
15728
16224
16096
15784
15856
16392
16464
16112
16072
16528
16776
16456
16256
16640
17088
16760
16536
16832
17304
17008
16720
16888
17296
17048
16592
16616
16904
16680
16224
16088
16344
16328
15824
15640
15936
16032
15576
15288
15608
15872
15464
15192
15488
15824
15504
15152
15352
15840
15600
15216
15344
15808
15712
15296
15336
15744
15736
15400
15304
15648
15792
15464
15232
15576
15896
15480
15184
15472
15888
15560
15176
15384
15808
15584
15256
15344
15744
15632
15248
15264
15680
15688
15320
15184
15536
15720
15344
15120
15456
15760
15384
15064
15352
15744
15488
15128
15304
15704
15472
15152
15240
15672
15560
15152
15208
15640
15672
15264
15152
15512
15648
15336
15080
15400
15688
15368
15056
15352
15800
15536
15240
15488
15944
15624
15312
15544
16024
15944
15480
15448
15792
15760
15360
15256
15616
15768
15360
15136
15432
15688
15288
14984
15232
15696
15360
15000
15200
15560
15472
15072
15072
15296
15232
15040
15440
16576
17648
18528
19456
19872
18968
17512
16328
15608
15304
14976
14912
15320
15800
15632
15272
15384
15824
15592
15216
15320
15728
15648
15272
15288
15672
15744
15344
15216
15624
15824
15528
15280
15624
15936
15616
15368
15648
16024
15736
15400
15600
16088
15880
15536
15640
16136
16088
15688
15728
16112
16232
15896
15856
16184
16392
16160
15976
16344
16712
16360
16144
16504
16992
16704
16416
16720
17208
17088
16744
16904
17360
17328
17048
17072
17440
17488
17072
16888
17128
17216
16744
16336
16584
16752
16352
15904
16064
16336
16008
15616
15672
16064
15864
15448
15512
15920
15800
15480
15464
15816
15880
15464
15336
15704
15920
15512
15296
15592
15904
15624
15264
15552
15936
15640
15304
15488
15888
15696
15328
15432
15800
15760
15352
15368
15704
15816
15416
15264
15640
15840
15480
15272
15576
15880
15520
15168
15440
15808
15552
15192
15384
15832
15632
15248
15344
15752
15712
15288
15240
15616
15720
15392
15168
15552
15752
15424
15120
15496
15816
15488
15112
15440
15840
15592
15208
15344
15744
15624
15264
15328
15696
15648
15304
15296
15648
15728
15376
15240
15608
15824
15432
15144
15456
15880
15576
15288
15600
15992
15728
15344
15552
16056
15912
15560
15600
15920
15816
15400
15352
15728
15816
15408
15168
15560
15688
15360
15024
15368
15672
15392
15072
15288
15664
15376
15096
15248
15488
15144
14944
15200
16224
17112
17864
19160
20112
19648
18064
16920
16272
15528
14936
14896
15352
15848
15552
15264
15512
15904
15672
15272
15472
15856
15704
15312
15384
15792
15736
15416
15392
15704
15808
15456
15352
15696
15976
15632
15408
15744
16056
15776
15440
15736
16120
15880
15520
15744
16104
16032
15704
15848
16208
16176
15856
15856
16272
16408
16048
15952
16368
16648
16400
16168
16512
16912
16640
16448
16776
17144
16992
16672
16944
17360
17232
16904
17032
17472
17448
17056
16992
17272
17296
16880
16528
16792
16848
16416
16048
16192
16424
16040
15632
15832
16136
15824
15480
15632
15976
15832
15496
15496
15880
15872
15528
15440
15784
15912
15544
15392
15768
15952
15664
15384
15672
15984
15688
15368
15640
15976
15784
15392
15544
15928
15760
15448
15464
15888
15824
15424
15432
15792
15800
15496
15320
15672
15944
15504
15296
15552
15896
15584
15232
15496
15872
15640
15280
15496
15792
15680
15288
15384
15752
15736
15344
15296
15608
15808
15432
15248
15576
15808
15520
15288
15536
15872
15576
15240
15520
15840
15624
15256
15448
15784
15480
15344
15344
15768
15752
15440
15360
15680
15792
15480
15272
15608
15848
15528
15176
15544
15848
15552
15240
15488
15888
15608
15256
15480
15896
15776
15544
15632
15976
15928
15592
15608
16024
16136
15776
15512
15816
16016
15640
15384
15600
15944
15616
15264
15416
15776
15536
15208
15336
15656
15600
15248
15352
15672
15656
15264
15120
15280
15488
15400
15776
17008
18288
19360
19816
19600
18616
17344
16176
15424
15368
15352
15240
15528
15968
15824
15520
15544
15856
15816
15520
15448
15800
15824
15600
15440
15744
15976
15664
15472
15728
15984
15760
15480
15752
16088
15864
15616
15704
16080
15952
15720
15736
16064
16056
15872
15784
16144
16256
15960
15856
16200
16456
16216
15976
16304
16648
16440
16200
16464
16864
16688
16520
16656
17072
17000
16776
16880
17248
17328
17056
17032
17448
17544
17328
17200
17488
17696
17384
17032
17232
17464
17064
16632
16672
16864
16560
16144
16168
16448
16224
15896
15808
16128
16072
15712
15616
15904
15984
15744
15544
15800
16048
15696
15504
15776
16032
15784
15480
15672
16016
15808
15480
15656
16016
15872
15600
15592
15936
15944
15648
15528
15872
15936
15672
15504
15800
15944
15680
15408
15712
15976
15736
15408
15616
15888
15776
15392
15528
15848
15768
15448
15480
15768
15728
15440
15400
15680
15792
15480
15312
15608
15824
15528
15272
15520
15784
15584
15264
15448
15736
15568
15296
15400
15712
15608
15360
15368
15688
15688
15416
15320
15640
15736
15440
15288
15584
15776
15544
15296
15496
15744
15512
15264
15448
15736
15560
15312
15400
15736
15592
15320
15352
15640
15664
15416
15304
15576
15736
15408
15280
15504
15744
15536
15304
15616
15944
15704
15384
15552
15936
15888
15560
15656
15904
15848
15504
15432
15712
15728
15448
15328
15616
15664
15384
15160
15440
15672
15352
15128
15384
15648
15424
15128
15352
15496