15936
15896
16032
16048
15968
15904
15968
16080
15992
15928
15992
16072
16104
16024
16072
16176
16144
16080
16128
16192
16312
16320
16328
16488
16520
16264
16200
16176
16264
16128
16048
16120
16176
16112
16032
15960
16008
15952
15824
15872
15984
16008
15864
15968
15968
16040
15952
15904
16016
16072
15872
15728
15800
16088
16496
17328
18408
19800
21152
21344
19904
18112
16976
15904
15280
15056
14824
14824
14712
14816
15104
15240
15400
15568
15856
15968
15992
16144
16264
16216
16152
16176
16320
16216
16176
16336
16216
16328
16232
16472
16416
16880
16888
16624
16208
16216
16280
15984
16384
16896
16960
16816
16616
17016
16896
16360
16672
17160
16992
16816
16840
17064
17480
17600
17264
17408
17816
17440
17696
18536
18176
18080
18200
18416
18624
18880
18840
18888
19328
19640
19328
19712
20144
20040
19648
19840
20168
20424
20864
20600
20264
20448
20136
19936
20176
20336
19768
19192
19264
19056
18816
18464
18304
18064
17808
17632
17464
17424
17280
17360
17400
17264
17056
16848
16896
16968
16912
16808
16808
16920
16912
16808
16656
16792
16848
16656
16632
16720
16792
16744
16632
16576
16656
16616
16344
16440
16480
16304
16616
16880
16296
16152
16240
16328
16344
16288
16160
16000
16208
16104
15960
16032
16016
16304
16160
15608
15672
15872
15832
15704
15864
16048
15952
15936
16000
15928
15904
16040
15968
15952
15768
15528
15696
16192
15936
15584
15528
15616
15952
15968
15768
15976
15800
15952
15536
15536
15744
15616
15568
15680
15824
15840
15752
15872
15824
15544
15640
15608
16272
16144
15544
15680
15816
15872
15784
15864
15920
16032
16040
15936
15904
15856
16328
16224
15744
15824
15960
15864
15960
16016
15728
16064
15920
15672
15872
15760
15736
15832
15808
15760
15760
15784
16328
16392
15800
15784
16000
16016
15888
16024
16240
16168
15992
16072
16072
16008
15880
15872
15944
16048
15928
15792
16040
16024
15888
15888
16232
16416
15904
15808
15888
16000
15904
15896
15840
16080
16168
15864
15960
15976
16008
15960
15760
16128
15976
15872
15888
16008
15936
15952
16024
16032
16208
15864
16000
16296
16000
15952
16008
16056
16264
16280
16160
16080
16272
16368
16240
16208
16168
16136
16056
16048
16200
16032
16016
16216
16200
15944
15832
15872
16032
16056
15808
15824
15976
16056
15912
15928
16016
16088
16072
15840
15696
15912
16296
16440
17256
18880
19760
20696
21424
19904
18360
17352
16000
15352
14960
14744
14792
14720
14728
15056
15288
15472
15744
16024
16192
16256
16088
16056
16112
16080
16232
16280
16288
16272
16312
16344
16200
16264
16472
16424
16336
16288
16248
16424
16632
16520
16488
16544
16552
16392
16296
16896
16832
16520
16656
16760
16752
16688
16808
16984
16856
16776
16912
17008
17024
17368
17512
17400
17312
17464
17512
17656
17736
17912
18048
18176
18400
18560
18416
18480
18728
19048
19096
19136
19088
19024
19000
18936
18944
19024
18856
18568
18584
18440
18048
17832
17768
17640
17376
17016
16880
16800
16648
16576
16616
16488
16464
16160
16048
16392
16224
16072
15984
15856
15976
15960
16032
16136
16184
16072
15880
15824
16040
15952
16120
16032
16264
16032
15880
15920
16064
16104
16024
16064
16000
16024
16024
15960
15976
16160
16216
16088
16024
15936
15944
15904
15880
16048
15944
16040
15792
16008
15976
15872
15864
16096
16104
15720
15792
15904
15936
15728
15760
15864
16096
15864
15712
15648
15760
15864
15824
15688
15728
15896
15816
15584
15832
15864
15688
15664
15904
16064
15640
15520
15624
15712
15816
15880
15712
15808
15936
15688
15456
15624
15712
15960
15592
15792
15784
15736
15640
15744
15856
15736
15800
15768
15816
15584
15544
15592
15952
15976
15664
15864
15880
15760
15648
15816
15816
15768
15760
15624
15824
15856
15704
15776
15960
15840
15696
15568
15944
15944
15680
15752
15888
15888
15848
15768
15728
15720
15632
15856
15992
15896
15896
15512
15688
15848
15776
15792
15744
16008
16000
15736
15720
16016
16104
15936
15536
15656
15840
15768
15768
15848
15912
15936
15824
15904
16240
16216
16040
16384
16360
16104
16184
16024
16232
16160
16016
15992
16064
15736
15728
15656
15712
16096
16104
15576
15584
15848
15896
15752
15720
15752
15904
15888
15744
15696
15824
15744
15440
15584
15976
16480
17320
18600
20104
21296
20960
19688
17904
16448
15480
14640
14664
14568
14384
14464
14832
15056
15064
15144
15432
15680
15848
15928
16024
15912
15936
16336
16296
16304
15912
16128
16648
16240
16224
15976
16192
16344
16304
16280
16288
16432
16440
16552
16416
16480
16472
16440
16448
16264
16768
16968
16520
16608
16656
16616
16696
16832
17024
16912
16920
17144
17152
17192
17200
17384
17480
17480
17568
17776
18120
17848
18144
18112
18392
18624
18664
18568
18760
18984
18976
19144
19232
19144
18952
19056
19248
18872
18608
18520
18288
18608
18160
17496
17520
17368
17200
16840
16856
16664
16720
16432
16328
16224
16216
16176
16128
16176
16088
16024
15984
15952
15960
16032
16104
16384
16320
16128
15896
15776
16064
16336
16152
15984
16176
16288
16152
15920
16184
16208
16128
16048
16144
16056
16160
16208
15848
15928
16048
16008
15696
16080
16264
15872
15824
15904
16048
16104
16008
16000
16296
16032
15800
15912
15896
15944
16000
16152
16064
15776
15752
15904
16184
16232
15824
15520
15752
15808
15720
15976
15840
15952
15896
15920
15832
16088
16008
15704
15960
15952
15824
15736
15768
15976
16152
15896
15800
15824
15848
15832
15920
15792
15880
15840
16040
15968
15936
15632
15712
16024
15896
15888
15712
15992
16160
15840
15752
16264
15928
15648
15832
16120
15960
15856
15704
15752
15872
15904
15784
15760
15848
16000
15752
15952
15936
15992
15832
15768
15832
15984
15896
15832
15936
15808
15776
15904
16232
16008
15864
15696
16024
15952
16024
15816
15696
15784
15984
16016
15776
16024
16280
16024
15712
16008
16112
16064
16120
16480
16320
16336
16072
16360
16096
16080
15896
15912
15952
16000
15896
16008
15976
15936
15848
15696
15880
15848
15736
15736
16104
15832
15744
15648
15728
15936
15656
16072
16080
15672
15688
16256
17024
18088
19264
20600
21552
20680
18776
17264
16232
15488
14664
14656
14536
14408
14688
14848
14920
15272
15648
15720
15696
15864
16088
16352
16136
16016
16104
16360
16336
15968
16264
16328
16264
16176
16224
16256
16472
16760
16192
16360
16392
16280
16352
16536
16552
16600
16584
16448
16592
16584
16632
16680
16648
16536
16880
17088
17000
16840
16792
16936
17104
17216
17224
17392
17408
17400
17440
17688
18008
17752
17856
18216
18128
18344
18504
18480
18800
18864
18936
18888
18872
19112
19064
19072
19096
18872
18744
18632
18664
18352
18056
17760
17448
17312
17424
17176
16728
16720
16608
16328
16336
16352
16424
16216
16008
16072
16160
16088
15984
16048
15912
15768
15928
15944
16048
15904
15704
15816
16072
16072
15936
15848
15952
15928
16112
15984
15960
15824
15976
16000
15904
15992
15896
16000
16072
16032
15880
15880
15784
16072
16192
15808
15944
15944
15864
15904
15816
16128
16136
15728
15768
15920
15792
15688
16000
15720
15904
15808
15800
16008
15864
15696
15640
15848
15968
15664
15720
15648
15768
15704
15688
15752
15888
15920
15760
15632
15720
15952
15776
15696
15712
15936
15784
15568
15648
15808
15736
15496
15680
15856
15616
15648
15632
15648
15960
15912
15504
15568
15800
15568
15720
15720
15768
15880
15576
15696
15696
15640
15688
15848
15840
15672
15352
15552
15688
15736
15696
15744
15816
15800
15632
15720
15760
15808
15736
15528
15792
15640
15536
15664
15864
15824
15632
15664
15752
15712
15760
15688
15576
15688
15656
15592
15608
15816
15800
15624
15800
15784
15776
15808
15800
15832
15776
15856
15480
15536
15760
15808
15608
15776
15800
15640
15648
15704
15768
15888
15728
15712
15832
15816
15864
15656
15984
16200
15960
15840
16080
16296
15912
15896
16088
16040
15848
15976
16040
15728
15720
15680
15720
15776
15888
15480
15560
15664
15624
15440
15528
15936
15792
15512
15664
15728
15736
15584
15416
15328
15640
16056
16560
17472
18768
20320
21448
20632
19144
17104
15800
15064
14608
14384
14296
14312
14472
14648
14632
14816
15080
15352
15504
15600
15848
15984
15712
15840
16032
16088
16040
15888
16112
16248
16112
15952
16000
16200
16192
16104
16312
16328
16192
16104
16216
16424
16424
16232
16280
16312
16416
16400
16288
16784
16800
16432
16480
16696
16728
16872
16776
16840
16928
17128
17000
17160
17248
17312
17600
17552
17592
17808
17920
17984
18416
18480
18600
18552
18784
18992
18840
18992
19272
19160
18968
18808
18880
18920
18872
18584
18320
18296
18056
17864
17432
17288
17192
16984
16624
16784
16696
16216
16320
16216
16144
15912
15872
15840
15984
16024
15848
15808
15912
15968
15872
15816
15784
15912
15968
15856
15928
16088
15808
15624
15880
16120
15872
15856
15896
15832
15840
15872
15960
15896
15704
15680
15728
15784
15968
15976
15880
16008
15872
15720
15920
15768
15992
15856
15544
15624
15720
15640
15672
15984
15792
15520
15680
15656
16064
15760
15528
15648
15856
15832
15696
15552
15568
15760
15608
15704
15760
15736
15544
15496
15680
15808
15864
15568
15576
15776
15696
15592
15616
15832
15912
15536
15600
15808
15696
15560
15560
15592
15592
15648
15752
15640
15760
15576
15608
15720
15784
15656
15656
15776
15680
15536
15560
15672
15880
15848
15704
15552
15704
15752
15864
15632
15576
15672
15632
15696
15720
15792
15840
15832
16024
16040
15696
15896
15896
16072
15992
16008
16048
16296
16064
15840
15912
15840
15864
15896
15952
15704
15864
15960
15624
15696
15744
15536
15592
15872
15752
15568
15672
15816
15792
15544
15704
15888
15632
15600
15528
15456
15992
16656
17400
18768
20456
21600
20944
19408
17584
16352
15464
14672
14448
14552
14664
14512
14376
14808
14968
15272
15632
15752
16056
16064
15792
15976
15888
15936
16008
16176
16224
16232
16112
16104
16328
16352
16152
16256
16520
16496
16104
16176
16456
16664
16624
16296
16312
16224
16392
16816
16688
16616
16464
16552
16808
16968
16816
16680
16944
16912
16872
16848
17464
17592
17152
17176
17592
17584
17720
17688
17848
18144
18224
18248
18416
18704
18880
18744
18960
19112
19072
19024
19104
19128
19360
19232
18848
18944
18960
18432
18008
18160
18112
17600
17304
17128
17128
16912
16560
16544
16624
16456
16496
16176
16232
16160
15944
15896
15960
16264
16168
15792
15992
16056
15912
15840
16008
16064
15944
15816
16200
16224
16024
15856
15728
16144
16072
16064
16224
16088
15880
15976
16080
16232
16080
15920
16008
16144
16136
15976
15736
16464
16200
15984
15816
15896
15976
15976
15976
16168
16104
15888
16056
15976
16168
15976
15744
15888
15984
16288
15968
15776
16032
16056
16096
15808
15880
16024
15904
15896
15928
15864
15928
15776
15952
15952
15904
15856
15840
15928
16056
15928
15744
16072
16128
16048
15648
16096
15912
15808
15632
15704
16024
16072
15696
15832
16072
15920
15944
15800
16016
15920
15920
15760
15976
16248
15696
15616
15848
16240
15880
15776
15824
16032
16072
15880
15736
15912
15888
15824
16008
15784
15784
15888
15864
16056
15944
15840
15888
16000
15976
15976
15704
15680
15944
16240
15928
15880
16024
15840
15872
15920
15888
15976
15792
15816
15808
16096
16048
15928
15880
15728
16032
16160
15968
15840
15928
15792
15920
16000
15872
15888
16072
15912
15736
15840
15960
15888
15960
16208
16024
15848
15856
15920
15752
16120
16152
15760
15888
15960
15920
15832
15776
15888
16240
15840
15840
16000
16072
16008
16088
16088
16000
16016
16128
16200
16232
16352
16280
16240
16296
16344
16136
16024
16352
16240
15864
15856
15936
16064
16016
15816
16136
16032
15888
15728
15776
16032
15784
15688
15944
16024
15896
15824
16160
15832
15688
15808
15712
16032
16768
17792
18848
20120
21496
21384
19688
17840
16696
15552
14552
14520
14768
14624
14632
14824
15088
15336
15360
15448
15888
15944
16144
15992
16056
16048
16184
16296
16192
16232
16200
16216
16216
16416
16424
16032
16296
16424
16320
16192
16144
16504
16344
16352
16608
16544
16448
16448
16432
16680
16680
16416
16640
16632
16728
16864
16760
17040
17032
16936
16920
16792
17088
17160
17360
17496
17440
17608
17632
17744
17992
18104
18072
17992
18512
18592
18552
18600
18944
18960
19096
18776
18832
18992
18856
18752
18808
18808
18648
18448
18264
18240
17664
17376
17344
17272
16944
16944
16640
16496
16632
16480
16192
16368
16336
15976
15968
16040
16080
15960
15944
15984
16072
15720
15960
16128
15856
15976
15920
15792
15944
15984
16024
15880
15888
16176
15864
15864
15888
16016
15888
15888
15984
16080
15968
15792
15952
16040
15872
15952
16016
15848
16024
15760
15792
15992
16080
15864
15752
15864
15848
15840
15688
16176
16120
15680
15568
15800
15896
15816
15952
15784
15880
15768
15656
15800
15832
15944
15744
15600
15768
15800
15728
15656
15856
15864
15832
15704
15800
15720
15664
15712
15680
15824
15632
15576
15688
15904
15896
15776
15624
15696
15696
15704
15720
15856
15768
15744
15504
15824
15760
15496
15536
15720
15808
15768
15584
15632
15816
15896
15792
15616
15752
15752
15544
15624
15688
16056
15576
15536
15800
15584
15568
15568
15616
15896
15888
15736
15680
15608
15696
15648
15832
15848
15672
15456
15640
15904
15888
15736
15584
15696
15696
15752
15760
15752
15568
15752
15696
15848
15968
15568
15584
15736
15880
15920
15712
15744
15824
15880
15872
16104
16080
16080
15992
16056
16200
16136
15744
16024
16184
15832
15832
15776
15944
15920
15712
15664
15840
15920
15680
15408
15776
15776
15696
15560
15640
15824
15728
15688
15664
15744
15696
15496
15728
15704
16264
16944
18128
19672
21224
21640
19904
17760
16376
15592
14744
14456
14544
14440
14416
14408
14640
15040
15080
15328
15808
15912
15736
15712
15928
16064
15888
15912
15976
16176
16376
15976
15952
16368
16168
16064
16352
16328
16384
16344
16304
16280
16312
16384
16424
16344
16504
16480
16432
16512
16648
16448
16480
16912
16712
16576
16720
16824
16864
16960
17136
17160
17360
17104
17112
17408
17520
17744
17744
17696
17984
18080
18112
18288
18616
18848
18704
18616
19104
19112
18872
18944
19032
19304
19112
18736
18920
18856
18472
18216
18272
18136
17560
17208
17176
17048
16936
16592
16560
16752
16352
16136
16072
16128
16200
16152
15832
15712
15968
15864
15784
15976
16120
15968
15760
15808
16088
15904
15792
16120
15912
16048
15728
15736
15992
15944
16056
16024
15776
15856
15888
15936
16112
15880
15760
15688
15824
16304
16216
15768
15688
15912
15752
15696
15968
16008
15816
15488
15960
16176
15808
15720
15632
15904
15768
15672
15728
15832
15936
15992
15848
15672
15872
15904
15616
15736
16024
15656
15792
15832
15600
15784
15800
15688
15912
15952
15656
15640
15640
16040
15856
15640
15688
15984
16096
15608
15672
15752
15704
15840
15832
15960
15736
15560
15792
15800
15944
15920
15872
15744
15864
15816
15672
15712
15888
15720
15808
15880
15800
15840
15832
15856
15904
15808
15704
15800
16104
15936
15656
15712
15840
15864
15688
15848
15992
15920
15920
15872
15896
15880
15928
15656
15984
15928
15728
15856
16112
16064
15952
15840
16104
16056
15872
15912
16008
16272
16496
16432
16296
16248
16112
16056
16032
16104
15960
15944
16008
15984
16160
16096
15792
15816
15832
16040
15888
15808
15832
15896
15872
15800
15928
16048
15904
15960
15920
15736
15592
15704
15912
16536
17536
18776
20224
21392
21504
19936
18032
16824
15888
14968
14672
14640
14928
14568
14496
14968
15240
15432
15872
15984
15872
16008
16088
16104
16352
16304
16208
16152
16312
16408
16344
16384
16624
16376
16320
16376
16272
16472
16464
16344
16592
16736
16400
16480
16728
16640
16568
16736
16752
16632
16760
16744
16840
16880
16816
16944
17080
17032
17040
17152
17152
17200
17664
17552
17328
17592
17856
17888
17792
17936
18400
18336
18256
18584
18808
18688
18864
19216
19136
18928
18984
19064
19272
19168
19048
18832
18912
18768
18376
18136
18136
17848
17568
17368
17192
16952
16928
16976
16624
16608
16416
16248
16144
16080
16264
16120
16192
16064
15936
16056
16056
16240
15944
15904
15896
15976
16208
16080
15888
15968
16320
16144
16088
15760
16128
16208
15968
16016
16032
15896
15960
16296
16080
16000
16024
16112
16376
16088
15928
16128
16016
16104
16112
15920
16048
16216
16072
16088
16048
15992
15776
16032
16024
15872
15864
15896
16080
16376
15952
15856
15808
15840
15968
16216
15824
15864
16024
16104
15920
15872
15984
15832
15800
15848
15912
15768
16056
16192
16040
15880
15768
15760
15880
15920
15936
16032
16000
15936
15888
15768
15976
16032
15888
15832
15976
16016
15896
15632
15800
16232
15784
15840
16104
16072
15768
15784
15912
15968
16056
15848
15840
15968
15960
15864
15800
16080
16040
15920
15632
15880
16032
15848
15888
16240
15944
16000
15784
15744
15920
15896
15904
15904
16048
15848
15944
15904
16000
15952
15792
15720
16072
16072
15936
15832
15968
15880
15824
15808
15832
15976
16104
15872
15776
15944
15912
15768
16112
16168
16120
15608
15688
15968
16184
15880
15736
15992
16056
15936
16040
15872
15944
15984
15800
15984
16064
15920
15928
15792
15896
15976
16032
15848
15952
16096
15936
15888
15864
16096
15952
15688
16032
16096
15968
16088
16064
15904
15832
15728
16064
15952
15920
15976
15976
15824
15904
16032
16120
15928
16056
16056
15976
16112
16096
16096
16168
16256
16664
16184
16248
16344
16368
16240
16192
15984
16248
16008
15904
15960
16072
16112
15936
15904
15952
16096
16096
15752
15720
15912
15944
15864
16016
16008
15936
16088
15880
15904
15616
15640
16168
16672
17328
18312
19456
21344
21880
20000
18152
16960
15832
15120
14736
14536
14664
14672
14584
14944
15296
15544
15424
15656
16016
16104
16152
16048
16104
16152
16168
16224
16352
16232
16192
16464
16368
16256
16280
16424
16808
16224
16120
16240
16512
16440
16416
16600
16672
16568
16376
16416
16768
16680
16688
16688
16752
16696
16880
16840
16872
16976
17048
16808
17040
17144
17200
17320
17344
17400
17752
17712
17648
18080
18184
18080
18152
18608
18632
18624
18640
18752
18912
18896
19120
18872
19000
19240
18984
18760
18944
18952
18432
18184
18272
18160
17848
17424
17256
17248
16984
16840
16840
16768
16568
16216
16248
16168
16224
16144
16136
16096
15912
16064
15912
16080
16032
15960
15992
15936
15960
16000
15944
15976
16088
16008
15888
16048
16224
16016
16096
15944
15904
15944
15840
15960
16104
16112
15992
15920
16064
15904
15848
15944
16288
16192
15680
15752
15880
16016
15960
15912
15944
16048
16128
15784
15552
15816
16024
15584
15880
15952
15848
15816
15728
15912
15848
15656
15784
15952
15872
15848
15792
15792
15960
15952
15648
15736
15792
15792
15696
15648
15816
15952
15720
15656
15768
15792
15744
15592
15840
15856
15784
15544
15936
16032
15784
15576
15528
15736
15768
15824
15656
15832
15992
15712
15616
15704
15648
15608
15880
15696
15784
15792
15640
15736
15936
15768
15520
15728
16064
16016
15352
15624
15744
15616
15728
15904
15992
15744
15808
15640
15784
15728
15792
15992
15920
15760
15624
15768
15984
15888
15752
15744
15968
16048
16096
16152
15936
15936
16112
16136
16104
16344
16296
15992
15920
16080
16008
15840
15896
15856
16008
15824
15752
15936
15848
15624
15632
15696
15552
15696
15864
15832
15664
15672
15680
15968
16016
15632
15560
15656
15760
15992
16872
18096
19368
20904
21656
20640
18480
16864
15872
14896
14680
14472
14392
14408
14464
14920
15040
14952
15288
15600
15664
15720
16000
16216
15960
16112
16136
16176
16088
16248
16320
16184
16176
16216
16216
16408
16272
16216
16344
16576
16568
16176
16224
16640
16584
16520
16408
16496
16712
16624
16696
16616
16744
16856
16664
16864
17016
16944
16992
17008
17384
17488
16968
17208
17448
17704
17632
17536
17832
18168
18272
18296
18288
18512
18816
18656
18960
18952
19184
19120
19080
19320
19368
19184
19200
18944
18704
18576
18400
18352
18224
17648
17384
17488
17296
16968
16824
16696
16472
16400
16488
16208
16320
16112
15968
16024
16192
16008
15864
16232
15952
15896
16016
15776
16176
16160
15696
15784
16160
16184
15896
15912
16064
16040
16104
15880
15952
16248
16096
15888
15952
16400
16168
15864
15808
16144
16032
15912
15856
16072
16192
15904
15992
16056
15992
15944
15856
15936
16280
15984
15888
15728
16112
16104
15776
15816
15816
15912
15824
15912
16208
15904
15776
15872
15936
15840
16144
16072
15864
16128
15816
15856
15984
15928
15936
15744
15880
15960
15856
15952
15904
16048
15992
15952
15752
15872
16168
16112
15848
15792
15840
16120
15904
15896
16264
15864
15664
15800
16168
16304
15776
15744
16104
15816
15800
15888
15912
15984
16000
16072
15904
15944
15904
15664
15952
16176
16008
15864
15864
16072
15872
15936
15832
15920
15944
15824
16056
16200
16104
15768
15800
15976
16304
16064
15776
15832
15984
16032
15984
16152
15936
16144
16104
15792
16080
16432
15968
16248
16568
16376
16288
16248
16280
16216
16064
16080
16032
16112
16056
16128
16176
16080
15840
15712
15832
15904
16224
15952
15744
16048
15928
15808
15752
15840
15992
16160
15720
15744
15880
15752
15976
16624
17776
18896
20064
21192
21592
19848
18152
16776
15736
14984
14592
14624
14608
14576
15080
14808
15184
15480
15512
15816
16176
16256
15792
15976
16256
16392
16080
16088
16472
16560
16192
16264
16280
16376
16448
16360
16384
16400
16448
16376
16464
16720
16584
16416
16440
16672
16688
16488
16648
16744
16960
16952
16616
16808
16928
16720
17032
17024
17120
17088
17152
17080
17400
17424
17272
17776
17952
17840
17744
17848
18336
18336
18224
18352
18776
19048
18600
18656
18992
19208
19432
19080
19040
19000
18864
18992
18776
18752
18376
17944
17936
17976
17592
17248
17000
17016
17328
16680
16216
16360
16488
16528
16224
16296
16232
15976
15968
16008
16040
16376
15944
15920
16432
15928
15736
15816
16024
16096
16088
16040
15952
15984
15880
15856
16200
16224
15952
16136
16008
16096
16208
15984
16104
16104
15968
16120
16184
15880
16032
16128
16088
15936
16064
16048
15976
15976
16064
15952
15872
16152
16200
16160
15880
15976
16080
15968
15960
15712
16088
16296
15840
15752
15896
15864
16128
15904
15856
15984
15816
15840
15976
15968
15976
15840
15912
16184
16064
15832
15864
15920
15952
15776
15920
15944
15872
15936
15848
15944
15952
15904
16056
15960
15904
15888
15952
15984
15952
15936
15768
16088
16192
15920
15752
15832
16008
15808
15792
16136
15976
15792
15848
15872
16160
15936
15656
15816
16024
15904
15872
16040
16096
16048
15720
15808
15760
15936
15984
15896
15808
16072
15888
15808
15992
15912
15784
15904
16192
16056
15696
15792
15768
15896
16008
15904
15736
16088
16200
15840
15712
15888
16032
15992
15832
16048
16024
15848
15768
15864
15992
16096
15888
15776
15808
16064
15808
15736
16016
16200
15768
15952
15872
15768
15816
16160
15728
15976
15912
15656
15712
15976
15904
15808
16056
16152
15808
15768
15920
16000
15792
15792
15872
15960
15904
15872
15840
16080
16056
15912
15920
15976
16104
16144
15904
16152
16120
16304
16064
16296
16536
16256
16200
15976
16008
15984
15888
16000
16088
16224
16128
15632
15904
15920
15952
15840
15792
15840
15776
15680
15864
15984
15888
15872
15856
15928
15800
15680
15840
15856
16312
17160
18000
19384
20912
21584
20160
18416
16936
15800
15104
14752
14712
14568
14392
14600
14920
14944
15176
15368
15776
15872
15776
15960
16144
16104
15992
16072
16200
16352
16192
16104
16216
16432
16184
15992
16224
16312
16320
16592
16456
16568
16184
16168
16344
16600
16376
16392
16576
16704
16648
16560
16648
16696
16792
16696
16616
16872
16968
16888
16888
17080
17096
17280
17264
17416
17400
17584
17664
17752
17896
18016
18096
18528
18416
18456
18688
18552
18776
18920
18952
19024
19272
19184
18736
18848
18944
18808
18656
18352
18360
18216
17752
17408
17328
17232
16984
16832
16712
16640
16504
16296
16336
16440
16088
16016
15832
15992
15968
15896
15856
16024
16048
15960
15872
15864
15952
15832
15728
15960
16008
16024
15944
15976
16152
15912
15784
16216
16264
16032
16128
15696
15648
15800
15912
15912
15880
15896
16256
15696
15928
16064
15840
15784
15896
16184
16128
15752
15624
15832
15864
15696
15720
15880
16024
16088
15776
15600
15768
15744
15728
15848
15888
15656
15704
15800
15736
15808
15784
15696
15976
15856
15496
16000
15984
15568
15536
15824
15752
15816
15648
15656
15896
15744
15680
15648
15816
15848
15712
15608
15608
15768
15824
15896
15784
15640
15784
15496
15584
15800
16040
15384
15552
15704
15712
15608
15760
15840
15776
15592
15696
16056
15816
15560
15632
15984
15656
15424
15840
15752
15872
15592
15520
15736
15872
15720
15936
15816
16064
15888
15576
15736
15856
15552
15840
15920
15688
16016
16016
15728
16032
16192
16008
16336
16328
16296
16168
16112
15872
15968
16024
15776
15840
16024
16064
16000
15672
15736
16040
15904
15560
15848
15888
15552
15800
15896
15848
15848
15832
15808
15816
15744
15640
15800
16008
16136
16632
17976
19672
20896
21528
20584
18760
17144
16264
15392
14880
14592
14536
14616
14768
14904
14856
15112
15392
15648
15744
15912
15928
16320
16384
15952
15928
16176
16336
16200
16152
16312
16392
16448
16320
16432
16392
16280
16576
16600
16416
16480
16464
16560
16648
16544
16536
16592
16728
16784
16480
16808
16952
16904
16792
16808
17104
17312
17064
16808
17048
17280
17576
17496
17448
17688
17704
17656
17904
18128
18160
18272
18432
18592
18672
18688
18816
19104
19368
19312
19064
18984
19296
19248
19032
18968
18872
18624
18416
18304
18064
17784
17616
17544
17384
17000
16848
17056
16704
16464
16288
16312
16184
16280
16192
16048
16200
16144
16080
16224
16144
16216
15856
15960
16184
16176
15792
15904
16088
15896
16208
16040
15880
16024
16088
16064
16056
16304
16312
16192
15984
16112
16168
16120
16096
16184
16240
16120
16072
16320
16576
16040
15832
16024
16144
16160
16064
15976
16064
16144
16120
15984
16032
16112
16000
15928
16032
16104
16000
15936
16024
16088
16064
15960
16032
16144
16056
16008
16032
16048
15976
15880
15944
16056
16088
16000
15944
15992
15992
15928
15904
16064
16152
16056
15808
16024
16168
16064
15928
15920
16240
15920
15896
15936
16144
16224
16288
15888
15976
15976
15792
16024
16144
15984
16048
15984
15952
16048
15936
15912
16048
16128
16096
16160
15832
15952
15992
15920
16000
16168
16016
15872
16008
16048
16104
16048
15904
15976
16512
15896
15784
16144
16008
15912
15904
15968
16104
16072
15896
16016
16152
16040
16168
16144
15952
15992
15976
15976
16048
15992
16048
16064
16024
16256
16104
15952
16248
16248
15976
15872
15960
15928
16032
16192
16328
16152
16096
15968
16024
16080
16072
16024
16088
16288
16400
16208
16200
16224
16336
16296
16288
16264
16600
16656
16576
16400
16384
16376
16248
16376
16528
16272
16112
16184
16312
16296
16208
16008
16032
16240
16096
15904
16112
16176
16056
16008
16136
16224
16184
15976
16080
16056
16008
16200
16104
16736
17472
18432
19560
21296
22032
20392
18584
17496
16240
15368
14936
14856
14824
14816
14888
15376
15672
15784
15824
16208
16280
16312
16296
16440
16704
16704
16672
16784
16480
16632
16552
16632
16760
16968
16952
16776
16800
16784
16664
16760
16912
16984
16768
16712
16848
16976
16888
16824
16928
17320
17048
16936
17008
17288
17312
17160
17160
17288
17408
17560
17480
17672
17696
17720
17736
17888
17928
18000
17968
18080
18344
18680
18400
18736
18880
18976
19048
19032
19240
19288
19280
19272
19304
19264
19168
18920
19000
18992
18600
18352
18224
18048
17760
17872
17640
17368
17048
16944
16848
16840
16712
16544
16528
16568
16568
16424
16416
16448
16360
16192
16208
16216
16328
16400
16248
16120
16096
16048
16056
16136
16320
16456
16304
16232
16216
16376
16312
16376
16512
16272
16184
16112
16248
16296
16160
16216
16448
16336
16176
16048
16328
16520
16216
16224
16368
16392
16280
16184
16232
16232
16168
16120
16216
16312
16224
15880
15880
16160
16176
16456
16080
16064
16200
15976
15968
16224
16344
16120
16000
16032
16176
16056
15920
16080
16224
16136
16120
16088
16072
16080
16104
15896
16072
16152
15976
15976
15952
16112
16160
15952
16032
16144
16064
15976
16064
16072
16048
15944
16024
16136
16144
16080
16120
16096
15984
15920
15936
16040
16016
15920
15928
16032
16072
15968
15936
16016
16136
16016
15976
15992
16064
16032
15936
15936
16104
16072
15960
15992
16064
16120
16040
15968
16048
16224
16064
15992
16000
16064
15960
16000
16056
16136
16096
15920
16008
16080
16040
16000
16072
16120
16144
16024
16000
16104
16136
16008
16008
16072
16176
16112
16000
16136
16160
16112
15984
16056
16152
16104
15952
15976
16128
16040
15984
16000
16104
16096
15976
16000
16096
16120
16000
16064
16176
16184
16184
16040
16160
16264
16176
16096
16240
16368
16336
16312
16480
16536
16392
16232
16288
16280
16232
16088
16104
16240
16208
16056
16048
16072
16136
16016
15904
15936
15992
15944
15840
16056
16208
16224
15968
15928
16072
15872
15768
15832
16112
16432
17288
18296
19488
20928
21648
20296
18552
17400
16280
15368
15016
14928
14768
14832
15008
15344
15352
15392
15576
15880
16072
16176
16312
16320
16256
16168
16296
16488
16496
16416
16360
16448
16488
16456
16424
16520
16632
16576
16496
16656
16696
16632
16552
16648
16784
16696
16680
16760
16840
16768
16768
17000
16984
16960
16944
16976
17120
17168
17096
17096
17296
17456
17344
17456
17536
17720
17832
17888
17960
18136
18208
18352
18352
18608
18880
18944
18928
19080
19104
19128
19064
19240
19352
19128
19064
19120
19192
18832
18456
18368
18280
17832
17784
17808
17688
17328
17056
16960
16808
16776
16576
16416
16496
16448
16352
16312
16352
16416
16168
16136
16248
16264
16136
16008
16168
16216
16304
16208
16440
16424
16264
16176
16032
16208
16224
16040
16272
16272
16288
16192
16160
16328
16384
16224
16256
16272
16352
16272
16136
16248
16336
16240
16168
16176
16312
16256
16136
16200
16256
16240
16096
16136
16192
16176
16080
16200
16192
16168
16152
16056
16176
16160
16072
16112
16192
16320
16080
15976
16088
16168
16104
16088
16120
16120
16168
16120
16152
16192
16184
16088
16000
16200
16184
16016
15992
16128
16112
16144
16040
16064
16248
16128
16040
16192
16216
16072
15984
15984
16176
16152
16064
16056
16112
16168
16104
16040
16128
16248
16088
16040
16088
16136
16168
16120
16176
16168
16104
16024
16128
16200
16104
16064
16080
16168
16176
16144
16160
16208
16184
16048
15992
16184
16144
16080
16056
16200
16184
16096
16016
16128
16184
16168
16080
16104
16128
16136
16008
16088
16184
16248
16136
16048
16112
16160
16096
16032
16152
16152
16128
16032
16184
16224
16048
16080
16096
16144
16088
15976
16152
16136
16072
16056
16088
16144
16240
16112
15976
15992
16112
16088
15960
16056
16144
16096
16048
16144
16240
16136
16104
16296
16432
16336
16288
16392
16464
16296
16232
16224
16248
16168
16096
16144
16264
16200
16032
15968
16032
16128
15968
15872
16000
16096
16024
16024
16008
16040
16016
15848
16088
16160
15904
15848
15928
15944
16288
17088
18072
19240
20760
21616
20288
18416
17352
16248
15408
15016
14896
14888
14904
14840
14984
15200
15280
15600
16000
16112
16144
16232
16232
16216
16216
16296
16400
16504
16408
16432
16496
16440
16320
16344
16496
16728
16512
16440
16568
16608
16520
16672
16680
16784
16744
16632
16600
16768
16776
16776
16824
16936
17008
16920
16952
17064
17144
17144
17080
17264
17360
17440
17352
17600
17768
17704
17648
17840
18152
18304
18280
18464
18640
18592
18656
18792
18864
19104
19192
18864
19048
19264
19336
18992
18784
18720
18616
18592
18344
18128
17864
17608
17528
17432
17200
16936
16792
16744
16704
16600
16456
16376
16376
16224
16120
16184
16200
16176
16064
16160
16232
16072
16008
16072
16184
16208
16000
16128
16192
16224
16152
16160
16224
16192
16096
16112
16160
16272
16168
16080
16104
16224
16168
16056
16144
16232
16160
16088
16120
16176
16088
15992
16040
16152
16040
16016
15968
16088
16144
16016
15968
15984
16088
15960
15896
16040
16080
15976
15880
15976
16016
15984
15896
15912
16008
15928
15864
15864
15992
15984
15944
15936
16024
15968
15912
15872
15976
16040
15928
15872
15976
16056
15968
15840
15960
16064
15960
15904
15936
15976
15936
15856
15944
16032
16000
15952
15952
15992
16040
15920
15896
16032
15992
15960
15912
15952
16072
15984
15888
15960
16096
15984
15920
16008
16032
15960
15936
15912
15992
16024
15960
15968
15992
16040
15928
15880
16024
16072
15928
15880
15960
16056
15960
15848
16032
16080
15968
15928
15984
16064
16024
15928
15936
16032
16056
15944
15976
16048
16048
15928
15944
16048
16096
16064
15944
15984
16144
16064
15992
16176
16248
16136
16128
16200
16360
16360
16344
16384
16472
16320
16136
16112
16176
16184
16056
16040
16152
16176
16104
15920
15936
16032
15912
15896
15936
16096
15936
15872
15992
16032
16032
15912
15960
16024
15912
15824
15952
16456
17272
18216
19360
20816
21760
20552
18600
17352
16424
15528
14840
14704
14840
14824
14768
15080
15328
15488
15576
15824
16080
16168
16136
16128
16232
16336
16288
16280
16400
16456
16424
16288
16384
16520
16480
16392
16456
16632
16552
16480
16560
16656
16560
16576
16576
16720
16776
16672
16728
16752
16856
16760
16768
16928
17016
16952
16936
17104
17128
17152
17168
17360
17488
17440
17504
17624
17792
17888
17912
18024
18200
18400
18360
18472
18688
18808
18816
18888
19064
19176
19144
19136
19168
19168
19096
18912
18864
18864
18584
18280
18168
17992
17776
17496
17352
17240
17040
16800
16704
16616
16640
16416
16304
16312
16368
16216
16120
16160
16256
16112
16008
16016
16168
16136
16008
16008
16104
16104
16032
16064
16168
16152
16080
16096
16112
16232
16088
16096
16168
16224
16112
16024
16168
16232
16160
16024
16152
16184
16120
16040
16064
16160
16096
16000
16048
16136
16128
16040
15952
16040
16056
15976
15928
16048
16072
16000
15912
15976
16048
15952
15904
15984
16080
16040
15920
15920
16064
15968
15944
15920
16008
15992
15968
15880
15976
16024
15960
15848
15936
16080
15888
15848
15912
16064
15928
15864
15968
16032
15960
15888
15936
15936
15984
15904
15936
16016
16056
15920
15904
15920
16040
15944
15864
15952
16072
15984
15872
15992
16016
15976
15856
15944
16088
15984
15912
15928
16032
15984
15816
15912
15992
16024
15880
15864
15984
16040
15928
15920
15976
16064
15928
15896
15944
16104
16008
15848
15920
16000
15944
15880
15888
16000
15976
15992
15912
16000
16000
15896
15896
15936
16032
15928
15864
15984
16072
15952
15896
15976
16080
15968
15856
15984
16048
16032
15960
15968
16048
16016
15968
15984
16088
16080
15936
15936
16048
16056
16016
15928
16056
16112
15976
15912
15976
16032
16008
15952
16048
16152
16120
16024
16096
16240
16176
16080
16152
16296
16384
16320
16416
16440
16376
16248
16144
16176
16232
16136
15976
16080
16192
16160
16008
16024
16096
15968
15864
15968
16040
15968
15880
15968
16024
16032
15960
15912
15968
15976
15784
15784
16024
16552
17336
18240
19544
21040
21472
19920
18232
17240
16168
15408
14920
14888
14880
14808
14848
15160
15344
15472
15600
15904
16136
16128
16088
16192
16288
16240
16192
16264
16392
16344
16304
16392
16504
16448
16336
16416
16480
16488
16456
16568
16528
16600
16544
16552
16624
16680
16632
16576
16688
16856
16816
16720
16832
16928
16952
16880
17024
17160
17088
17104
17168
17352
17400
17408
17472
17648
17728
17792
17856
18064
18240
18248
18344
18472
18736
18696
18696
18864
19072
19056
19016
19120
19264
19112
18984
18912
18824
18728
18504
18344
18224
18016
17728
17496
17392
17272
17008
16800
16824
16784
16552
16384
16416
16384
16240
16136
16232
16272
16168
16072
16064
16120
16144
16032
16016
16144
16192
16000
16056
16104
16160
16128
16024
16144
16168
16080
16064
16136
16176
16104
16056
16096
16136
16136
16064
16016
16112
16160
16040
16048
16120
16136
16024
15968
16048
16096
16016
15976
16072
16032
15944
15920
15952
16048
15992
15912
15936
16040
15984
15864
15872
15992
16008
15872
15832
15984
16008
15888
15872
15920
15968
15912
15840
15912
15984
15880
15880
15848
15968
15928
15856
15856
16000
15904
15808
15904
15976
15960
15872
15872
15960
15992
15888
15816
15872
15960
15864
15864
15912
16024
15880
15816
15872
15928
15928
15848
15888
15896
15920
15856
15912
15960
15920
15896
15840
15976
15960
15904
15848
15888
16008
15864
15808
15928
16024
15936
15840
15856
15984
15936
15912
15888
16008
15968
15856
15872
15984
15944
15880
15880
15928
15976
15912
15832
15840
16024
15912
15856
15960
15952
15920
15864
15904
15912
15960
15856
15888
15928
15952
15856
15824
15992
15984
15912
15848
15968
15968
15840
15912
15952
16000
15912
15816
15896
16032
15904
15808
15872
15992
15976
15856
15856
15936
15904
15872
15832
15976
15952
15840
15896
15952
16016
15864
15840
15976
16008
15912
15832
15888
16000
15952
15856
16008
16088
16016
15976
16056
16144
16200
16136
16216
16368
16448
16288
16136
16096
16184
16016
15944
16040
16088
16000
15912
16000
15928
15864
15816
15816
15896
15888
15792
15872
15928
15920
15816
15840
15944
15896
15816
15840
15720
15808
16008
16448
17552
18672
19872
21072
21032
19360
17784
16680
15816
15224
14840
14680
14768
14728
14864
15016
15208
15416
15672
15800
15928
16056
16064
16024
16064
16128
16176
16160
16192
16240
16312
16336
16240
16264
16376
16360
16360
16336
16440
16464
16392
16352
16488
16520
16480
16464
16632
16656
16632
16616
16696
16768
16744
16672
16808
16856
16888
16856
16944
17136
17160
17120
17200
17376
17464
17488
17560
17752
17912
17944
18008
18200
18336
18408
18440
18616
18824
18824
18856
18976
19080
19000
18944
19016
19032
18888
18704
18576
18432
18272
17968
17776
17680
17480
17200
17032
16944
16856
16616
16472
16472
16448
16328
16200
16232
16240
16120
16016
16064
16128
16072
15992
16016
16080
16032
16080
16024
16136
16128
16056
15976
16064
16080
16096
15976
16032
16192
16088
16048
16048
16152
16056
16032
16112
16176
16112
16024
16032
16096
16096
16032
15992
16056
16120
16000
15960
16024
16048
15960
15864
15976
16096
15960
15912
15944
16008
15960
15848
15880
15960
15944
15832
15912
15976
15952
15872
15936
15936
15976
15904
15800
15896
15984
15920
15856
15912
16016
15904
15808
15904
16000
15928
15784
15896
15960
15912
15840
15848
15920
15904
15768
15848
15928
15872
15824
15792
15848
15976
15872
15816
15920
15928
15872
15784
15816
15920
15832
15752
15856
15912
15864
15824
15856
15912
15904
15744
15816
15872
15960
15840
15816
15864
15944
15816
15760
15912
15952
15840
15752
15808
15936
15848
15800
15872
15984
15904
15808
15800
15912
15864
15808
15824
15912
15888
15800
15800
15864
15888
15832
15760
15856
15936
15872
15824
15824
15904
15832
15760
15872
15936
15856
15840
15848
15928
15896
15840
15824
15904
16016
15840
15824
15880
15960
15880
15784
15880
15960
15848
15824
15880
16024
15960
15896
15936
16056
16040
15896
15992
16176
16200
16168
16248
16424
16424
16248
16104
16136
16136
16040
15928
16008
16072
16008
15888
15864
15888
15792
15752
15856
15920
15880
15800
15816
15920
15920
15816
15800
15896
15928
15840
15680
15704
15864
16152
16920
17928
19144
20568
21376
20288
18536
17256
16208
15480
15032
14768
14648
14640
14768
14936
15096
15288
15568
15760
15880
15912
16096
16144
16104
16088
16208
16312
16288
16224
16280
16376
16384
16272
16376
16464
16376
16336
16400
16544
16520
16432
16376
16568
16584
16560
16496
16632
16744
16656
16648
16760
16848
16808
16752
16912
17032
17040
16992
17032
17248
17256
17256
17344
17544
17616
17616
17704
17880
18048
18088
18184
18376
18536
18536
18552
18760
18952
18960
18936
19048
19160
19112
19016
19040
19032
18920
18608
18488
18336
18200
17912
17696
17568
17456
17168
16944
16864
16800
16576
16424
16448
16504
16328
16184
16168
16280
16168
16024
16136
16168
16128
16048
16048
16104
16136
16056
16000
16160
16192
16104
16032
16128
16184
16088
16056
16088
16216
16176
16040
16080
16208
16200
16016
16136
16208
16160
16016
16080
16144
16144
16008
16080
16128
16128
16024
15968
16016
16136
15992
15936
16048
16128
16048
15944
15992
16072
16032
15904
15984
16072
16064
15944
15944
16040
15976
15960
15912
16024
16112
15984
15888
15944
16040
15960
15904
15960
16056
15992
15920
15944
16016
15952
15912
15944
16040
16024
15968
15952
16008
15976
15936
15976
16008
16040
15968
15928
15984
16056
16000
15928
15968
16080
16000
15920
15936
16056
16016
15888
16000
16056
16048
15936
15984
16008
16016
15976
15944
16056
16072
16016
15944
16008
16120
16016
15912
16080
16112
16016
15928
15976
16144
16016
15920
15984
16104
16064
15912
16008
16024
16088
16024
15960
16056
16064
16000
15952
16032
16064
16032
15928
16056
16160
16056
15968
16024
16128
16056
15984
16008
16120
16064
15928
16000
16040
16104
15992
16040
16112
16088
16000
15976
16088
16128
16016
15984
16024
16128
16096
16000
16056
16104
16072
15976
16032
16104
16096
15992
16000
16104
16112
16040
16000
16104
16184
16088
16104
16112
16216
16184
16104
16200
16344
16296
16264
16424
16624
16472
16304
16264
16376
16280
16112
16128
16216
16208
16200
16104
16072
16152
16016
15840
15976
16072
16056
15936
16032
16152
16048
15976
16024
16136
15984
15912
15888
15984
16128
16440
17328
18416
19656
20944
21424
20008
18272
17152
16144
15528
15088
14896
14808
14840
14992
15216
15272
15512
15760
15912
16000
16152
16280
16272
16192
16240
16320
16400
16336
16320
16384
16464
16408
16352
16448
16528
16504
16448
16584
16584
16608
16560
16616
16720
16672
16656
16696
16744
16792
16736
16760
16888
16968
16840
16888
17032
17128
17136
17136
17288
17360
17392
17408
17472
17680
17656
17624
17800
17952
18112
18200
18256
18480
18616
18592
18712
18928
19024
19008
19072
19224
19320
19192
19096
19128
19152
18976
18696
18640
18528
18280
17976
17848
17760
17488
17192
17080
17072
16920
16680
16632
16568
16544
16416
16296
16376
16384
16232
16136
16192
16320
16264
16176
16200
16232
16200
16128
16144
16272
16272
16208
16208
16288
16272
16200
16216
16272
16320
16248
16192
16272
16400
16232
16176
16240
16328
16312
16224
16264
16304
16224
16192
16208
16296
16224
16160
16272
16240
16192
16144
16144
16160
16192
16176
16136
16184
16216
16104
16016
16112
16152
16080
16000
16120
16184
16064
16032
16032
16144
16096
15984
16080
16176
16104
16008
16000
16120
16136
16056
16008
16072
16136
16032
15984
16008
16096
16064
15960
16024
16152
16032
15976
16000
16104
16072
16016
16024
16056
16128
15944
16032
16088
16056
16008
15960
16040
16144
16040
15984
16040
16152
16104
16000
16008
16056
16040
15968
16048
16056
16096
16088
16032
16176
16136
16016
16016
16048
16136
16088
16016
16072
16160
16072
15992
16032
16152
16136
15992
16080
16184
16104
16000
16040
16168
16072
16016
16048
16120
16176
16008
16056
16144
16168
16096
16040
16152
16144
16040
15976
16056
16176
16088
16048
16064
16224
16104
16080
16096
16152
16152
16104
16120
16200
16176
16008
16000
16112
16176
16120
16088
16160
16232
16136
16032
16160
16288
16256
16128
16152
16288
16288
16224
16280
16440
16504
16480
16472
16624
16488
16344
16312
16344
16304
16256
16176
16288
16304
16208
16040
16096
16128
16064
16008
16056
16136
16008
16000
16088
16168
16144
16120
16096
16136
16096
15904
15872
16056
16560
17232
18144
19408
21024
21704
20344
18536
17472
16432
15512
15144
15000
14960
14824
14856
15168
15328
15528
15664
15960
16168
16192
16248
16368
16432
16304
16320
16472
16552
16464
16352
16480
16632
16560
16536
16544
16688
16632
16568
16568
16728
16768
16664
16720
16816
16832
16784
16832
16872
16912
16944
16928
17008
17096
17024
16992
17112
17320
17240
17248
17376
17520
17552
17560
17632
17848
17896
17904
18048
18256
18376
18392
18448
18680
18816
18904
18872
19112
19248
19240
19176
19312
19400
19312
19160
19136
19072
18904
18648
18520
18368
18152
17896
17704
17568
17360
17160
16960
16912
16880
16704
16544
16568
16528
16416
16248
16328
16432
16312
16256
16264
16352
16304
16224
16216
16384
16376
16224
16264
16312
16360
16216
16224
16288
16368
16280
16192
16288
16400
16288
16248
16320
16352
16288
16208
16288
16352
16264
16176
16264
16312
16264
16208
16200
16288
16216
16168
16160
16208
16288
16192
16064
16136
16288
16120
16112
16152
16176
16200
16128
16080
16200
16128
16072
16056
16192
16184
16080
16088
16128
16120
16080
16048
16120
16144
16088
16040
16056
16200
16080
16032
16096
16160
16128
15960
16088
16144
16128
15992
16096
16160
16136
16016
16056
16096
16152
16032
15960
16120
16168
16096
16016
16056
16144
16072
16032
16104
16144
16192
16048
16080
16120
16120
15984
16088
16216
16088
16056
16056
16096
16144
16024
16032
16048
16144
16088
16024
16072
16168
16056
15944
16056
16208
16088
15984
16064
16192
16096
16000
16048
16184
16152
16016
16008
16128
16136
16056
16008
16128
16208
16072
16048
16080
16168
16144
16040
16152
16192
16208
16032
16064
16176
16112
16096
16104
16184
16232
16096
16096
16248
16272
16224
16192
16312
16464
16408
16400
16512
16632
16440
16232
16280
16384
16256
16120
16184
16336
16264
16160
16112
16192
16136
16064
15960
16040
16104
16064
16024
16136
16192
16080
16056
16088
16136
16040
15944
15912
16192
16552
17272
18360
19600
20904
21576
20336
18632
17504
16352
15584
15136
14976
14928
14888
15016
15248
15408
15520
15768
16056
16160
16168
16248
16416
16384
16296
16376
16520
16496
16416
16504
16560
16576
16504
16520
16616
16664
16616
16584
16688
16752
16728
16624
16720
16832
16800
16760
16824
16920
16904
16824
16928
17016
17040
16992
17016
17160
17224
17208
17200
17352
17552
17448
17464
17648
17872
17856
17920
18112
18280
18280
18408
18552
18768
18840
18888
19032
19168
19216
19168
19272
19400
19320
19256
19128
19120
19008
18712
18592
18416
18336
18032
17728
17608
17464
17280
16968
16952
16944
16696
16552
16504
16520
16424
16336
16312
16360
16320
16224
16144
16256
16280
16168
16136
16232
16264
16192
16096
16184
16296
16240
16176
16216
16352
16296
16208
16232
16344
16248
16240
16248
16304
16360
16192
16224
16256
16296
16176
16152
16224
16344
16232
16104
16184
16280
16176
16104
16184
16224
16168
16064
16104
16208
16192
16088
16080
16160
16160
16040
16072
16096
16184
16096
16008
16080
16176
16040
15936
16064
16096
16032
15928
16080
16176
16080
16008
16032
16088
16048
15976
16008
16136
16056
16016
15952
16064
16136
15984
15904
16008
16072
15960
15920
15960
16104
15992
15936
16008
16064
16008
15928
15944
16096
16008
15912
15992
16016
15968
15952
15928
15984
16080
15984
15968
16024
16104
15968
15944
16040
16096
16008
15952
16040
16080
16008
15976
16016
16056
16096
15968
16008
16056
16072
15984
15976
16008
16080
15976
15968
16024
16120
16008
15944
16008
16048
15976
16008
16104
16168
16120
16040
16128
16240
16272
16216
16352
16440
16520
16384
16280
16304
16304
16136
16016
16072
16184
16096
16032
16064
16056
15960
15848
15872
16008
15936
15864
15928
15968
16016
15864
15920
16064
16032
15872
15808
15848
15872
15960
16408
17376
18472
19744
21112
21488
20040
18096
16928
15976
15352
14888
14640
14744
14840
14840
14928
15176
15520
15608
15792
15952
16136
16280
16216
16192
16344
16360
16304
16224
16384
16464
16360
16400
16400
16528
16496
16408
16480
16584
16600
16512
16544
16648
16688
16584
16640
16688
16824
16744
16720
16800
16928
16872
16840
16960
16960
17064
17000
17144
17288
17368
17280
17472
17608
17696
17760
17864
18040
18184
18232
18288
18544
18688
18712
18784
19040
19200
19152
19168
19336
19464
19392
19280
19296
19248
19008
18824
18664
18520
18288
18056
17792
17640
17472
17216
16936
16872
16832
16608
16488
16432
16448
16296
16152
16160
16216
16104
16040
16088
16072
16096
15952
15992
16112
16096
15960
16040
16088
16104
16040
16064
16128
16184
16088
16024
16128
16240
16112
16024
16136
16216
16112
16040
16160
16176
16104
16048
16040
16144
16136
16040
16048
16072
16120
16040
15976
16064
16120
16016
15984
16072
16088
16024
15888
15912
16080
15992
15920
15960
16040
15984
15888
15920
15976
15992
15936
15896
15936
16048
15912
15864
15944
16008
15832
15848
15912
16056
15960
15888
15896
16048
15928
15848
15896
16008
15992
15856
15864
15976
15984
15840
15904
16000
16000
15912
15880
15952
15984
15984
15848
15944
16008
15944
15848
15904
16016
15992
15888
15960
16000
15960
15864
15936
16008
16008
15952
15888
15936
16016
15912
15904
15984
16008
15992
15912
15992
16024
15936
15864
15920
16072
16088
15968
16040
16128
16120
15992
16040
16232
16320
16256
16344
16432
16344
16176
16048
16144
16200
16072
15952
16096
16160
16096
15960
15928
16008
15968
15832
15920
15992
15936
15888
15872
15968
16000
15896
15928
16032
15968
15824
15752
15896
16184
16744
17704
18848
20256
21456
21136
19392
17848
16728
15664
15056
14824
14712
14760
14736
14984
15168
15304
15528
15736
15984
16048
16040
16192
16296
16216
16232
16336
16408
16336
16312
16384
16488
16512
16408
16392
16560
16552
16464
16488
16600
16608
16608
16528
16656
16760
16704
16640
16760
16872
16808
16752
16872
16968
16952
16904
17056
17200
17160
17216
17264
17384
17424
17424
17576
17728
17848
17880
17992
18232
18384
18360
18496
18744
18880
18896
18960
19136
19304
19288
19280
19352
19416
19328
19168
19112
19048
18856
18512
18360
18192
17984
17680
17448
17360
17208
16976
16824
16808
16672
16576
16360
16376
16432
16304
16176
16248
16296
16184
16128
16128
16176
16144
16080
16064
16128
16128
16056
16016
16144
16208
16160
16008
16152
16272
16112
16096
16160
16248
16184
16096
16184
16312
16224
16160
16224
16288
16184
16144
16160
16224
16272
16168
16152
16224
16280
16120
16064
16096
16248
16120
16072
16080
16216
16144
16040
16120
16176
16104
16048
16088
16160
16096
16040
16032
16104
16128
16024
16016
16120
16120
16096
15992
16048
16144
16008
15944
16104
16120
16096
15976
16040
16128
16080
16024
16016
16112
16072
16000
15976
16048
16096
16048
15984
16088
16104
16016
15976
16072
16112
16072
15952
16024
16096
16040
16032
15960
16112
16032
16016
16056
16088
16064
16016
16088
16072
16080
16096
16064
15976
16104
16096
16040
16032
16144
16096
15984
16040
16152
16072
15984
16064
16136
16104
16024
16096
16064
16112
15968
16088
16088
16112
16048
16064
16080
16144
16040
16040
16088
16184
16112
16040
16056
16152
16144
15984
16120
16144
16072
16008
16128
16128
16152
16024
16144
16128
16160
16088
16128
16048
16192
16120
16088
16088
16168
16112
16048
16104
16152
16104
16080
16168
16152
16152
16104
16160
16128
16168
16096
16184
16152
16184
16144
16144
16128
16208
16136
16080
16160
16240
16160
16072
16152
16176
16136
16056
16136
16192
16200
16096
16152
16160
16216
16128
16208
16200
16216
16136
16120
16184
16256
16160
16120
16144
16240
16144
16072
16152
16248
16144
16048
16168
16216
16176
16096
16184
16208
16192
16112
16192
16168
16224
16160
16128
16112
16192
16112
16096
16208
16216
16184
16128
16120
16200
16208
16112
16176
16216
16264
16232
16304
16288
16360
16272
16384
16352
16456
16480
16520
16552
16608
16496
16392
16400
16360
16280
16192
16224
16344
16280
16232
16264
16208
16112
16088
16088
16088
16096
16072
16088
16144
16152
16080
16112
16136
16144
16008
15896
16000
16288
16680
17528
18648
19816
21176
21408
19952
18296
17144
16088
15504
15032
14928
14928
14968
15080
15400
15488
15656
15848
16152
16208
16160
16312
16392
16328
16304
16424
16456
16488
16392
16560
16576
16552
16488
16544
16600
16624
16592
16640
16672
16728
16640
16664
16640
16736
16808
16712
16840
16936
16904
16848
16968
17000
17032
16992
17144
17192
17168
17176
17328
17360
17464
17456
17584
17712
17792
17880
17944
18056
18280
18280
18320
18600
18776
18848
18848
19064
19168
19256
19208
19360
19392
19320
19248
19256
19176
19048
18840
18680
18496
18352
18088
17792
17664
17592
17336
17096
17032
16976
16808
16584
16584
16584
16456
16432
16424
16416
16376
16272
16352
16336
16272
16192
16232
16272
16360
16248
16128
16224
16296
16240
16152
16280
16368
16312
16192
16256
16328
16288
16224
16304
16352
16288
16256
16304
16336
16384
16248
16272
16288
16368
16208
16160
16296
16328
16248
16176
16256
16328
16288
16128
16152
16248
16216
16144
16192
16224
16224
16112
16104
16208
16176
16120
16120
16224
16200
16088
16056
16120
16096
16088
16056
16160
16168
16136
16016
16080
16144
16120
16040
16112
16208
16152
16064
16008
16176
16176
16040
16024
16120
16112
16064
16032
16088
16144
16104
16024
16032
16136
16096
16040
16088
16120
16152
16032
16096
16152
16136
16024
16040
16112
16128
16016
16080
16144
16096
16384
16040
16184
16200
16136
16040
16152
16168
16080
16024
16072
16152
16176
16024
16112
16200
16144
16056
16112
16176
16112
16056
16064
16184
16136
16112
16080
16128
16128
16104
16016
16128
16208
16128
16008
16072
16160
16136
16056
16104
16192
16136
16072
16088
16120
16128
16072
16096
16176
16216
16104
16040
16088
16168
16104
16040
16152
16160
16120
16000
16120
16112
16088
16024
16096
16152
16104
16048
16064
16112
16128
16048
16080
16168
16184
16112
16048
16096
16112
16056
15992
16152
16208
16168
16016
16096
16224
16152
16096
16192
16344
16392
16352
16392
16576
16552
16384
16224
16304
16312
16184
16080
16200
16304
16184
16064
16112
16120
16008
15928
16000
16056
16056
16048
16104
16128
16136
16024
16056
16128
16088
15920
15840
15944
16128
16472
17296
18448
19776
21184
21624
20352
18464
17152
15968
15392
14976
14864
14840
14832
14936
15112
15304
15520
15792
15952
16032
16056
16272
16304
16280
16184
16376
16464
16424
16344
16408
16488
16424
16440
16512
16616
16584
16456
16584
16656
16664
16568
16624
16728
16704
16744
16712
16856
16848
16840
16768
16936
16976
16992
16928
17064
17224
17184
17096
17272
17352
17376
17400
17568
17728
17808
17768
17960
18184
18256
18312
18400
18672
18760
18816
18856
19112
19280
19232
19240
19416
19448
19360
19192
19232
19168
18968
18712
18648
18488
18232
17920
17720
17648
17384
17192
16968
16936
16816
16688
16488
16560
16456
16384
16232
16320
16344
16232
16160
16240
16232
16232
16152
16224
16304
16200
16088
16128
16208
16216
16152
16184
16264
16232
16264
16136
16256
16312
16224
16152
16312
16320
16224
16168
16272
16312
16280
16216
16256
16328
16256
16192
16192
16272
16240
16160
16096
16208
16184
16120
16024
16200
16216
16120
16064
16176
16184
16104
16064
16136
16232
16112
16048
16112
16176
16088
16048
16040
16160
16056
16064
16040
16184
16120
16024
15984
16120
16192
16056
16000
16136
16168
16064
15944
16064
16152
16096
15976
16104
16208
16104
16040
16048
16136
16104
16088
16000
16136
16152
16048
15936
16104
16176
16120
15960
16136
16096
16088
16032
16088
16160
16040
15992
16096
16184
16096
16032
16040
16160
16088
16080
16064
16160
16160
16072
15968
16168
16120
16016
16008
16144
16216
16064
15992
16072
16184
16104
16040
16096
16184
16096
16024
16048
16120
16104
16064
15976
16144
16168
15992
15960
16112
16144
16064
16032
16152
16152
16064
15936
16104
16176
16080
15992
16080
16144
16056
16056
16008
16120
16112
16064
16016
16160
16112
16064
15952
16152
16240
16176
16112
16208
16256
16216
16192
16320
16448
16432
16408
16480
16616
16408
16272
16224
16328
16264
16144
16080
16248
16248
16144
16024
16056
16088
15992
15896
16048
16128
16048
15984
16056
16152
16064
16032
16048
16144
15992
15880
15872
16072
16448
17184
18192
19432
20760
21672
20520
18888
17568
16320
15496
15064
14888
14848
14768
14928
15240
15352
15456
15696
16016
16128
16120
16160
16312
16248
16312
16192
16424
16504
16352
16272
16464
16536
16512
16432
16528
16600
16472
16472
16576
16672
16624
16632
16600
16752
16688
16656
16632
16848
16808
16800
16792
16864
16920
16928
16944
17080
17192
17160
17112
17288
17416
17400
17400
17520
17760
17776
17824
17976
18208
18200
18328
18432
18656
18752
18808
18888
19160
19256
19240
19152
19360
19408
19248
19144
19144
19080
18792
18552
18416
18312
17992
17752
17544
17472
17240
17000
16792
16792
16704
16544
16384
16496
16432
16256
16112
16232
16264
16144
16048
16112
16192
16112
16032
16072
16184
16072
16000
16032
16136
16080
16064
16032
16160
16128
16056
16024
16168
16176
16096
16040
16112
16224
16136
16064
16112
16248
16136
16056
16080
16248
16168
16048
16048
16192
16128
16096
15976
16168
16184
16096
16024
16128
16184
16032
15992
16056
16192
16008
16024
15992
16072
15968
15928
15928
16096
16040
15968
15944
16128
16048
15976
15920
16016
16040
15992
15936
16032
16088
15968
15888
15992
16120
15936
15904
15992
16144
15968
15896
15936
16088
15976
15952
15904
16064
16032
15960
15904
16064
16048
15968
15944
16048
16112
15984
15848
16016
16080
15976
15952
15968
16072
15912
15944
15920
16112
15920
15944
15920
16016
16008
15968
15920
16056
16064
15944
15952
16056
16024
15944
15896
15968
16080
15944
15968
15952
16072
15952
15928
15928
16120
16048
15960
15960
16032
16008
15968
15944
16024
16064
15968
15928
15992
16088
15968
15880
15984
16144
15968
15912
16008
16128
15928
15928
15944
16104
15968
15992
15928
16064
16024
15984
15936
15984
16104
15888
15896
15976
16104
15928
15952
16016
16120
15984
15944
15952
16088
15952
15928
16008
16136
15968
15984
15944
16112
16048
15968
15960
16048
16040
15952
15960
16016
16112
15944
15912
15992
16128
15952
15968
16032
16160
16000
16024
16104
16224
16048
16096
16152
16272
16312
16304
16280
16496
16560
16256
16200
16248
16296
16104
16040
16120
16224
16080
16088
16056
16056
15896
15888
15936
16024
15992
15944
15976
16064
16016
15864
15864
16040
16080
15856
15840
15920
16072
16312
17128
18256
19504
20720
21488
20288
18520
17200
16040
15408
15040
14792
14696
14736
14864
15088
15232
15464
15720
15928
15880
16120
16232
16232
16184
16200
16296
16464
16296
16216
16408
16488
16408
16336
16440
16536
16528
16440
16536
16576
16592
16472
16504
16656
16744
16520
16592
16768
16832
16696
16696
16848
16992
16848
16848
16976
17088
17032
16984
17104
17288
17360
17296
17416
17608
17768
17592
17784
18064
18200
18120
18272
18472
18744
18672
18768
18976
19136
19168
19072
19264
19352
19280
19096
19096
19192
19000
18720
18552
18472
18304
17872
17752
17632
17496
17128
16952
16944
16896
16608
16472
16456
16560
16352
16144
16240
16288
16136
16040
16080
16224
16224
16056
16072
16232
16184
15992
16024
16208
16216
16096
15992
16136
16232
16120
15936
16208
16312
16200
15992
16160
16288
16192
16032
16096
16288
16256
16048
16040
16296
16256
16096
16008
16176
16224
16168
15896
16152
16224
16024
15864
16072
16184
16112
15936
15968
16192
16080
15936
15880
16216
16112
16008
15808
16096
16112
15896
15864
16032
16136
15968
15848
15912
16104
16000
15888
15800
16064
15992
15856
15840
16072
16024
15944
15760
16032
16072
15912
15832
16024
16080
15952
15848
16016
16056
15952
15872
15944
15984
15880
15832
15944
16048
15960
15840
15928
15952
15984
15912
15864
16000
15984
15896
15848
15928
15976
15920
15872
15976
16008
16000
15840
15968
15984
15936
15872
15976
16056
15952
15896
15976
16024
15952
15896
15888
16016
16016
15896
15928
16008
15976
15912
15856
15976
16016
15880
15888
16000
16056
15912
15864
15944
16040
15944
15872
15904
16032
15992
15928
15960
16064
16072
15984
15888
16088
16144
16040
15904
16136
16216
16184
16136
16288
16504
16376
16216
16192
16328
16160
16032
16008
16152
16080
16032
15968
16064
15984
15904
15800
15896
16000
15848
15776
15912
16000
15864
15760
15928
16080
15968
15752
15848
15776
15800
15936
16608
17664
18720
20032
21440
21296
19472
17552
16448
15632
15048
14664
14576
14704
14736
14744
14800
15144
15432
15632
15664
15848
16136
16040
16016
16152
16248
16248
16104
16232
16328
16312
16232
16224
16344
16400
16328
16288
16432
16536
16480
16344
16472
16624
16536
16424
16560
16728
16680
16528
16672
16768
16792
16800
16768
16992
16984
16880
16920
17112
17248
17224
17136
17352
17504
17504
17528
17776
17984
17976
18072
18240
18480
18584
18512
18768
18904
19040
19040
19120
19336
19336
19184
19152
19128
19120
18840
18640
18576
18464
18184
17832
17696
17576
17288
16920
16944
16880
16672
16440
16432
16400
16280
16144
16104
16184
16184
15968
15920
16064
16080
16008
15880
15992
16088
15976
15896
16008
16104
16064
15928
16064
16144
16112
15928
16040
16128
16128
15992
16064
16200
16184
16040
16016
16144
16168
16112
16016
16144
16144
16096
15976
16080
16160
16112
15976
16104
16152
16056
15984
16000
16120
16048
15936
15960
16016
15992
15984
15928
16032
16088
15944
15928
15976
16080
16008
15912
15968
16048
16040
15896
16032
16104
16040
15936
15992
16072
16032
15920
15952
16064
16112
15952
15952
16080
16136
16024
15968
16056
16136
16072
15952
16048
16176
16120
16016
16160
16240
16216
15992
16056
16136
16088
16016
16000
16160
16200
16024
15960
16104
16128
16088
15944
16080
16152
16056
16024
16104
16216
16104
16032
16152
16160
16152
16048
16208
16264
16184
16112
16152
16328
16408
16240
16224
16472
16616
16544
16448
16408
16464
16320
16208
16248
16280
16224
16144
16288
16312
16224
16016
16032
16144
16120
15984
16048
16136
16216
16056
16024
16096
16176
16120
16040
16016
16024
15984
16048
16712
17688
18752
19912
21352
22016
20568
18488
17176
16224
15464
14864
14736
14944
15008
14968
15136
15512
15696
15808
15968
16176
16400
16296
16240
16328
16520
16480
16376
16456
16560
16568
16448
16496
16608
16632
16560
16608
16720
16776
16664
16600
16760
16808
16704
16744
16840
16944
16880
16792
16856
17032
17024
16952
17040
17168
17200
17104
17224
17336
17416
17336
17440
17616
17776
17688
17792
17936
18152
18128
18224
18456
18672
18712
18776
18992
19200
19200
19200
19328
19488
19560
19368
19448
19424
19368
19144
18992
18800
18688
18344
18112
17848
17880
17536
17224
17064
17144
16880
16712
16616
16696
16552
16392
16408
16488
16480
16200
16280
16352
16360
16192
16168
16160
16320
16184
16136
16096
16320
16208
16128
16168
16384
16264
16176
16168
16304
16272
16144
16200
16336
16328
16216
16192
16296
16368
16240
16264
16256
16416
16208
16144
16144
16384
16256
16160
16104
16448
16240
16168
16144
16392
16312
16128
16136
16304
16280
16152
16048
16272
16352
16184
16088
16200
16288
16160
16024
16104
16264
16160
16072
16032
16312
16176
16032
16032
16264
16144
16072
16048
16248
16248
16088
16048
16176
16272
16128
16048
16128
16296
16088
16056
16048
16312
16160
16040
16096
16296
16136
16080
16016
16288
16152
16104
16024
16224
16232
16032
16016
16152
16224
16080
16000
16192
16264
16096
16000
16040
16272
16144
15992
16056
16288
16152
16016
15984
16248
16144
16040
16008
16272
16208
16016
15992
16216
16200
16096
16008
16152
16256
16128
16008
16144
16232
16168