-74
-71
-74
-76
-75
-73
-75
-76
-75
-75
-74
-75
-75
-72
-74
-77
-76
-74
-76
-78
-77
-74
-78
-79
-79
-76
-77
-80
-78
-76
-74
-77
-80
-78
-77
-79
-82
-79
-76
-76
-80
-79
-78
-77
-79
-76
-62
-53
-48
-42
-38
-38
-39
-30
-17
-1
10
8
6
2
-1
-3
-5
-11
-20
-31
-49
-62
-66
-72
-75
-77
-81
-87
-90
-88
-90
-92
-95
-93
-92
-98
-99
-97
-95
-97
-97
-96
-94
-96
-98
-96
-93
-92
-94
-94
-89
-90
-96
-107
-74
-21
8
43
109
236
348
439
379
183
57
-15
-42
-53
-52
-51
-51
-58
-65
-69
-73
-72
-72
-74
-75
-72
-74
-74
-74
-71
-70
-72
-71
-68
-66
-67
-67
-65
-64
-63
-64
-63
-60
-60
-63
-61
-56
-54
-57
-58
-53
-52
-53
-54
-50
-47
-45
-45
-42
-37
-35
-34
-30
-22
-17
-14
-9
-5
2
6
12
19
27
31
38
46
54
59
64
73
79
84
87
93
99
100
99
97
94
83
73
63
56
42
25
12
4
-2
-15
-23
-29
-35
-42
-48
-49
-50
-52
-57
-57
-56
-59
-62
-62
-58
-60
-64
-64
-62
-62
-64
-64
-63
-61
-61
-61
-61
-58
-59
-58
-59
-59
-56
-58
-55
-56
-56
-57
-58
-54
-56
-58
-58
-55
-56
-55
-57
-55
-56
-59
-59
-57
-56
-60
-61
-58
-57
-58
-60
-58
-58
-57
-63
-61
-59
-60
-61
-63
-59
-59
-62
-64
-60
-59
-61
-62
-62
-59
-61
-63
-64
-60
-60
-63
-62
-60
-61
-63
-63
-60
-61
-63
-62
-62
-63
-64
-65
-61
-62
-61
-64
-61
-60
-63
-64
-61
-59
-61
-62
-61
-59
-59
-63
-61
-59
-57
-62
-61
-59
-59
-61
-62
-59
-57
-59
-61
-59
-58
-58
-59
-58
-56
-57
-58
-58
-57
-57
-58
-58
-56
-56
-57
-57
-55
-54
-57
-57
-55
-57
-57
-58
-56
-57
-58
-59
-57
-56
-57
-58
-57
-54
-56
-58
-58
-56
-55
-58
-58
-56
-56
-59
-59
-57
-55
-54
-50
-36
-26
-20
-18
-16
-15
-12
-3
10
26
29
21
15
12
13
10
2
-6
-10
-22
-38
-46
-46
-51
-56
-55
-61
-65
-67
-68
-68
-69
-71
-72
-72
-73
-74
-74
-71
-73
-76
-74
-72
-74
-76
-76
-73
-72
-71
-72
-69
-68
-73
-83
-52
3
29
63
128
254
367
456
393
198
75
3
-28
-36
-32
-33
-37
-43
-46
-53
-58
-58
-57
-58
-60
-59
-59
-59
-63
-62
-61
-62
-62
-62
-56
-59
-59
-58
-57
-56
-57
-57
-54
-52
-53
-52
-50
-48
-49
-49
-47
-44
-44
-47
-44
-40
-38
-38
-36
-31
-27
-24
-24
-18
-12
-9
-6
0
7
10
16
22
32
37
42
50
58
65
71
76
83
90
92
97
102
104
101
99
97
88
79
66
57
45
31
17
10
-1
-13
-22
-28
-31
-39
-48
-51
-51
-53
-61
-64
-65
-66
-68
-68
-68
-67
-69
-72
-71
-70
-70
-72
-72
-68
-70
-71
-69
-67
-67
-68
-69
-68
-68
-68
-67
-66
-65
-66
-67
-64
-64
-64
-65
-62
-61
-62
-64
-63
-62
-64
-67
-67
-64
-68
-67
-68
-66
-68
-72
-72
-69
-71
-73
-73
-72
-71
-72
-76
-74
-72
-73
-78
-75
-73
-75
-77
-76
-74
-76
-78
-80
-77
-78
-79
-79
-78
-78
-81
-81
-80
-78
-79
-82
-80
-80
-82
-85
-85
-83
-81
-85
-84
-81
-83
-83
-82
-79
-80
-83
-84
-82
-81
-82
-82
-80
-79
-81
-83
-82
-80
-80
-85
-81
-79
-80
-83
-82
-79
-79
-83
-82
-79
-80
-81
-85
-81
-81
-86
-83
-85
-86
-85
-83
-84
-82
-87
-86
-82
-84
-83
-88
-93
-92
-87
-77
-78
-80
-86
-90
-92
-81
-80
-84
-87
-83
-85
-86
-84
-82
-83
-82
-86
-88
-88
-83
-89
-84
-82
-87
-88
-91
-86
-81
-71
-61
-48
-42
-40
-44
-44
-42
-33
-18
-14
-15
-20
-35
-31
-25
-31
-42
-49
-50
-64
-85
-88
-79
-89
-93
-84
-87
-95
-96
-107
-106
-103
-109
-105
-103
-101
-88
-95
-93
-93
-96
-105
-114
-111
-111
-105
-96
-88
-88
-98
-95
-101
-115
-87
-36
-10
20
83
207
327
431
369
174
61
-7
-45
-65
-65
-63
-67
-71
-76
-78
-77
-78
-80
-83
-82
-78
-79
-75
-77
-77
-81
-82
-77
-82
-85
-77
-75
-79
-81
-80
-73
-70
-68
-66
-64
-68
-74
-70
-64
-60
-66
-68
-56
-53
-51
-52
-49
-47
-46
-43
-45
-39
-29
-29
-30
-24
-19
-14
-6
6
18
16
19
34
42
48
56
63
67
75
81
89
99
100
97
102
108
112
100
96
90
76
63
46
44
31
21
7
3
-4
-11
-20
-21
-26
-31
-38
-35
-36
-44
-49
-51
-48
-45
-46
-47
-44
-44
-48
-46
-46
-48
-50
-46
-45
-41
-40
-42
-40
-35
-33
-35
-36
-37
-35
-42
-39
-35
-29
-30
-33
-34
-29
-32
-33
-28
-33
-34
-33
-27
-26
-28
-31
-35
-39
-44
-42
-34
-30
-35
-33
-37
-34
-33
-32
-32
-31
-35
-34
-41
-34
-31
-31
-34
-29
-31
-32
-40
-41
-40
-38
-40
-38
-34
-33
-39
-39
-38
-35
-34
-34
-30
-26
-29
-35
-33
-29
-36
-43
-40
-37
-38
-38
-34
-30
-32
-37
-39
-37
-30
-32
-29
-27
-30
-40
-32
-29
-37
-35
-31
-26
-22
-28
-33
-30
-31
-30
-31
-23
-25
-30
-31
-25
-20
-24
-31
-25
-18
-17
-20
-23
-21
-25
-27
-28
-32
-23
-23
-16
-8
-5
3
5
17
17
18
22
27
39
59
78
68
58
49
52
56
57
46
33
30
28
10
-2
-7
-9
-11
-18
-19
-26
-30
-33
-33
-31
-28
-26
-32
-37
-31
-30
-32
-31
-24
-20
-22
-28
-23
-21
-23
-25
-23
-15
-22
-33
-29
15
59
78
110
180
290
380
461
373
197
86
48
37
23
24
27
26
29
27
16
11
0
2
7
23
36
31
25
28
36
32
18
17
24
34
40
54
46
29
21
25
28
14
20
28
38
41
29
44
59
52
43
55
71
74
72
63
61
75
77
70
74
85
87
101
109
103
102
112
109
118
130
139
144
134
128
151
166
167
176
178
180
190
191
187
177
171
196
215
196
178
173
172
139
119
123
122
121
107
96
104
99
95
62
56
63
72
74
76
59
51
78
92
65
66
63
63
62
66
77
87
82
71
78
89
91
71
61
79
103
92
80
103
100
80
92
106
109
118
105
86
92
83
92
106
113
131
116
86
78
109
131
102
80
99
109
101
100
105
101
112
121
101
107
118
104
102
101
112
121
126
97
97
117
116
105
126
136
98
105
122
103
115
133
130
98
96
113
124
118
126
104
105
129
134
119
107
128
120
104
119
126
124
143
121
111
120
127
134
112
106
134
148
139
127
140
131
130
138
128
128
162
150
134
141
118
113
127
132
150
142
136
137
129
127
136
157
155
148
173
183
179
170
180
207
219
209
213
213
212
221
223
210
208
202
175
149
147
142
137
138
131
124
127
124
123
127
133
129
114
110
119
122
124
122
114
113
117
119
116
125
127
126
129
125
124
125
131
122
138
193
234
266
302
371
465
522
547
365
237
194
176
152
153
162
157
156
150
145
145
146
132
133
137
142
137
136
141
140
138
137
140
142
137
138
139
137
136
133
136
138
137
137
139
143
142
142
144
145
150
150
149
145
145
144
151
155
155
156
160
170
167
164
166
173
174
176
182
191
193
195
200
207
213
216
218
223
233
241
243
246
253
257
259
262
265
264
264
258
256
251
234
214
202
195
184
172
162
159
150
139
132
126
120
112
108
107
106
102
101
99
98
96
90
90
90
90
91
94
94
93
94
93
96
94
92
95
96
95
92
93
98
98
94
95
97
95
94
89
94
93
89
87
90
87
84
84
81
83
83
76
75
80
79
73
69
70
68
65
62
61
62
62
59
57
57
58
55
57
55
51
48
53
55
50
47
47
49
49
43
45
43
41
37
37
40
40
37
36
36
39
37
32
34
34
31
31
36
38
34
30
29
32
30
26
25
27
26
25
23
22
20
18
17
18
19
18
16
15
14
12
14
17
15
14
13
14
16
14
11
12
14
13
10
9
11
12
9
7
10
9
3
0
6
16
25
32
38
46
44
43
43
56
68
81
90
89
84
78
76
76
74
65
53
42
26
10
4
2
-1
-6
-12
-12
-12
-15
-23
-26
-23
-29
-37
-35
-25
-20
-22
-24
-26
-25
-28
-28
-26
-25
-29
-29
-24
-22
-28
-36
-38
8
60
96
147
229
358
446
515
391
192
80
22
9
4
9
7
2
-1
-11
-18
-19
-17
-21
-24
-23
-21
-21
-26
-24
-23
-23
-25
-26
-22
-24
-27
-26
-22
-21
-22
-22
-20
-18
-21
-22
-20
-15
-16
-19
-19
-15
-13
-16
-13
-8
-7
-9
-5
0
2
2
5
12
15
17
18
26
32
35
39
46
56
60
62
66
81
89
92
101
109
114
114
122
131
135
133
133
132
127
121
108
98
83
68
54
43
31
16
6
-1
-6
-15
-22
-25
-27
-33
-39
-41
-40
-41
-48
-47
-42
-44
-47
-50
-49
-51
-53
-53
-50
-48
-48
-51
-53
-50
-51
-54
-55
-53
-49
-50
-49
-49
-47
-50
-51
-51
-49
-52
-54
-51
-49
-48
-50
-49
-50
-51
-53
-54
-52
-54
-58
-59
-56
-58
-60
-61
-59
-59
-64
-62
-61
-58
-61
-63
-61
-59
-60
-63
-61
-60
-62
-62
-60
-59
-62
-65
-65
-59
-62
-66
-68
-68
-69
-64
-58
-60
-59
-62
-66
-65
-59
-61
-67
-67
-67
-67
-68
-68
-66
-67
-70
-72
-71
-72
-75
-79
-74
-72
-76
-77
-74
-72
-75
-77
-76
-76
-77
-81
-80
-78
-78
-81
-82
-79
-78
-81
-83
-78
-79
-83
-85
-80
-82
-83
-85
-82
-80
-84
-85
-83
-80
-87
-91
-82
-64
-50
-49
-44
-36
-32
-35
-33
-25
-12
7
8
7
0
-5
-4
-2
-12
-26
-33
-46
-61
-74
-82
-87
-87
-89
-95
-96
-95
-100
-110
-113
-109
-107
-106
-109
-106
-106
-108
-112
-108
-108
-110
-111
-110
-108
-110
-112
-113
-106
-112
-124
-99
-37
5
53
125
253
368
442
391
178
44
-35
-62
-69
-63
-62
-70
-80
-87
-91
-94
-94
-94
-98
-101
-103
-101
-98
-102
-104
-102
-95
-99
-98
-96
-96
-100
-104
-99
-94
-92
-95
-90
-91
-90
-88
-89
-88
-87
-84
-83
-82
-82
-82
-82
-80
-76
-77
-72
-66
-62
-61
-60
-55
-52
-47
-43
-36
-30
-25
-20
-11
-3
1
6
12
22
28
34
44
53
60
64
68
72
75
71
71
68
61
49
35
26
14
-1
-18
-28
-38
-49
-60
-70
-76
-80
-87
-94
-93
-95
-99
-103
-104
-102
-105
-107
-109
-111
-117
-115
-110
-107
-105
-107
-107
-106
-108
-111
-111
-108
-110
-110
-113
-111
-113
-106
-102
-101
-104
-108
-112
-112
-102
-103
-105
-101
-100
-102
-106
-105
-104
-106
-106
-107
-105
-108
-112
-112
-107
-108
-111
-116
-115
-116
-114
-112
-113
-113
-113
-116
-119
-116
-119
-119
-118
-115
-114
-114
-115
-115
-116
-117
-119
-120
-119
-118
-115
-114
-115
-115
-117
-118
-113
-114
-119
-119
-113
-112
-115
-110
-109
-110
-113
-113
-112
-114
-117
-117
-115
-115
-116
-119
-116
-116
-117
-119
-120
-119
-120
-123
-119
-115
-120
-123
-126
-117
-112
-115
-116
-117
-117
-121
-123
-124
-123
-120
-122
-117
-118
-122
-122
-120
-116
-117
-119
-117
-113
-118
-119
-120
-117
-120
-121
-119
-116
-119
-123
-123
-118
-116
-119
-114
-100
-88
-83
-81
-75
-74
-73
-65
-54
-38
-37
-38
-32
-37
-40
-40
-48
-52
-60
-76
-95
-106
-110
-114
-118
-122
-125
-131
-135
-137
-139
-138
-142
-141
-137
-139
-141
-142
-144
-146
-140
-133
-132
-133
-135
-135
-132
-129
-133
-135
-140
-149
-121
-64
-25
23
91
214
325
416
352
146
26
-46
-72
-84
-83
-77
-87
-102
-113
-114
-111
-114
-116
-117
-116
-115
-115
-116
-116
-116
-116
-116
-113
-113
-115
-111
-110
-110
-108
-107
-104
-104
-104
-105
-100
-98
-102
-101
-97
-97
-98
-93
-93
-91
-93
-93
-90
-84
-82
-81
-78
-72
-70
-68
-67
-61
-55
-54
-51
-42
-34
-31
-26
-16
-10
-8
-1
6
16
21
23
32
37
43
46
48
50
51
45
38
33
21
8
-4
-13
-27
-40
-53
-61
-67
-79
-87
-94
-97
-101
-106
-110
-109
-113
-118
-119
-116
-117
-122
-122
-119
-118
-120
-123
-121
-116
-114
-117
-114
-113
-115
-116
-115
-113
-116
-115
-115
-112
-111
-112
-111
-111
-109
-110
-111
-110
-110
-112
-113
-111
-110
-111
-114
-114
-112
-114
-114
-112
-110
-114
-115
-115
-114
-118
-120
-120
-118
-118
-121
-120
-121
-121
-124
-122
-118
-118
-121
-123
-121
-120
-123
-127
-124
-122
-124
-126
-126
-120
-122
-123
-122
-120
-122
-124
-126
-124
-121
-123
-124
-124
-123
-125
-127
-124
-125
-127
-130
-125
-120
-122
-124
-123
-121
-124
-125
-125
-122
-123
-124
-124
-121
-122
-124
-125
-122
-120
-122
-123
-120
-118
-120
-122
-118
-116
-118
-122
-121
-119
-121
-125
-124
-119
-121
-124
-123
-120
-119
-121
-122
-122
-119
-122
-123
-122
-121
-123
-121
-110
-100
-95
-91
-85
-83
-85
-83
-71
-57
-44
-40
-42
-46
-51
-51
-55
-60
-67
-74
-90
-107
-114
-121
-125
-128
-128
-135
-143
-142
-141
-144
-148
-148
-146
-145
-148
-150
-147
-148
-148
-150
-147
-146
-149
-150
-148
-142
-145
-147
-150
-157
-157
-110
-69
-41
1
91
223
316
384
219
58
-30
-69
-93
-103
-103
-103
-111
-119
-121
-124
-129
-130
-130
-129
-131
-133
-130
-128
-128
-130
-128
-126
-125
-126
-126
-122
-120
-121
-123
-120
-118
-118
-121
-121
-115
-115
-117
-116
-111
-110
-113
-113
-111
-110
-110
-108
-104
-100
-101
-100
-95
-93
-93
-91
-84
-78
-76
-74
-66
-61
-57
-52
-46
-37
-31
-28
-22
-13
-8
-6
1
7
11
10
18
23
23
19
14
11
6
-5
-19
-29
-38
-50
-63
-74
-78
-85
-96
-105
-106
-112
-118
-122
-123
-122
-126
-127
-128
-126
-127
-129
-126
-124
-124
-126
-124
-122
-123
-125
-123
-120
-121
-123
-122
-118
-120
-120
-121
-118
-117
-121
-120
-119
-118
-122
-122
-121
-118
-119
-124
-121
-118
-120
-126
-124
-120
-123
-126
-129
-125
-125
-126
-128
-126
-128
-129
-129
-130
-127
-129
-130
-129
-126
-128
-130
-128
-127
-128
-131
-132
-129
-125
-131
-130
-127
-128
-129
-130
-128
-130
-132
-133
-130
-129
-130
-130
-129
-127
-132
-130
-127
-127
-129
-131
-129
-129
-130
-134
-132
-129
-127
-131
-130
-127
-130
-129
-132
-127
-122
-129
-131
-133
-132
-131
-129
-128
-125
-127
-127
-129
-130
-130
-136
-136
-133
-132
-137
-137
-132
-133
-135
-139
-138
-137
-135
-137
-137
-134
-135
-137
-135
-133
-137
-139
-135
-126
-120
-116
-109
-101
-102
-106
-101
-87
-75
-65
-60
-56
-55
-62
-64
-62
-69
-79
-82
-95
-112
-128
-131
-134
-132
-139
-144
-144
-142
-141
-147
-151
-148
-145
-150
-157
-157
-154
-151
-145
-149
-149
-144
-141
-144
-146
-148
-140
-133
-135
-144
-151
-108
-66
-46
-18
66
205
308
393
251
93
-2
-37
-69
-82
-82
-85
-88
-91
-92
-97
-102
-105
-101
-103
-107
-107
-102
-100
-102
-104
-103
-101
-103
-106
-104
-100
-100
-102
-100
-98
-98
-100
-99
-95
-97
-96
-96
-92
-92
-93
-93
-90
-89
-91
-93
-91
-88
-84
-78
-77
-75
-66
-62
-61
-65
-64
-56
-42
-40
-44
-41
-19
-10
-11
-10
0
12
17
18
17
26
39
41
43
46
50
51
54
51
43
34
24
16
6
-5
-20
-30
-35
-44
-54
-63
-67
-75
-79
-84
-85
-84
-86
-90
-95
-96
-105
-103
-91
-86
-88
-99
-100
-91
-90
-99
-98
-90
-86
-90
-96
-92
-87
-88
-93
-91
-88
-88
-93
-92
-86
-90
-87
-87
-84
-88
-94
-93
-91
-91
-93
-95
-95
-95
-99
-100
-96
-92
-93
-96
-94
-96
-97
-99
-99
-96
-97
-101
-103
-101
-102
-105
-100
-95
-95
-97
-98
-98
-98
-103
-104
-100
-97
-100
-105
-104
-101
-100
-103
-102
-99
-96
-100
-103
-101
-97
-99
-104
-100
-101
-104
-105
-102
-98
-97
-100
-101
-98
-100
-107
-105
-98
-101
-106
-99
-96
-96
-100
-99
-98
-98
-96
-94
-93
-96
-96
-99
-95
-94
-96
-97
-93
-91
-93
-94
-93
-92
-93
-96
-92
-88
-87
-92
-86
-77
-69
-65
-52
-45
-46
-48
-45
-32
-19
-8
-6
-3
-8
-13
-14
-20
-23
-30
-42
-60
-73
-77
-83
-87
-88
-93
-100
-102
-101
-104
-107
-109
-107
-107
-108
-108
-107
-106
-110
-111
-108
-107
-110
-110
-107
-104
-103
-108
-108
-109
-116
-79
-34
-3
35
112
245
345
436
305
129
29
-18
-42
-59
-65
-61
-61
-69
-79
-80
-82
-89
-89
-85
-83
-87
-88
-86
-86
-88
-88
-85
-84
-84
-86
-82
-80
-81
-82
-80
-78
-78
-76
-74
-71
-71
-74
-76
-71
-65
-68
-65
-63
-63
-62
-60
-56
-56
-56
-56
-51
-48
-46
-46
-42
-36
-34
-30
-25
-16
-14
-11
-3
4
9
14
18
25
32
34
38
45
53
56
56
60
60
60
53
49
42
31
21
11
1
-13
-24
-31
-37
-48
-57
-64
-69
-73
-80
-83
-84
-86
-89
-92
-90
-90
-91
-94
-90
-90
-91
-94
-92
-90
-90
-92
-94
-90
-88
-86
-87
-86
-85
-86
-88
-86
-84
-85
-84
-83
-81
-83
-87
-86
-85
-83
-87
-88
-85
-86
-90
-88
-86
-88
-89
-91
-88
-88
-91
-93
-91
-89
-92
-94
-94
-88
-92
-96
-93
-92
-93
-97
-94
-91
-91
-94
-96
-92
-92
-95
-97
-93
-94
-97
-98
-94
-93
-95
-98
-95
-92
-95
-97
-94
-93
-93
-96
-98
-94
-93
-97
-96
-92
-93
-97
-98
-93
-94
-94
-96
-94
-93
-95
-96
-95
-92
-95
-97
-96
-92
-94
-98
-98
-93
-94
-98
-98
-95
-93
-97
-100
-96
-95
-94
-99
-95
-92
-92
-96
-95
-91
-93
-95
-88
-76
-70
-67
-59
-57
-57
-57
-48
-34
-19
-12
-14
-12
-18
-20
-22
-25
-32
-36
-49
-67
-77
-84
-90
-92
-93
-99
-103
-106
-104
-106
-112
-112
-108
-108
-113
-114
-111
-109
-112
-115
-111
-108
-108
-112
-110
-107
-108
-111
-115
-121
-118
-70
-36
-8
35
129
261
359
417
240
92
8
-25
-53
-68
-66
-66
-72
-83
-84
-84
-86
-92
-90
-85
-87
-87
-89
-84
-86
-88
-87
-83
-83
-86
-84
-81
-78
-81
-81
-77
-72
-70
-74
-71
-66
-66
-70
-64
-60
-60
-63
-62
-58
-56
-55
-54
-47
-46
-46
-45
-41
-36
-36
-34
-29
-22
-20
-19
-13
-6
-1
2
10
17
24
26
32
40
44
47
53
61
64
68
70
75
76
70
65
60
55
44
31
23
15
3
-13
-18
-24
-31
-42
-47
-49
-51
-58
-62
-61
-63
-66
-70
-67
-66
-69
-72
-70
-65
-68
-71
-67
-60
-61
-63
-62
-60
-59
-60
-61
-58
-56
-57
-57
-55
-56
-57
-58
-57
-56
-57
-60
-58
-55
-57
-61
-59
-56
-59
-64
-64
-61
-62
-64
-65
-62
-61
-67
-69
-65
-63
-66
-70
-66
-64
-66
-70
-68
-66
-67
-69
-68
-64
-65
-67
-67
-63
-64
-68
-69
-67
-65
-68
-70
-63
-65
-69
-71
-67
-67
-68
-70
-68
-65
-67
-71
-69
-65
-66
-69
-66
-65
-65
-69
-69
-68
-64
-68
-70
-66
-65
-67
-69
-65
-63
-65
-69
-66
-63
-64
-68
-66
-62
-63
-67
-68
-62
-63
-64
-66
-63
-60
-63
-64
-62
-60
-62
-64
-62
-62
-62
-62
-52
-40
-33
-30
-26
-23
-24
-19
-8
9
22
22
20
18
16
15
10
5
-1
-12
-29
-42
-47
-51
-57
-57
-57
-64
-72
-73
-71
-70
-74
-76
-73
-75
-77
-80
-75
-75
-80
-81
-78
-75
-76
-78
-75
-70
-71
-76
-80
-87
-52
-10
15
50
121
245
351
456
357
181
69
20
-7
-25
-32
-28
-28
-37
-44
-47
-46
-52
-54
-52
-50
-51
-56
-54
-49
-48
-53
-49
-47
-47
-49
-51
-45
-43
-44
-46
-41
-38
-38
-39
-38
-33
-32
-34
-37
-30
-29
-32
-32
-30
-26
-26
-25
-22
-18
-18
-15
-10
-6
-4
-3
3
8
11
14
20
28
30
35
41
49
54
56
62
71
75
78
83
92
96
96
98
101
101
95
85
83
76
63
49
41
30
19
7
-1
-4
-12
-23
-30
-30
-33
-39
-43
-44
-43
-46
-48
-47
-46
-48
-51
-48
-45
-46
-49
-46
-43
-44
-47
-46
-42
-42
-44
-43
-39
-39
-41
-44
-41
-39
-43
-43
-41
-40
-41
-42
-39
-38
-40
-46
-44
-41
-44
-48
-45
-43
-44
-48
-50
-45
-46
-50
-51
-49
-47
-49
-51
-49
-47
-51
-54
-52
-50
-51
-53
-52
-49
-49
-52
-52
-50
-51
-54
-53
-49
-50
-54
-55
-51
-50
-52
-55
-52
-49
-54
-56
-53
-51
-53
-57
-54
-51
-52
-57
-56
-52
-52
-57
-55
-48
-50
-53
-56
-51
-50
-51
-53
-52
-49
-52
-54
-54
-51
-53
-57
-56
-51
-51
-54
-55
-53
-52
-56
-56
-55
-53
-56
-57
-53
-54
-54
-54
-45
-35
-29
-24
-18
-15
-18
-16
-4
10
23
28
28
26
23
20
17
13
6
-2
-19
-35
-42
-47
-54
-54
-55
-60
-66
-67
-67
-69
-73
-73
-69
-72
-74
-74
-72
-71
-74
-75
-73
-71
-73
-73
-71
-69
-68
-69
-70
-79
-72
-24
7
35
79
182
313
413
437
254
113
39
7
-20
-29
-29
-29
-35
-41
-44
-47
-49
-52
-51
-47
-50
-52
-49
-48
-47
-49
-48
-44
-44
-47
-47
-42
-41
-42
-43
-40
-38
-38
-38
-36
-33
-33
-34
-32
-31
-29
-29
-27
-26
-23
-24
-19
-17
-16
-16
-14
-10
-6
-4
-1
5
10
11
15
24
29
33
37
45
52
58
58
66
74
78
79
86
94
97
97
99
102
102
95
88
86
77
66
54
42
34
22
9
1
-4
-12
-20
-23
-27
-31
-36
-39
-39
-40
-44
-45
-42
-44
-47
-48
-45
-45
-44
-44
-43
-42
-44
-44
-41
-39
-40
-41
-40
-38
-37
-40
-38
-36
-35
-38
-38
-35
-34
-36
-40
-37
-36
-37
-42
-40
-39
-39
-41
-43
-39
-40
-44
-45
-43
-43
-46
-46
-46
-45
-48
-50
-50
-46
-48
-50
-47
-50
-49
-52
-49
-50
-50
-52
-51
-49
-52
-55
-54
-51
-51
-53
-51
-51
-52
-55
-53
-51
-51
-53
-55
-53
-51
-52
-57
-55
-55
-54
-58
-56
-53
-54
-56
-57
-54
-53
-56
-59
-57
-56
-57
-58
-57
-54
-57
-58
-56
-54
-55
-57
-56
-56
-55
-59
-59
-57
-55
-57
-58
-54
-56
-57
-58
-54
-55
-57
-58
-54
-54
-58
-58
-56
-54
-54
-57
-55
-52
-53
-57
-54
-48
-40
-35
-29
-20
-19
-21
-21
-9
3
15
24
26
27
19
14
17
15
5
-3
-10
-27
-42
-47
-50
-52
-53
-60
-64
-64
-65
-69
-71
-69
-71
-73
-76
-74
-74
-75
-76
-71
-71
-73
-76
-74
-71
-72
-74
-71
-69
-72
-85
-69
-18
12
37
87
197
322
419
422
239
106
33
-3
-24
-29
-30
-32
-35
-40
-45
-52
-54
-52
-52
-54
-55
-52
-50
-54
-55
-52
-51
-52
-52
-50
-48
-49
-49
-45
-44
-44
-46
-44
-42
-42
-42
-41
-37
-37
-40
-36
-31
-30
-32
-30
-26
-23
-24
-23
-18
-14
-13
-13
-6
-1
3
5
9
17
21
24
28
38
44
47
52
60
68
70
75
82
88
90
93
98
100
100
95
94
90
83
71
62
53
40
26
17
10
1
-10
-16
-20
-25
-34
-37
-38
-39
-45
-49
-48
-46
-49
-53
-48
-48
-50
-54
-52
-48
-47
-49
-50
-45
-45
-48
-49
-42
-42
-44
-44
-41
-39
-41
-42
-41
-38
-40
-42
-41
-40
-40
-42
-40
-40
-40
-43
-44
-42
-44
-45
-46
-43
-45
-45
-47
-44
-43
-46
-47
-47
-45
-47
-48
-45
-46
-49
-54
-51
-49
-47
-51
-51
-48
-48
-51
-52
-47
-48
-52
-55
-50
-49
-49
-51
-49
-47
-48
-52
-53
-49
-50
-51
-50
-49
-49
-51
-51
-50
-50
-51
-51
-48
-50
-51
-51
-48
-49
-47
-51
-49
-47
-49
-52
-48
-45
-47
-49
-49
-46
-48
-51
-49
-47
-44
-49
-49
-46
-45
-48
-51
-47
-45
-47
-50
-46
-44
-46
-49
-47
-44
-44
-44
-46
-42
-42
-44
-43
-41
-40
-42
-44
-43
-42
-43
-43
-39
-33
-24
-19
-12
-5
-5
-9
-4
7
17
28
39
41
36
27
28
29
23
12
8
-4
-22
-35
-38
-40
-42
-45
-52
-53
-52
-56
-60
-61
-60
-61
-65
-66
-61
-63
-64
-64
-61
-60
-63
-63
-59
-58
-59
-60
-57
-54
-58
-66
-67
-25
18
37
71
148
280
382
473
354
181
75
25
-1
-13
-16
-17
-16
-22
-32
-35
-36
-36
-38
-42
-40
-37
-36
-40
-37
-35
-33
-37
-37
-32
-31
-33
-35
-30
-27
-31
-32
-28
-25
-27
-27
-25
-23
-23
-23
-22
-19
-17
-19
-15
-14
-12
-13
-10
-3
-1
0
2
8
11
14
16
25
30
31
36
43
51
55
59
67
76
79
80
88
96
101
102
108
113
115
115
112
113
108
100
87
82
73
60
45
36
28
17
6
-1
-2
-10
-20
-23
-25
-27
-32
-34
-34
-34
-38
-40
-39
-38
-39
-41
-35
-36
-36
-39
-36
-33
-35
-36
-33
-30
-32
-34
-32
-28
-27
-30
-28
-26
-26
-31
-30
-27
-26
-28
-31
-28
-28
-29
-34
-30
-29
-29
-33
-34
-31
-34
-38
-39
-35
-35
-37
-39
-37
-37
-39
-41
-40
-36
-41
-42
-39
-39
-40
-43
-41
-40
-41
-43
-42
-40
-44
-44
-41
-37
-41
-43
-45
-41
-40
-46
-45
-42
-40
-44
-44
-43
-41
-44
-47
-44
-42
-43
-46
-43
-41
-42
-45
-46
-42
-42
-46
-47
-43
-44
-44
-46
-46
-43
-47
-48
-48
-44
-46
-48
-47
-47
-47
-51
-51
-46
-47
-50
-49
-46
-46
-47
-48
-44
-45
-47
-48
-45
-43
-47
-48
-44
-44
-47
-48
-45
-41
-42
-47
-46
-43
-44
-50
-47
-44
-43
-45
-47
-43
-42
-41
-35
-22
-13
-9
-9
-7
-4
0
6
20
40
42
37
31
28
31
25
19
13
8
-12
-30
-30
-34
-39
-46
-46
-48
-54
-57
-57
-55
-59
-62
-62
-61
-63
-66
-64
-61
-60
-65
-62
-59
-59
-63
-62
-59
-57
-59
-61
-59
-61
-66
-28
14
40
76
154
287
391
479
339
169
72
25
-5
-17
-18
-14
-20
-26
-32
-34
-37
-41
-40
-38
-38
-40
-38
-36
-36
-39
-37
-35
-36
-38
-37
-32
-33
-34
-33
-30
-27
-30
-30
-27
-24
-25
-28
-25
-19
-18
-21
-18
-15
-14
-16
-14
-9
-7
-6
-4
2
6
8
9
16
20
25
28
31
40
45
49
55
62
68
73
79
85
92
96
102
108
115
117
118
119
119
117
112
107
97
86
74
65
53
39
29
20
14
3
-6
-10
-13
-18
-25
-28
-29
-31
-35
-37
-37
-38
-40
-41
-37
-39
-41
-40
-38
-38
-39
-39
-39
-35
-35
-37
-36
-35
-35
-35
-34
-34
-34
-35
-35
-33
-33
-36
-33
-30
-31
-33
-33
-32
-32
-34
-36
-34
-32
-35
-36
-34
-33
-35
-40
-37
-34
-35
-39
-38
-35
-36
-41
-42
-36
-37
-40
-43
-39
-38
-41
-43
-41
-40
-43
-44
-44
-42
-43
-45
-45
-43
-41
-44
-44
-42
-39
-42
-43
-39
-42
-43
-42
-41
-43
-44
-43
-41
-40
-42
-44
-44
-43
-45
-44
-42
-41
-41
-46
-46
-44
-43
-46
-46
-44
-43
-44
-45
-42
-42
-43
-47
-43
-40
-42
-45
-46
-42
-40
-43
-44
-42
-41
-42
-42
-41
-40
-42
-42
-40
-39
-42
-43
-43
-42
-42
-43
-43
-43
-43
-45
-43
-43
-44
-44
-44
-41
-42
-44
-43
-40
-40
-44
-43
-40
-38
-42
-44
-41
-38
-38
-42
-39
-39
-38
-35
-26
-14
-8
-5
-4
-1
1
5
15
33
47
40
36
29
32
31
24
17
13
0
-19
-29
-32
-35
-42
-43
-46
-49
-55
-56
-55
-57
-61
-63
-61
-63
-65
-66
-64
-63
-66
-65
-64
-61
-64
-66
-64
-60
-61
-65
-62
-61
-67
-66
-16
21
49
87
177
314
412
465
290
139
53
9
-18
-22
-20
-21
-29
-35
-37
-40
-46
-47
-45
-44
-47
-46
-44
-44
-45
-45
-42
-43
-45
-46
-41
-39
-40
-42
-38
-35
-37
-38
-36
-34
-34
-35
-33
-29
-28
-31
-30
-26
-26
-28
-27
-21
-18
-20
-19
-13
-8
-7
-6
-1
5
10
11
16
24
27
30
36
46
52
56
61
68
76
79
84
94
99
100
103
107
109
106
101
98
93
81
69
59
50
35
23
14
4
-5
-17
-22
-25
-31
-39
-43
-44
-45
-52
-55
-51
-50
-54
-57
-57
-56
-56
-59
-59
-56
-57
-59
-58
-53
-52
-53
-53
-49
-47
-49
-49
-47
-46
-46
-46
-45
-44
-44
-46
-44
-44
-44
-47
-46
-43
-47
-49
-47
-47
-48
-51
-52
-52
-52
-54
-54
-53
-53
-56
-57
-54
-55
-57
-61
-59
-58
-60
-63
-62
-59
-58
-61
-62
-59
-58
-60
-61
-59
-59
-62
-64
-63
-58
-59
-61
-62
-59
-59
-61
-58
-57
-56
-61
-59
-58
-57
-60
-60
-58
-60
-61
-62
-57
-58
-60
-62
-60
-57
-62
-62
-59
-58
-62
-62
-62
-59
-60
-63
-61
-59
-60
-65
-62
-60
-60
-62
-65
-60
-58
-61
-63
-60
-59
-62
-64
-62
-60
-60
-61
-62
-59
-59
-62
-61
-61
-60
-62
-62
-60
-60
-62
-60
-58
-57
-59
-61
-58
-58
-59
-59
-57
-56
-59
-59
-58
-56
-58
-59
-57
-52
-54
-59
-58
-57
-57
-61
-59
-56
-54
-57
-59
-56
-51
-45
-37
-28
-19
-15
-17
-17
-10
1
9
17
19
18
13
7
10
7
-2
-11
-16
-26
-44
-51
-53
-55
-59
-63
-66
-69
-71
-73
-74
-73
-74
-77
-76
-75
-76
-78
-79
-78
-75
-79
-78
-75
-74
-76
-75
-74
-71
-72
-75
-78
-83
-47
-3
22
59
130
256
360
457
362
178
68
10
-18
-32
-34
-35
-34
-41
-48
-52
-52
-54
-55
-56
-56
-55
-56
-56
-54
-52
-54
-54
-51
-52
-52
-53
-50
-49
-49
-49
-47
-44
-44
-45
-44
-40
-42
-42
-40
-36
-36
-39
-36
-33
-31
-33
-31
-25
-23
-22
-21
-16
-13
-11
-9
-3
2
4
9
14
22
28
32
41
48
54
59
66
73
82
85
90
95
102
105
105
106
104
102
94
86
75
62
50
39
29
16
6
-2
-9
-18
-28
-32
-35
-38
-47
-50
-50
-51
-53
-55
-55
-56
-58
-62
-60
-59
-60
-61
-60
-57
-58
-59
-61
-57
-54
-57
-58
-54
-52
-53
-53
-52
-49
-50
-49
-49
-46
-46
-47
-46
-46
-45
-47
-47
-45
-47
-48
-49
-47
-46
-46
-48
-50
-51
-52
-52
-50
-50
-54
-55
-54
-54
-55
-57
-56
-55
-55
-60
-57
-55
-56
-58
-58
-54
-54
-57
-59
-58
-58
-58
-60
-56
-54
-56
-60
-59
-57
-59
-59
-58
-58
-59
-62
-62
-60
-60
-62
-60
-59
-59
-60
-60
-58
-59
-60
-60
-58
-57
-60
-59
-58
-56
-58
-57
-58
-55
-58
-62
-60
-57
-57
-61
-60
-58
-59
-59
-59
-57
-55
-59
-60
-56
-55
-56
-58
-58
-55
-57
-57
-58
-55
-55
-58
-57
-54
-55
-57
-58
-59
-58
-59
-57
-55
-56
-58
-58
-56
-57
-57
-58
-56
-55
-57
-58
-57
-56
-58
-57
-55
-54
-54
-58
-57
-54
-54
-57
-57
-54
-53
-55
-58
-55
-53
-56
-57
-51
-42
-32
-26
-20
-15
-15
-16
-11
1
8
18
21
18
15
7
7
2
-4
-15
-18
-24
-40
-47
-53
-54
-56
-61
-67
-69
-69
-72
-74
-74
-72
-75
-77
-76
-74
-74
-77
-77
-74
-71
-74
-75
-73
-71
-72
-74
-70
-68
-71
-78
-82
-48
0
24
57
127
253
359
453
375
187
72
12
-16
-27
-30
-32
-34
-39
-45
-52
-52
-53
-53
-57
-55
-54
-52
-54
-54
-50
-51
-51
-51
-49
-50
-52
-50
-47
-44
-45
-47
-44
-42
-42
-42
-41
-38
-38
-41
-38
-35
-35
-38
-35
-32
-30
-31
-31
-25
-22
-21
-19
-14
-9
-8
-5
0
8
11
16
22
30
36
40
47
54
64
68
75
84
91
95
100
107
109
109
109
110
105
97
88
81
69
54
42
30
21
9
-2
-10
-17
-24
-34
-37
-38
-41
-47
-48
-49
-51
-55
-59
-57
-55
-57
-60
-58
-58
-59
-61
-60
-56
-57
-56
-55
-52
-52
-53
-52
-49
-48
-51
-48
-44
-44
-46
-46
-44
-44
-45
-46
-44
-44
-46
-47
-46
-45
-47
-48
-49
-47
-49
-52
-51
-48
-52
-57
-54
-52
-53
-57
-57
-55
-54
-57
-60
-56
-55
-57
-58
-57
-55
-54
-56
-57
-54
-54
-57
-58
-55
-53
-57
-56
-56
-54
-55
-58
-55
-55
-57
-58
-56
-56
-57
-59
-57
-57
-59
-60
-59
-57
-56
-59
-60
-57
-57
-62
-62
-59
-59
-63
-62
-59
-57
-59
-63
-59
-56
-58
-60
-59
-59
-60
-62
-63
-59
-59
-61
-62
-57
-57
-58
-58
-57
-55
-57
-59
-59
-56
-57
-60
-58
-56
-56
-59
-58
-59
-58
-59
-58
-56
-58
-59
-59
-57
-57
-58
-58
-57
-55
-57
-56
-56
-54
-58
-57
-56
-54
-56
-59
-57
-56
-54
-58
-56
-54
-54
-57
-57
-52
-53
-55
-58
-54
-55
-57
-57
-56
-51
-45
-37
-29
-20
-16
-18
-15
-11
-3
2
14
22
19
12
7
8
2
-4
-13
-14
-21
-36
-49
-50
-52
-58
-61
-62
-63
-69
-72
-71
-71
-73
-77
-76
-75
-74
-79
-78
-73
-73
-74
-76
-73
-72
-73
-74
-71
-69
-70
-71
-72
-76
-67
-18
14
45
93
191
321
417
449
261
117
36
-3
-27
-28
-26
-30
-35
-42
-46
-49
-52
-54
-52
-51
-52
-53
-51
-50
-49
-49
-51
-48
-46
-49
-48
-46
-43
-46
-46
-43
-41
-42
-43
-41
-38
-39
-41
-38
-35
-36
-37
-37
-33
-33
-34
-32
-28
-25
-25
-24
-19
-15
-14
-11
-7
-1
3
7
13
19
25
30
37
45
52
57
65
72
77
84
89
96
101
103
106
109
109
102
99
94
85
74
60
50
39
25
12
3
-4
-14
-25
-31
-34
-39
-45
-49
-50
-51
-54
-56
-57
-56
-58
-60
-61
-58
-60
-63
-63
-62
-61
-62
-59
-58
-57
-58
-58
-55
-54
-55
-53
-51
-50
-52
-52
-49
-49
-51
-50
-49
-48
-51
-51
-49
-47
-49
-53
-52
-51
-52
-57
-55
-55
-56
-59
-62
-59
-58
-61
-64
-61
-61
-62
-65
-65
-62
-64
-66
-66
-61
-62
-64
-64
-64
-64
-66
-64
-64
-63
-65
-65
-64
-62
-64
-65
-62
-63
-64
-64
-62
-61
-62
-63
-63
-62
-62
-64
-63
-61
-61
-64
-61
-61
-61
-64
-62
-62
-62
-64
-67
-66
-63
-64
-66
-63
-62
-62
-65
-65
-62
-63
-66
-67
-63
-63
-66
-66
-66
-63
-65
-64
-65
-61
-63
-62
-60
-59
-62
-63
-60
-60
-60
-62
-61
-59
-61
-62
-60
-56
-59
-60
-60
-58
-58
-61
-59
-57
-59
-61
-60
-59
-57
-59
-60
-57
-56
-57
-58
-55
-55
-55
-58
-58
-54
-55
-59
-58
-55
-55
-56
-56
-55
-53
-56
-56
-54
-53
-55
-55
-47
-40
-31
-25
-18
-17
-16
-17
-8
2
9
19
19
16
10
8
6
0
-8
-16
-18
-29
-44
-51
-52
-54
-56
-62
-69
-69
-70
-72
-75
-73
-73
-74
-76
-76
-76
-75
-77
-77
-74
-74
-76
-77
-76
-73
-73
-72
-72
-69
-70
-76
-79
-40
5
29
66
142
275
375
464
343
166
64
10
-17
-28
-30
-30
-30
-36
-44
-47
-48
-48
-50
-53
-51
-49
-49
-52
-50
-47
-47
-49
-50
-47
-45
-45
-46
-44
-42
-42
-43
-41
-39
-39
-38
-37
-34
-34
-37
-35
-32
-32
-34
-33
-31
-30
-31
-27
-26
-22
-20
-19
-14
-13
-11
-6
-1
2
6
11
19
26
32
39
46
55
61
66
72
80
87
89
96
102
107
107
109
108
104
95
84
78
67
54
39
28
18
8
-3
-13
-19
-25
-34
-40
-44
-47
-52
-54
-57
-57
-59
-60
-62
-63
-65
-66
-63
-63
-63
-65
-63
-60
-61
-63
-61
-59
-61
-59
-58
-55
-55
-57
-55
-53
-51
-54
-52
-50
-48
-51
-53
-51
-51
-51
-52
-49
-50
-52
-53
-52
-52
-53
-55
-55
-51
-55
-57
-58
-57
-57
-59
-60
-60
-60
-61
-62
-61
-61
-62
-63
-61
-61
-59
-61
-62
-62
-64
-65
-64
-62
-63
-63
-62
-61
-62
-62
-62
-62
-61
-62
-61
-60
-58
-61
-66
-63
-61
-63
-65
-62
-61
-58
-62
-63
-62
-62
-62
-64
-61
-62
-64
-64
-62
-60
-61
-62
-62
-61
-61
-64
-64
-60
-60
-63
-62
-62
-61
-62
-60
-59
-61
-62
-59
-60
-60
-60
-61
-60
-59
-61
-62
-60
-59
-62
-61
-61
-60
-59
-61
-61
-60
-60
-62
-61
-58
-58
-61
-62
-58
-59
-62
-63
-60
-59
-60
-62
-62
-59
-60
-63
-63
-61
-61
-62
-62
-61
-60
-62
-61
-59
-60
-61
-62
-60
-61
-61
-60
-52
-44
-34
-28
-22
-22
-24
-19
-8
4
11
16
14
11
6
5
4
-1
-12
-20
-25
-40
-50
-54
-60
-60
-62
-67
-74
-73
-74
-74
-77
-79
-76
-77
-79
-81
-79
-79
-81
-82
-82
-79
-80
-82
-81
-79
-80
-80
-76
-76
-80
-87
-80
-31
5
32
77
172
302
398
452
278
126
41
-3
-27
-33
-37
-33
-37
-45
-53
-54
-53
-56
-57
-57
-55
-56
-55
-57
-55
-53
-54
-54
-54
-52
-51
-53
-52
-48
-48
-49
-48
-46
-44
-44
-42
-42
-40
-41
-42
-41
-41
-40
-38
-35
-34
-35
-35
-32
-28
-27
-26
-23
-19
-17
-14
-11
-5
1
2
10
19
26
30
36
44
51
55
61
73
80
85
87
93
98
102
105
104
103
99
87
79
70
61
47
34
20
11
-2
-14
-20
-27
-33
-42
-47
-51
-54
-58
-61
-65
-66
-70
-71
-69
-71
-73
-73
-74
-76
-78
-78
-77
-76
-77
-75
-70
-71
-71
-73
-71
-67
-66
-67
-65
-64
-65
-66
-65
-61
-63
-65
-65
-64
-64
-65
-66
-65
-67
-68
-67
-67
-64
-69
-71
-71
-71
-71
-72
-72
-72
-72
-75
-74
-73
-74
-74
-76
-75
-78
-78
-78
-76
-76
-80
-80
-78
-75
-79
-80
-79
-76
-77
-79
-76
-75
-75
-79
-78
-76
-77
-79
-80
-79
-77
-77
-78
-76
-77
-79
-82
-81
-78
-79
-77
-76
-76
-77
-78
-79
-79
-80
-80
-79
-79
-76
-80
-84
-80
-79
-78
-80
-79
-81
-79
-78
-77
-79
-79
-80
-79
-77
-79
-80
-80
-79
-79
-82
-80
-77
-76
-79
-80
-78
-77
-77
-79
-76
-74
-77
-79
-75
-76
-76
-78
-79
-74
-72
-76
-79
-80
-79
-80
-82
-82
-77
-76
-77
-77
-74
-73
-74
-75
-79
-79
-80
-78
-76
-75
-76
-75
-74
-69
-62
-53
-48
-43
-41
-42
-40
-32
-21
-3
14
8
-3
-10
-8
-1
-2
-13
-20
-29
-46
-59
-60
-64
-70
-76
-78
-78
-83
-85
-89
-84
-85
-86
-90
-90
-89
-90
-89
-88
-87
-90
-89
-88
-91
-90
-90
-85
-83
-80
-79
-83
-88
-100
-79
-32
-5
22
82
208
331
434
393
201
77
14
-25
-46
-45
-41
-44
-52
-55
-58
-61
-66
-65
-62
-59
-63
-64
-56
-54
-57
-62
-59
-55
-57
-61
-59
-57
-56
-55
-56
-52
-54
-55
-52
-49
-48
-46
-45
-44
-44
-46
-44
-40
-38
-39
-36
-34
-29
-29
-28
-22
-18
-19
-16
-11
-7
-3
1
8
15
20
21
26
34
40
44
50
59
68
71
75
86
93
96
98
103
106
105
101
95
89
80
69
57
50
38
24
10
1
-5
-15
-24
-27
-31
-37
-43
-45
-48
-52
-58
-56
-55
-56
-58
-58
-57
-59
-58
-57
-55
-54
-54
-52
-51
-51
-54
-54
-51
-52
-52
-53
-49
-47
-49
-51
-48
-44
-44
-46
-45
-45
-48
-51
-52
-48
-48
-49
-48
-45
-44
-47
-49
-48
-47
-48
-50
-50
-51
-54
-57
-53
-54
-53
-56
-56
-52
-53
-54
-52
-53
-58
-60
-59
-56
-58
-63
-62
-57
-54
-60
-60
-59
-58
-59
-60
-57
-55
-56
-60
-59
-59
-60
-63
-65
-62
-62
-63
-66
-61
-61
-65
-66
-63
-61
-64
-66
-69
-66
-66
-66
-64
-63
-63
-67
-65
-63
-64
-67
-68
-67
-69
-72
-72
-66
-67
-69
-69
-64
-64
-66
-66
-67
-68
-71
-70
-68
-66
-66
-69
-68
-65
-65
-69
-68
-66
-66
-67
-68
-64
-64
-66
-69
-66
-66
-71
-72
-70
-67
-66
-69
-69
-67
-69
-71
-69
-67
-66
-69
-69
-68
-66
-70
-70
-66
-60
-54
-44
-38
-33
-31
-32
-29
-21
-12
3
20
24
16
6
4
9
5
-5
-12
-18
-35
-54
-60
-61
-64
-70
-75
-76
-80
-84
-86
-86
-87
-91
-93
-92
-88
-90
-93
-94
-90
-92
-96
-96
-95
-93
-93
-94
-92
-89
-88
-91
-94
-103
-69
-20
10
46
117
245
355
453
371
181
62
-1
-34
-51
-52
-48
-48
-61
-67
-69
-71
-75
-74
-72
-71
-72
-75
-72
-68
-67
-71
-69
-68
-67
-67
-67
-63
-64
-65
-64
-61
-59
-60
-59
-59
-58
-58
-60
-57
-54
-54
-55
-52
-51
-49
-49
-47
-43
-43
-43
-40
-35
-33
-29
-25
-19
-15
-13
-8
0
7
10
17
26
35
39
46
54
62
68
70
77
85
89
90
95
101
98
91
84
80
68
55
41
31
19
6
-7
-17
-23
-31
-38
-46
-49
-54
-61
-63
-65
-66
-71
-72
-71
-74
-76
-77
-74
-75
-75
-77
-74
-74
-77
-76
-74
-71
-73
-72
-70
-67
-65
-67
-67
-62
-62
-67
-64
-61
-59
-63
-62
-58
-57
-59
-60
-57
-56
-58
-61
-58
-56
-59
-61
-62
-59
-62
-64
-63
-62
-63
-64
-65
-65
-64
-67
-66
-66
-66
-68
-69
-67
-67
-69
-71
-68
-67
-69
-69
-68
-66
-69
-68
-69
-65
-66
-69
-68
-64
-65
-67
-66
-64
-63
-65
-65
-62
-59
-62
-66
-63
-62
-64
-66
-67
-63
-65
-67
-65
-62
-62
-65
-65
-61
-62
-64
-65
-64
-62
-64
-65
-65
-63
-64
-66
-65
-64
-65
-65
-65
-63
-63
-65
-65
-61
-62
-64
-64
-62
-63
-65
-65
-63
-63
-64
-65
-62
-59
-62
-65
-63
-61
-62
-66
-63
-61
-61
-64
-63
-60
-59
-61
-62
-59
-59
-61
-62
-60
-59
-61
-62
-62
-58
-60
-61
-58
-57
-57
-59
-58
-58
-54
-49
-37
-29
-22
-19
-18
-16
-12
-3
11
29
34
25
18
13
18
14
7
2
-2
-18
-40
-46
-47
-52
-58
-59
-61
-66
-68
-70
-68
-68
-71
-75
-71
-70
-72
-74
-74
-70
-72
-75
-74
-70
-71
-72
-70
-68
-66
-68
-68
-69
-74
-46
4
38
70
135
257
372
462
401
205
85
15
-15
-26
-24
-22
-27
-34
-40
-42
-46
-50
-49
-47
-48
-51
-49
-45
-45
-46
-49
-45
-42
-42
-45
-41
-38
-39
-39
-38
-34
-35
-37
-37
-32
-32
-34
-32
-31
-27
-31
-29
-26
-24
-24
-24
-20
-18
-18
-18
-14
-11
-8
-5
1
7
8
11
17
26
29
34
43
52
59
63
71
82
89
92
101
110
117
121
121
127
130
128
122
120
114
103
88
74
65
52
39
25
17
7
-3
-12
-16
-20
-26
-31
-34
-34
-37
-42
-41
-41
-43
-46
-47
-44
-44
-46
-46
-44
-47
-47
-45
-43
-43
-43
-43
-38
-38
-40
-39
-36
-33
-35
-36
-34
-31
-34
-37
-32
-31
-31
-32
-30
-28
-28
-30
-32
-29
-30
-31
-34
-31
-30
-33
-34
-34
-32
-33
-37
-36
-35
-36
-40
-40
-38
-38
-40
-39
-36
-36
-39
-38
-34
-35
-37
-39
-37
-36
-37
-38
-36
-33
-38
-39
-36
-33
-35
-39
-38
-36
-37
-41
-40
-37
-36
-39
-39
-35
-34
-36
-38
-35
-34
-36
-37
-36
-34
-36
-39
-38
-35
-36
-37
-36
-34
-33
-36
-36
-35
-34
-36
-37
-35
-34
-34
-36
-34
-35
-35
-37
-35
-33
-35
-36
-34
-30
-35
-38
-37
-34
-34
-37
-37
-34
-33
-37
-35
-33
-32
-35
-36
-31
-31
-33
-35
-32
-30
-32
-34
-34
-30
-31
-34
-36
-32
-33
-34
-33
-32
-31
-35
-35
-34
-32
-34
-35
-33
-25
-20
-12
-4
6
8
5
7
16
26
36
52
56
47
38
37
43
39
28
20
15
3
-19
-25
-26
-28
-33
-38
-39
-40
-43
-49
-47
-45
-47
-52
-53
-48
-49
-51
-54
-50
-47
-50
-50
-48
-47
-48
-49
-47
-44
-44
-46
-50
-53
-9
33
61
102
181
311
410
498
364
186
83
31
10
0
-2
1
-3
-13
-20
-22
-20
-24
-26
-25
-22
-25
-28
-27
-23
-23
-26
-24
-20
-20
-22
-23
-18
-18
-19
-19
-16
-14
-15
-15
-9
-8
-8
-11
-11
-5
-6
-8
-5
-2
-1
-3
2
5
8
6
10
16
18
22
25
31
37
40
43
50
58
62
69
78
86
90
96
106
115
121
123
131
140
145
142
144
148
148
142
134
132
124
111
95
84
75
61
46
37
33
25
15
11
9
3
-5
-10
-10
-11
-12
-15
-16
-15
-20
-22
-18
-18
-18
-20
-18
-17
-21
-19
-19
-16
-16
-15
-12
-9
-11
-14
-14
-10
-9
-12
-9
-8
-9
-9
-11
-6
-3
-5
-10
-7
-7
-8
-11
-11
-9
-8
-13
-15
-10
-12
-15
-17
-14
-15
-18
-16
-15
-15
-20
-21
-21
-14
-16
-19
-16
-14
-18
-20
-18
-17
-19
-22
-20
-16
-17
-18
-22
-16
-16
-20
-22
-19
-15
-16
-19
-16
-14
-16
-22
-20
-15
-16
-22
-19
-15
-16
-23
-22
-17
-16
-19
-19
-16
-16
-20
-25
-21
-15
-18
-23
-22
-18
-20
-20
-19
-18
-21
-22
-20
-19
-18
-21
-21
-16
-15
-20
-22
-16
-21
-21
-23
-14
-15
-18
-17
-17
-14
-15
-17
-18
-15
-15
-15
-15
-13
-12
-17
-15
-9
-11
-13
-14
-8
-8
-12
-16
-13
-12
-8
-16
-15
-9
-10
-5
4
17
16
19
21
26
27
36
49
65
79
73
72
68
67
68
63
58
50
40
18
4
2
-6
-11
-9
-10
-17
-23
-25
-21
-21
-28
-28
-27
-27
-29
-26
-24
-24
-28
-31
-30
-25
-25
-29
-25
-23
-21
-22
-21
-20
-27
-34
2
52
74
97
163
290
399
490
397
217
105
48
21
12
16
14
13
14
8
1
-3
0
2
-2
-6
-6
-2
-2
-2
0
-2
-3
-6
-4
3
4
0
0
10
11
4
1
6
12
12
8
11
10
9
12
12
17
16
17
20
27
31
30
32
33
38
38
41
46
53
55
53
59
69
76
77
83
89
93
95
104
113
117
122
130
138
141
148
152
155
157
156
158
159
153
141
129
122
117
101
83
81
75
64
48
41
35
30
22
16
17
12
7
2
4
6
3
3
3
8
5
-1
-1
7
8
2
5
5
6
3
4
9
12
13
13
15
15
17
14
16
17
15
12
16
20
15
14
16
19
14
11
12
15
14
10
10
12
11
9
9
9
12
9
5
11
9
7
2
5
7
7
4
5
10
9
6
6
8
4
3
5
6
7
3
4
9
10
4
2
5
5
5
2
8
7
7
3
3
5
3
2
1
1
1
1
2
4
4
-2
-4
-3
0
-4
-3
0
1
-2
-6
0
2
2
-4
-4
0
-2
-6
-4
1
0
-3
-4
-1
-1
-2
-3
-2
-2
-8
-9
-7
-7
-9
-9
-5
-4
-6
-10
-10
-8
-13
-16
-16
-12
-14
-14
-13
-8
-9
-9
-6
3
12
14
18
22
22
22
29
46
63
74
67
66
62
56
55
54
47
39
25
4
-5
-12
-17
-21
-22
-24
-33
-38
-37
-36
-40
-44
-44
-45
-45
-48
-46
-45
-45
-47
-49
-46
-48
-49
-49
-48
-49
-50
-47
-45
-47
-55
-63
-21
28
51
90
165
296
394
478
374
185
68
9
-14
-20
-15
-18
-21
-21
-28
-38
-42
-40
-39
-45
-45
-43
-41
-43
-43
-42
-40
-42
-44
-42
-41
-41
-43
-41
-38
-38
-41
-39
-32
-34
-36
-34
-32
-33
-32
-33
-29
-26
-29
-27
-26
-21
-23
-22
-19
-14
-13
-13
-8
-2
3
1
4
12
17
21
24
34
43
47
49
62
71
76
79
87
96
100
104
108
115
115
114
114
112
105
93
82
73
61
44
31
23
10
-3
-13
-18
-26
-33
-42
-44
-46
-54
-58
-57
-56
-60
-64
-63
-61
-63
-67
-65
-64
-63
-66
-64
-62
-60
-61
-63
-58
-56
-57
-61
-59
-55
-55
-60
-59
-54
-55
-58
-57
-53
-54
-55
-56
-55
-53
-56
-58
-55
-51
-55
-57
-55
-54
-57
-59
-59
-58
-59
-62
-61
-59
-61
-64
-63
-60
-64
-64
-64
-61
-61
-65
-64
-62
-62
-65
-64
-61
-59
-62
-63
-62
-60
-63
-65
-64
-60
-60
-63
-63
-58
-59
-61
-64
-61
-61
-63
-65
-63
-60
-64
-66
-65
-62
-64
-67
-65
-64
-64
-66
-65
-62
-64
-66
-64
-61
-63
-64
-64
-61
-61
-63
-64
-62
-62
-64
-64
-61
-59
-61
-64
-62
-59
-60
-65
-63
-59
-59
-64
-64
-60
-59
-61
-63
-60
-60
-61
-63
-60
-60
-61
-62
-61
-57
-59
-61
-60
-57
-55
-59
-59
-58
-57
-59
-59
-58
-54
-48
-40
-28
-20
-17
-18
-15
-10
-4
6
23
35
30
24
18
23
21
12
7
4
-7
-29
-39
-41
-45
-51
-56
-56
-59
-64
-68
-66
-64
-68
-72
-72
-68
-71
-73
-72
-70
-72
-74
-71
-68
-67
-70
-68
-66
-64
-67
-68
-68
-72
-59
-7
31
67
119
222
354
439
452
252
109
24
-12
-27
-24
-18
-20
-31
-37
-38
-41
-47
-47
-45
-44
-45
-48
-45
-44
-46
-48
-44
-43
-44
-47
-45
-41
-41
-43
-42
-39
-39
-40
-39
-35
-32
-34
-33
-31
-25
-26
-27
-24
-21
-20
-22
-18
-14
-12
-13
-8
-3
-2
-3
3
11
13
15
19
27
34
37
46
56
63
67
74
85
94
99
101
110
120
124
125
129
134
131
126
121
117
105
90
76
69
55
40
25
15
7
-3
-12
-18
-21
-29
-35
-37
-37
-40
-43
-44
-46
-46
-49
-49
-47
-49
-52
-52
-48
-51
-53
-53
-49
-48
-50
-52
-49
-47
-49
-51
-49
-46
-46
-50
-47
-44
-46
-50
-45
-42
-44
-46
-48
-43
-44
-46
-49
-45
-43
-45
-48
-47
-44
-48
-51
-49
-48
-49
-52
-50
-49
-49
-52
-52
-50
-48
-51
-52
-49
-49
-51
-52
-51
-49
-51
-54
-53
-50
-51
-54
-53
-48
-51
-53
-51
-49
-50
-54
-53
-50
-50
-54
-54
-51
-51
-54
-58
-55
-54
-57
-60
-55
-53
-56
-58
-56
-54
-56
-58
-60
-55
-55
-59
-59
-57
-56
-59
-59
-53
-53
-57
-59
-54
-54
-54
-56
-54
-55
-55
-58
-56
-54
-58
-57
-56
-52
-53
-55
-55
-53
-53
-57
-53
-52
-51
-53
-54
-49
-48
-50
-54
-51
-48
-50
-54
-51
-46
-48
-51
-52
-47
-47
-50
-50
-45
-44
-49
-51
-47
-43
-44
-47
-45
-41
-36
-28
-17
-11
-3
-7
-4
-1
7
17
32
49
43
35
27
31
32
26
17
15
5
-16
-29
-32
-32
-36
-42
-42
-43
-48
-54
-54
-51
-52
-58
-58
-56
-55
-58
-60
-55
-53
-56
-55
-52
-51
-55
-57
-53
-48
-48
-51
-48
-45
-53
-38
14
46
74
122
233
366
459
454
248
116
40
4
-13
-7
-8
-10
-16
-19
-21
-27
-29
-26
-22
-27
-30
-26
-24
-25
-28
-26
-23
-24
-27
-24
-16
-16
-20
-24
-18
-15
-16
-18
-16
-9
-7
-9
-8
-3
-6
-9
-8
-3
0
-1
2
7
9
10
12
19
24
26
29
34
37
38
41
51
59
61
61
70
82
87
95
105
114
115
118
128
136
141
141
145
153
157
155
151
151
144
131
120
114
105
91
74
59
51
40
29
21
21
15
8
4
5
3
-3
-6
-4
-5
-9
-12
-10
-10
-11
-15
-11
-10
-10
-13
-9
-4
-7
-9
-9
-3
-5
-7
-6
0
-3
-6
-4
1
2
-3
-2
2
6
3
-1
1
4
2
-2
1
5
1
-4
-2
3
4
0
-5
-2
0
-4
-7
-2
-1
-6
-8
-6
-1
-3
-5
-3
-1
4
-1
-3
0
-1
-3
-4
-1
-3
-5
-5
1
2
-2
-4
3
5
2
1
4
4
-4
-5
-1
3
2
0
1
7
4
-1
-2
4
4
2
0
5
5
4
1
8
9
4
0
2
7
6
4
4
7
8
4
5
7
10
6
7
12
12
6
5
10
9
8
4
10
12
12
12
15
15
6
7
12
19
18
12
7
10
10
9
14
19
21
14
13
17
18
14
12
17
18
21
27
43
48
51
51
55
64
71
80
94
114
112
102
94
94
99
97
85
78
66
48
36
38
33
26
18
20
21
19
13
12
13
12
6
5
10
7
4
2
5
7
3
4
8
10
6
5
11
14
12
7
9
7
-5
20
73
103
135
190
301
415
501
447
249
128
75
50
34
39
46
42
35
33
30
26
25
22
23
20
20
23
28
24
23
21
23
24
19
17
20
22
21
21
25
24
21
21
27
30
27
25
31
36
33
29
35
40
41
36
38
44
42
41
43
50
55
53
55
63
70
70
71
77
85
89
91
101