16920
17184
16704
16304
16680
17056
16624
16168
16496
16888
16616
16168
16368
16840
16680
16200
16264
16712
16760
16272
16120
16632
16896
16360
16104
16560
16856
16392
16072
16536
16904
16560
16104
16440
16896
16600
16168
16352
16800
16752
16264
16320
16848
16880
16344
16232
16736
16952
16488
16216
16656
16976
16536
16184
16528
16984
16584
16224
16504
16936
16624
16192
16392
16912
16752
16312
16336
16824
16848
16352
16200
16744
16928
16424
16152
16632
16936
16472
16128
16544
16960
16608
16240
16504
16928
16648
16192
16328
16808
16736
16288
16288
16752
16824
16320
16136
16664
16888
16432
16160
16616
16944
16496
16160
16608
16960
16592
16160
16504
16968
16672
16168
16344
16920
16872
16432
16432
16992
17056
16576
16440
16904
17176
16672
16480
16928
17272
16760
16392
16784
17160
16872
16424
16760
17120
16872
16336
16416
16784
16696
16176
16216
16752
16792
16312
16160
16624
16864
16360
16104
16576
16856
16432
16064
16504
16896
16536
15952
16080
16640
16656
16568
17680
19304
20272
20152
19184
18400
18016
17280
16920
17224
17240
16632
16352
16792
17128
16616
16232
16640
17000
16640
16128
16512
16952
16688
16256
16384
16896
16808
16296
16320
16792
16920
16400
16296
16760
16968
16488
16248
16688
16984
16608
16216
16640
17008
16664
16216
16504
16960
16776
16344
16472
16952
16928
16424
16392
16944
17056
16536
16424
16904
17216
16760
16472
16960
17336
16944
16568
17008
17448
17160
16752
17056
17592
17400
17000
17136
17656
17592
17144
17112
17592
17704
17144
16928
17328
17496
17000
16664
17000
17280
16832
16432
16824
17224
16792
16360
16632
17104
16816
16344
16472
17000
16920
16456
16440
16880
16960
16512
16320
16832
17064
16584
16344
16816
17112
16680
16256
16688
17160
16744
16344
16656
17088
16912
16448
16568
17040
16968
16464
16440
16992
17104
16616
16384
16856
17192
16664
16384
16816
17176
16760
16384
16776
17160
16776
16384
16648
17128
16912
16448
16536
17032
16992
16488
16528
16984
17096
16600
16408
16832
17064
16672
16384
16848
17144
16736
16352
16680
17128
16856
16376
16656
17136
16856
16328
16536
17016
16992
16496
16456
16960
17064
16520
16376
16824
17072
16632
16416
16832
17152
16688
16328
16648
17136
16808
16384
16672
17096
16872
16480
16648
17136
17128
16672
16704
17200
17312
16824
16680
17176
17432
16968
16624
17136
17448
17016
16576
16992
17384
17032
16560
16832
17248
16992
16456
16528
16960
16976
16488
16376
16904
17048
16576
16376
16784
17040
16560
16280
16768
17152
16688
16272
16656
17032
16504
15984
16376
17136
17624
18248
19368
20712
20464
18648
17704
17904
17856
17224
16888
17176
17304
16776
16480
16944
17304
16792
16392
16800
17184
16896
16440
16672
17112
16960
16440
16568
17112
17032
16520
16464
16984
17144
16632
16400
16944
17200
16720
16424
16880
17224
16776
16408
16824
17240
16928
16400
16744
17176
17056
16584
16704
17160
17160
16648
16608
17128
17304
16832
16632
17168
17440
16992
16744
17224
17560
17200
16896
17256
17776
17496
17056
17280
17824
17672
17160
17280
17848
17848
17312
17192
17688
17720
17240
17000
17408
17608
17104
16688
17096
17432
16960
16520
16888
17272
17016
16512
16720
17232
17032
16536
16648
17128
17152
16672
16528
17040
17160
16696
16488
16968
17232
16792
16448
16872
17256
16896
16496
16832
17232
17000
16504
16760
17208
17048
16592
16680
17200
17168
16664
16600
17096
17272
16784
16536
17056
17312
16808
16520
16976
17368
16912
16496
16864
17280
16976
16544
16816
17256
17080
16600
16696
17144
17216
16648
16616
17088
17224
16696
16552
16984
17312
16824
16480
16912
17264
16880
16480
16856
17248
16984
16552
16776
17248
17080
16544
16656
17112
17152
16672
16624
17096
17240
16672
16464
16952
17256
16784
16480
16952
17272
16856
16488
16832
17296
16984
16640
16896
17384
17248
16752
16816
17360
17352
16928
16872
17384
17560
17088
16832
17296
17528
17040
16696
17200
17496
17096
16672
16960
17320
16928
16472
16664
17112
16976
16520
16600
17048
17040
16544
16504
16976
17104
16664
16440
16888
17192
16736
16376
16800
17000
16480
16248
16856
17848
18528
19168
20376
20568
19128
17688
17568
17872
17760
17080
16832
17192
17352
16864
16656
17064
17320
16888
16528
16888
17280
16880
16472
16792
17312
16936
16464
16720
17184
17096
16544
16648
17144
17176
16624
16512
17064
17240
16696
16544
16984
17352
16856
16520
16928
17344
16928
16552
16896
17336
17048
16656
16832
17312
17216
16768
16832
17344
17360
16920
16752
17320
17504
17056
16912
17400
17688
17208
16944
17376
17856
17432
17096
17472
17912
17688
17312
17432
17936
17824
17336
17344
17800
17744
17232
17064
17488
17584
17032
16792
17192
17480
16968
16600
17016
17408
16952
16528
16880
17336
17072
16560
16800
17256
17128
16592
16720
17192
17200
16712
16552
17096
17312
16760
16528
17040
17368
16912
16592
16976
17352
16936
16560
16928
17360
17064
16616
16808
17312
17208
16720
16776
17224
17256
16800
16712
17168
17376
16848
16640
17104
17408
16920
16656
17032
17400
17032
16576
16888
17352
17064
16656
16856
17312
17208
16664
16712
17160
17240
16728
16624
17128
17312
16864
16616
17064
17344
16872
16496
16968
17392
16984
16560
16872
17344
17080
16576
16800
17288
17184
16616
16640
17144
17232
16744
16640
17160
17336
16792
16568
17064
17368
16864
16544
17024
17400
17008
16648
17000
17472
17240
16792
17008
17472
17392
16928
16984
17512
17576
17112
16936
17416
17624
17048
16704
17256
17624
17096
16664
17088
17424
17024
16528
16800
17272
16984
16552
16688
17160
17064
16568
16608
17184
17216
16672
16544
16976
17224
16760
16536
16984
17184
16488
16184
16840
17680
18224
18856
20224
21016
19616
17920
17720
18136
17832
17144
16984
17416
17368
16840
16656
17208
17360
16896
16592
17088
17384
16904
16520
16976
17344
16960
16536
16848
17320
17048
16600
16736
17232
17168
16680
16688
17184
17240
16784
16640
17088
17304
16832
16584
17072
17456
17000
16624
17056
17376
17032
16688
16968
17488
17208
16728
16912
17392
17336
16880
16896
17408
17552
17096
17008
17488
17680
17224
17056
17512
17904
17496
17224
17672
18080
17696
17280
17608
18072
17824
17344
17480
17920
17832
17240
17160
17688
17680
17120
16896
17352
17496
16960
16696
17160
17504
17016
16624
17088
17448
17072
16608
16928
17360
17112
16640
16864
17376
17224
16776
16752
17216
17296
16848
16696
17168
17400
16880
16632
17080
17416
16952
16664
17064
17416
17040
16648
17000
17456
17192
16728
16888
17352
17296
16800
16808
17280
17408
16904
16784
17240
17424
16952
16688
17160
17424
17008
16616
17064
17504
17112
16640
16928
17440
17200
16688
16832
17384
17328
16776
16752
17224
17320
16816
16696
17184
17432
16896
16632
17080
17424
16944
16592
17016
17432
17040
16648
16936
17392
17112
16632
16800
17312
17288
16744
16720
17200
17288
16800
16672
17128
17368
16888
16648
17064
17384
16976
16656
17024
17424
17048
16664
17032
17384
17320
16872
17056
17528
17472
17032
16968
17512
17640
17096
16944
17424
17656
17128
16840
17352
17712
17216
16648
17048
17472
16992
16592
16832
17256
17024
16600
16736
17232
17120
16672
16648
17152
17216
16680
16592
17072
17264
16752
16584
17008
17216
16552
16160
16832
17624
18064
18720
20056
21112
19872
18096
17736
18144
17912
17232
17064
17384
17448
16920
16728
17168
17384
16912
16568
17064
17408
16944
16568
16968
17320
16984
16504
16888
17384
17096
16632
16752
17216
17176
16656
16672
17200
17336
16832
16632
17128
17336
16880
16592
17032
17368
16912
16600
17064
17408
17072
16632
16920
17440
17192
16760
16928
17376
17296
16832
16856
17440
17520
17080
16904
17432
17752
17272
16992
17520
17920
17520
17200
17592
17992
17664
17264
17592
18040
17872
17400
17432
17872
17728
17224
17128
17544
17632
17064
16848
17312
17520
16928
16624
17040
17376
16920
16544
16888
17320
17008
16552
16840
17280
17048
16584
16736
17232
17152
16648
16648
17112
17232
16688
16560
17056
17256
16792
16504
16976
17312
16872
16512
16896
17296
16976
16464
16792
17264
17048
16552
16736
17240
17144
16608
16648
17144
17232
16736
16584
17032
17320
16784
16496
16960
17352
16848
16488
16896
17272
16960
16520
16752
17200
17000
16552
16672
17184
17120
16576
16520
17096
17152
16648
16488
16936
17256
16744
16440
16872
17192
16792
16448
16800
17208
16888
16456
16712
17200
16976
16504
16672
17088
17048
16608
16528
17024
17128
16640
16480
16952
17208
16688
16456
16912
17256
16904
16520
16880
17352
17088
16592
16912
17336
17200
16808
16912
17352
17328
16840
16800
17288
17440
16856
16728
17096
17304
16808
16352
16784
17096
16680
16288
16696
17064
16744
16280
16536
17040
16832
16312
16416
16888
16888
16440
16384
16888
16968
16360
16032
16440
16768
16672
17200
18792
20344
20920
20152
18872
18424
17968
17384
17336
17600
17184
16600
16728
17144
17072
16536
16440
16944
17072
16568
16352
16840
17048
16592
16352
16720
17088
16704
16248
16688
17096
16752
16328
16552
17016
16912
16424
16576
16992
16952
16432
16392
16952
17088
16600
16320
16848
17080
16664
16384
16848
17208
16808
16424
16784
17200
16880
16480
16728
17264
17080
16632
16760
17256
17320
16816
16856
17368
17504
17112
16928
17456
17728
17344
17096
17512
17864
17512
17144
17488
17888
17512
16992
17208
17584
17320
16816
16872
17280
17144
16664
16576
16992
17160
16624
16384
16872
17064
16648
16384
16800
17120
16688
16264
16688
17144
16760
16344
16600
17024
16840
16392
16464
17000
16992
16464
16352
16920
17040
16536
16384
16808
17088
16648
16328
16776
17104
16680
16312
16696
17096
16824
16352
16592
17088
16896
16408
16544
16992
16992
16488
16464
16888
17032
16576
16352
16824
17088
16616
16320
16744
17072
16712
16280
16672
17096
16752
16336
16552
17016
16824
16320
16400
16888
16888
16408
16304
16816
16960
16448
16248
16704
16984
16552
16224
16624
17064
16568
16152
16544
17016
16712
16280
16424
16928
16768
16264
16400
16856
16856
16376
16376
16880
17040
16592
16376
16840
17152
16720
16432
16864
17248
16816
16464
16832
17256
16944
16472
16688
17176
17056
16520
16592
16944
16992
16400
16216
16696
16816
16376
16144
16584
16872
16376
16104
16520
16872
16448
16072
16400
16808
16536
16128
16304
16792
16584
15952
15888
16504
16800
17048
18104
19688
20872
20288
18632
18064
18096
17536
16944
17120
17200
16712
16240
16560
16960
16680
16168
16392
16784
16672
16240
16232
16736
16752
16280
16144
16664
16904
16352
16144
16576
16880
16344
16104
16464
16888
16504
16112
16456
16792
16560
16136
16400
16792
16704
16216
16272
16720
16784
16368
16232
16688
16856
16416
16240
16688
17024
16536
16232
16656
17088
16664
16336
16696
17160
16888
16512
16776
17208
17144
16744
16840
17352
17424
16976
16848
17352
17560
17120
16872
17320
17536
17000
16672
16984
17320
16856
16384
16688
17088
16744
16264
16424
16840
16688
16224
16272
16760
16768
16200
16128
16632
16776
16296
16032
16584
16872
16360
16024
16488
16840
16496
16080
16360
16744
16568
16120
16312
16720
16640
16216
16264
16776
16784
16248
16168
16656
16848
16384
16112
16624
16928
16464
16160
16544
16920
16544
16184
16448
16896
16616
16192
16376
16872
16744
16232
16288
16768
16776
16344
16208
16640
16792
16272
16096
16528
16864
16432
16104
16472
16824
16464
16064
16384
16832
16584
16136
16328
16688
16576
16168
16160
16680
16688
16248
16160
16592
16784
16312
16080
16488
16728
16320
16080
16504
16856
16480
16080
16368
16760
16520
16088
16288
16736
16640
16224
16336
16840
16856
16416
16344
16808
16984
16512
16288
16800
17096
16632
16296
16776
17104
16656
16200
16520
17024
16768
16264
16464
16792
16648
16104
16112
16600
16648
16160
16032
16520
16696
16240
15960
16448
16736
16272
15992
16448
16768
16384
15992
16312
16600
16168
15792
16248
17088
17896
18552
19640
20504
19664
17912
17312
17584
17584
16928
16384
16704
17000
16544
16160
16560
16896
16560
16136
16424
16808
16576
16160
16336
16848
16720
16208
16248
16720
16760
16312
16152
16672
16824
16400
16208
16624
16912
16504
16144
16504
16952
16600
16184
16504
16936
16632
16216
16440
16856
16808
16352
16384
16880
16904
16416
16376
16768
17008
16624
16392
16856
17160
16728
16520
16872
17320
17040
16680
17032
17456
17280
16848
17048
17512
17480
17072
17112
17584
17584
17136
16992
17376
17536
17104
16776
17152
17392
16872
16504
16776
17168
16792
16344
16616
17056
16824
16384
16504
16936
16864
16416
16488
16928
16960
16512
16360
16840
17016
16520
16328
16784
17104
16672
16288
16696
17112
16720
16336
16672
17048
16888
16440
16632
17032
16904
16464
16456
16960
17040
16560
16424
16864
17128
16600
16408
16896
17200
16784
16400
16792
17184
16800
16384
16648
17112
16920
16448
16624
17064
16984
16488
16512
16928
17096
16584
16432
16904
17128
16632
16360
16840
17128
16696
16376
16744
17184
16760
16376
16696
17144
16880
16440
16584
17024
16952
16496
16512
16976
17040
16568
16456
16872
17144
16632
16368
16856
17120
16680
16400
16776
17120
16792
16392
16696
17112
16912
16512
16712
17224
17120
16752
16664
17200
17264
16824
16760
17208
17384
16952
16632
17152
17432
16984
16608
17016
17416
17048
16608
16880
17280
16960
16448
16600
17024
16960
16520
16464
16960
17016
16512
16392
16904
17136
16624
16312
16760
17128
16704
16376
16752
17104
16616
16088
16488
17232
17576
18184
19368
20816
20544
18824
17824
18032
17912
17376
16936
17200
17352
16888
16592
17000
17280
16864
16496
16880
17264
16856
16488
16728
17200
16992
16552
16696
17184
17080
16608
16600
17088
17152
16696
16536
16984
17200
16824
16480
16976
17288
16896
16544
16904
17280
17000
16584
16888
17248
17088
16656
16784
17248
17264
16784
16784
17208
17352
16912
16776
17248
17504
17040
16832
17288
17696
17312
16984
17368
17760
17528
17152
17432
17920
17712
17344
17480
17896
17864
17424
17352
17824
17936
17376
17112
17528
17696
17168
16872
17304
17544
17080
16712
17016
17392
17072
16664
16920
17368
17152
16672
16776
17264
17216
16712
16696
17192
17352
16832
16592
17088
17320
16888
16616
17072
17392
16936
16616
16968
17312
17064
16632
16952
17360
17160
16720
16888
17312
17272
16744
16824
17232
17368
16928
16752
17192
17424
16968
16656
17128
17408
17024
16728
17096
17448
17080
16704
16960
17360
17184
16776
16896
17360
17264
16760
16792
17256
17400
16880
16712
17136
17368
16928
16680
17112
17408
17016
16704
17088
17432
17144
16712
16928
17376
17184
16784
16888
17304
17272
16800
16792
17248
17368
16888
16752
17200
17408
16976
16616
17104
17496
17048
16688
17048
17432
17152
16728
16984
17416
17176
16784
16976
17488
17472
17024
16984
17456
17616
17160
16984
17472
17696
17256
17008
17408
17664
17280
16904
17336
17704
17352
16840
17064
17416
17200
16720
16824
17312
17232
16784
16720
17184
17304
16848
16704
17152
17368
16912
16608
17024
17392
16952
16680
17000
17312
16800
16304
16808
17616
18264
18848
20048
21160
20288
18464
17848
18216
18136
17464
17088
17368
17584
17128
16872
17224
17528
17160
16688
17048
17520
17184
16768
16992
17424
17224
16760
16896
17336
17352
16880
16832
17232
17424
16912
16768
17208
17496
17032
16688
17112
17536
17096
16736
17096
17488
17232
16792
16976
17472
17264
16872
16904
17416
17408
16944
16952
17416
17544
17088
16968
17440
17656
17312
16992
17496
17824
17496
17080
17512
17920
17688
17352
17656
18120
17968
17456
17616
18064
18080
17560
17496
17912
18032
17488
17232
17656
17824
17328
16944
17336
17720
17248
16848
17152
17496
17232
16808
17000
17440
17328
16848
16904
17368
17360
16816
16816
17280
17464
16984
16784
17200
17472
17048
16720
17152
17536
17128
16760
17048
17496
17200
16792
17016
17456
17344
16880
16944
17440
17440
16960
16872
17320
17496
17008
16808
17264
17552
17096
16792
17240
17544
17176
16760
17096
17568
17264
16800
17032
17472
17352
16840
16928
17392
17400
16912
16808
17280
17392
17032
16824
17296
17512
17040
16736
17112
17496
17120
16768
17032
17456
17160
16720
17000
17456
17248
16840
16912
17352
17344
16880
16840
17280
17408
16912
16720
17176
17488
16984
16776
17168
17464
17080
16720
17048
17480
17144
16720
16920
17408
17208
16824
16936
17448
17504
17016
17000
17464
17600
17192
16920
17472
17776
17392
17040
17408
17720
17368
16928
17248
17704
17448
17008
17128
17552
17368
16824
16864
17336
17328
16840
16744
17192
17344
16872
16592
17144
17336
16944
16648
17024
17440
17000
16632
16992
17376
17040
16408
16536
17224
17408
17640
18752
20344
21104
20016
18528
18264
18392
17704
17328
17536
17704
17160
16928
17272
17616
17128
16744
17040
17464
17272
16776
16952
17352
17248
16768
16872
17296
17336
16856
16808
17312
17384
16936
16744
17208
17472
17048
16728
17144
17456
17136
16784
17080
17464
17272
16832
17048
17480
17352
16904
16968
17376
17440
16992
16896
17432
17592
17120
16888
17392
17720
17288
16952
17448
17856
17520
17168
17480
17920
17728
17328
17584
18056
17984
17472
17568
18088
18104
17640
17560
17960
18152
17632
17312
17712
17880
17432
17072
17408
17720
17320
16856
17128
17560
17280
16824
16968
17376
17328
16880
16888
17296
17352
16848
16792
17256
17432
17008
16752
17192
17448
17024
16656
17096
17480
17136
16728
16968
17448
17192
16760
16992
17448
17280
16792
16888
17328
17424
16928
16808
17264
17416
17000
16776
17192
17592
17128
16744
17128
17552
17120
16776
17104
17440
17168
16720
16976
17424
17320
16792
16888
17352
17336
16896
16784
17224
17416
16936
16680
17144
17448
17032
16688
17096
17496
17096
16744
16984
17360
17144
16760
16904
17320
17176
16768
16800
17240
17312
16848
16696
17192
17392
16920
16760
17144
17416
16936
16624
16992
17440
17040
16664
16984
17352
17176
16712
16816
17312
17272
16840
16920
17392
17472
17048
16880
17368
17616
17144
16992
17464
17768
17272
16920
17312
17648
17272
16952
17264
17648
17320
16864
16976
17344
17208
16696
16728
17240
17248
16752
16648
17064
17288
16792
16520
16968
17328
16912
16552
16920
17328
16928
16536
16720
17040
16624
16376
16856
18032
19080
19904
20968
21208
19616
18096
17832
18144
18088
17432
16984
17296
17544
17056
16688
17064
17448
17064
16632
16904
17336
17112
16656
16808
17280
17192
16704
16728
17160
17256
16768
16640
17144
17336
16840
16608
17040
17384
16896
16648
17008
17408
17016
16592
16920
17344
17128
16736
16896
17312
17200
16792
16752
17288
17400
16928
16808
17280
17496
17032
16856
17288
17624
17224
16936
17360
17752
17488
17096
17392
17888
17720
17336
17584
18024
17976
17528
17480
18008
18152
17568
17408
17792
18008
17464
17160
17512
17760
17224
16872
17200
17536
17152
16760
17008
17368
17160
16688
16864
17296
17224
16744
16768
17184
17272
16792
16664
17168
17384
16912
16672
17064
17368
17008
16568
16992
17424
17072
16680
16952
17360
17120
16728
16880
17296
17256
16808
16816
17312
17304
16848
16720
17192
17448
16984
16736
17160
17416
17040
16728
17088
17464
17120
16696
16936
17416
17160
16744
16864
17312
17232
16832
16816
17248
17320
16816
16672
17152
17384
16928
16696
17080
17408
16920
16616
17016
17416
17056
16704
17016
17328
17128
16688
16840
17256
17192
16776
16768
17216
17296
16856
16680
17128
17344
16888
16672
17064
17416
16976
16584
16976
17400
17072
16632
16968
17464
17296
16832
17000
17448
17432
16984
17024
17512
17608
17144
17024
17440
17624
17168
16880
17288
17640
17264
16888
17280
17568
17176
16712
16952
17296
17080
16624
16816
17200
17096
16672
16688
17136
17240
16760
16600
17056
17256
16864
16568
16944
17376
16920
16440
16568
17032
16960
17072
18360
19952
20872
20840
19848
18976
18448
17880
17616
17856
17672
17096
16912
17272
17480
17008
16688
17120
17424
17032
16688
17024
17400
17088
16712
16960
17400
17120
16696
16808
17328
17208
16760
16752
17240
17296
16848
16712
17160
17400
16936
16704
17112
17424
17072
16728
17120
17448
17104
16728
16992
17464
17232
16776
16968
17440
17384
16896
16880
17400
17464
17104
17000
17432
17624
17272
17040
17488
17888
17512
17184
17608
18024
17680
17360
17640
18032
17880
17456
17616
18072
17984
17432
17400
17840
17848
17296
17104
17512
17704
17208
16912
17240
17504
17080
16728
17088
17472
17168
16768
16984
17376
17168
16720
16872
17312
17288
16864
16808
17312
17344
16920
16744
17192
17440
16960
16688
17160
17464
17056
16704
17064
17368
17160
16776
17032
17456
17248
16816
16904
17352
17360
16944
16912
17336
17432
17024
16816
17280
17440
17056
16816
17200
17480
17176
16776
17168
17560
17176
16816
17056
17440
17264
16848
16992
17376
17328
16896
16896
17320
17392
17000
16832
17224
17400
17000
16768
17128
17472
17072
16728
17112
17464
17184
16808
17048
17456
17304
16816
16928
17384
17304
16888
16872
17344
17408
16976
16832
17272
17432
17008
16776
17160
17432
17096
16792
17144
17520
17256
16936
17216
17624
17488
17000
17136
17592
17520
17120
17112
17472
17592
17176
16944
17368
17600
17176
16928
17312
17560
17144
16736
17032
17368
17048
16656
16912
17280
17096
16712
16768
17216
17200
16728
16672
17112
17240
16840
16704
17112
17304
16800
16400
16680
17088
17032
17256
18632
20008
20712
20328
19312
18656
18152
17560
17512
17744
17440
16928
16856
17312
17440
16944
16744
17168
17392
16896
16656
16944
17328
16936
16664
17000
17288
17040
16648
16864
17272
17176
16784
16768
17216
17216
16816
16760
17144
17256
16856
16672
17152
17352
16904
16640
17072
17368
17056
16704
17008
17360
17056
16696
16928
17368
17184
16784
16944
17400
17384
16952
16952
17432
17536
17120
16992
17520
17720
17368
17144
17544
17928
17568
17248
17608
18008
17752
17376
17584
17960
17752
17344
17392
17680
17608
17192
17072
17432
17528
17024
16784
17184
17416
16976
16664
17024
17352
16952
16544
16896
17240
17008
16624
16824
17256
17064
16624
16704
17176
17176
16728
16704
17104
17208
16760
16560
17064
17248
16848
17248
16336
15528
17448
17760
15896
15560
17472
17968
16392
15872
17200
17640
16720
16440
17040
17176
16840
16704
16904
16976
16832
16864
16976
16976
16808
16800
17096
16944
16624
16744
17064
16960
16672
16760
17088
16968
16632
16744
17136
17048
16680
16736
17096
17064
16680
16648
16944
17064
16784
16640
16960
17160
16848
16616
16856
17120
16904
16528
16784
17184
16976
16544
16664
17160
17008
16584
16680
17128
17032
16576
16616
17016
17096
16696
16568
16936
17112
16800
16536
16840
17200
16968
16664
16944
17400
17192
16728
16912
17392
17240
16800
16968
17352
17344
16872
16864
17216
17304
16864
16720
17120
17312
16904
16568
16824
17096
16840
16368
16728
17064
16824
16360
16640
17120
16952
16504
16544
17032
17008
16536
16536
17016
17000
16576
16296
16552
16864
16736
16880
18096
19520
20216
20176
19384
18592
17952
17304
17424
17680
17272
16704
16736
17240
17176
16664
16656
17064
17152
16672
16480
17024
17200
16776
16464
16880
17160
16848
16488
16752
17176
16936
16504
16720
17176
17024
16552
16664
17152
17096
16640
16616
17056
17200
16720
16528
17032
17216
16840
16544
17000
17352
16960
16496
16888
17320
17104
16632
16880
17376
17240
16752
16880
17416
17424
16968
16992
17488
17584
17160
17024
17520
17752
17392
17104
17528
17920
17632
17224
17488
17928
17624
17152
17296
17744
17544
16976
17008
17424
17304
16832
16776
17208
17320
16784
16584
17032
17264
16848
16544
16896
17248
16888
16504
16792
17248
16960
16512
16728
17176
17048
16552
16640
17144
17168
16624
16568
17016
17136
16696
16576
17000
17192
16840
16480
16848
17256
16912
16536
16904
17320
16984
16528
16768
17256
17080
16592
16712
17224
17160
16672
16680
17120
17256
16832
16608
17040
17256
16856
16496
16920
17304
16944
16560
16824
17280
16976
16528
16768
17296
17128
16616
16680
17168
17136
16680
16640
17096
17176
16704
16568
17040
17256
16816
16560
16888
17152
16880
16544
16808
17272
17000
16560
16712
17160
17040
16560
16656
17192
17144
16616
16528
17008
17160
16560
16448
16968
17240
16784
16496
16864
17200
16840
16368
16704
17288
17080
16568
16792
17368
17216
16688
16784
17360
17304
16872
16888
17328
17328
16944
16680
17112
17432
17080
16752
17024
17240
16992
16568
16688
17120
16864
16360
16632
17016
16840
16384
16520
16960
17064
16520
16448
16840
16928
16520
16392
16760
17000
16672
16184
16408
16888
16664
16536
17576
19088
20016
20264
19696
18840
18136
17488
17392
17688
17392
16736
16584
17072
17040
16688
16592
16880
17080
16688
16384
16784
17088
16680
16272
16664
17088
16832
16328
16520
17000
16832
16256
16536
17032
16976
16520
16520
16872
16968
16592
16384
16808
16952
16696
16408
16784
17144
16824
16424
16712
17080
16896
16312
16664
17256
17072
16496
16688
17200
17152
16760
16656
17232
17448
17008
16752
17208
17464
17128
16936
17408
17768
17344
17032
17376
17880
17632
17192
17456
17872
17704
17216
17232
17696
17608
17056
16936
17336
17480
16920
16672
17064
17256
16856
16536
16952
17248
16880
16528
16768
17112
16984
16496
16640
17208
16976
16608
16632
17056
17168
16536
16528
17056
17152
16696
16480
16872
17264
16928
16552
16928
17184
16872
16448
16888
17336
16984
16536
16784
17264
17104
16616
16768
17248
17216
16704
16616
17096
17232
16824
16648
17048
17280
16856
16536
16872
17272
17080
16600
16824
17288
17040
16568
16728
17248
17120
16656
16728
17216
17240
16608
16528
17176
17280
16736
16592
17040
17304
16832
16536
16992
17280
16896
16576
16928
17320
17056
16608
16808
17272
17160
16584
16656
17264
17176
16744
16688
17176
17312
16784
16576
17032
17352
16944
16584
17008
17400
17104
16736
17088
17512
17320
16808
16984
17552
17416
16984
17000
17504
17512
17040
16912
17384
17544
17128
16896
17256
17544
17080
16680
16904
17256
16952
16536
16816
17280
17096
16584
16728
17224
17088
16584
16584
17072
17144
16664
16560
17104
17216
16520
16120
16680
17224
17352
18152
19696
21216
21368
19704
18544
18624
18368
17608
17440
17704
17480
16896
16872
17320
17304
16848
16712
17200
17352
16896
16656
17080
17368
16928
16576
16984
17376
17000
16648
16888
17376
17088
16608
16840
17328
17208
16736
16792
17224
17304
16768
16728
17248
17344
16896
16768
17176
17440
16992
16712
17112
17512
17216
16768
17080
17528
17248
16760
17072
17552
17472
17008
17064
17560
17664
17216
17144
17712
17896
17440
17264
17792
18040
17688
17408
17808
18176
17824
17440
17744
18136
17912
17368
17464
17912
17688
17272
17096
17576
17528
17000
16736
17304
17456
17008
16824
17208
17440
17016
16512
17088
17480
17080
16672
16984
17416
17136
16672
16848
17360
17256
16808
16848
17352
17352
16832
16768
17240
17368
16960
16776
17184
17440
17032
16728
17040
17424
17128
16712
17016
17464
17272
16744
16912
17472
17304
16784
16880
17360
17312
16880
16824
17280
17384
17016
16816
17248
17472
17016
16704
17072
17424
17136
16712
16904
17424
17184
16712
16920
17424
17288
16776
16824
17312
17224
16840
16752
17224
17384
16944
16680
17160
17432
17040
16720
17080
17376
17128
16712
16992
17408
17224
16728
16936
17368
17248
16736
16856
17288
17392
16840
16744
17240
17400
16992
16864
17392
17672
17256
16912
17264
17656
17352
16920
17232
17688
17480
17008
17096
17568
17440
17064
17088
17520
17480
16976
16904
17200
17344
16912
16648
17088
17376
17008
16648
16992
17344
17104
16624
16904
17344
17160
16632
16832
17328
17200
16704
16592
16936
17024
16808
17208
18552
19824
20480
20648
20168
19136
18168
17640
17840
18032
17480
16872
17128
17568
17368
16808
16928
17408
17344
16752
16792
17312
17392
16872
16840
17304
17416
16984
16720
17184
17456
17104
16760
17080
17504
17160
16712
16968
17472
17232
16744
16912
17400
17368
16768
16904
17352
17384
16888
16856
17368
17536
17016
16800
17232
17608
17184
16824
17240
17648
17312
16952
17168
17752
17528
17048
17296
17824
17800
17312
17360
17896
17960
17552
17448
17984
18152
17664
17496
17968
18224
17752
17376
17728
18072
17688
17192
17408
17792
17504
16944
17104
17560
17512
16960
16960
17408
17472
16912
16808
17280
17440
17008
16816
17208
17496
17104
16688
17112
17528
17160
16752
17000
17496
17280
16784
16984
17424
17328
16808
16912
17400
17400
16856
16784
17304
17464
17048
16808
17240
17552
17176
16784
17136
17512
17200
16808
17040
17528
17312
16808
16936
17456
17392
16856
16912
17376
17384
16872
16800
17320
17472
17016
16776
17200
17512
17112
16712
17104
17512
17176
16736
17040
17480
17304
16792
16920
17416
17344
16848
16872
17328
17408
16920
16808
17272
17472
16968
16736
17192
17488
17048
16728
17128
17512
17152
16712
17024
17424
17224
16760
16952
17440
17376
16808
16856
17472
17536
17072
17048
17504
17656
17168
16944
17480
17728
17360
17072
17400
17784
17408
16960
17256
17752
17584
17040
17104
17576
17480
16800
16816
17368
17296
16872
16728
17216
17368
16896
16712
17096
17344
17008
16688
17080
17368
17040
16672
16952
17360
17112
16480
16496
17088
17400
17672
18784
20448
21376
20432
18872
18496
18496
17840
17472
17768
17848
17288
16920
17168
17528
17224
16800
16976
17536
17328
16704
16816
17208
17128
16616
16728
17280
17280
16808
16680
17200
17432
16952
16528
17024
17320
16920
16576
16952
17472
17216
16736
17056
17520
17200
16696
16752
17232
17192
16648
16712
17264
17352
16832
16768
17288
17416
16976
16768
17384
17616
17032
17008
17552
17864
17424
16800
17104
17624
17416
17080
17232
17840
17744
17272
17264
17912
17992
17424
17384
17848
17944
17424
17096
17432
17664
17208
16768
16952
17376
17112
16680
16832
17224
16968
16552
16624
17080
17056
16520
16552
17024
17032
16504
16432
16856
17056
16672
16464
16824
17104
16784
16352
16736
17184
16920
16432
16688
17160
16936
16472
16624
17104
17072
16616
16680
17080
17160
16664
16480
17016
17200
16784
16616
17000
17264
16888
16544
16888
17232
16952
16552
16888
17320
17072
16640
16720
17240
17144
16704
16744
17240
17264
16816
16656
17104
17256
16856
16608
17048
17288
16872
16592
16944
17400
17016
16664
17008
17448
17192
16648
16760
17280
17176
16720
16840
17280
17288
16824
16664
17184
17336
16960
16784
17240
17600
17192
16792
17200
17640
17360
16872
17160
17656
17432
17040
17112
17712
17704
17096
17104
17592
17712
17232
17048
17464
17584
17184
16872
17184
17440
17192
16744
16984
17520
17256
16736
17040
17648
17424
16904
17024
17472
17440
16896
16960
17512
17600
16992
16640
17176
17608
17512
18048
19616
21056
21464
20552
19384
19296
18872
18248
18144
18472
18144
17464
17560
18064
18040
17480
17520
18056
18112
17520
17432
17976
18256
17720
17392
17856
18304
17864
17440
18000
18648
18216
17576
17752
18360
18296
17648
17704
18392
18504
17872
17776
18352
18472
17960
17768
18376
18720
18168
17728
18152
18712
18216
17728
18144
18760
18448
17816
18184
18728
18480
17792
17984
18712
18624
18032
18080
18600
18688
18224
18056
18592
18904
18336
17952
18480
19016
18568
18032
18360
18928
18512
18008
18104
18640
18368
17792
17648
18224
18144
17504
17424
18040
18104
17440
17240
17752
18008
17528
17040
17432
17864
17568
17120
17520
17968
17656
17144
17352
17904
17688
17160
17224
17736
17712
17232
17088
17464
17584
17232
17128
17632
17848
17520
17120
17552
17864
17400
17008
17248
17600
17368
17032
17264
17624
17432
17024
17112
17544
17504
16904
17088
17608
17560
17168
17080
17392
17392
17040
16976
17128
17312
16864
16640
17064
17432
17288
16888
17120
17504
17280
16832
16944
17320
17208
16768
16800
17224
17288
16880
16800
17168
17232
16864
16744
17072
17336
17024
16696
17056
17392
17152
16864
17136
17464
17288
16904
17080
17408
17320
16976
17000
17416
17424
16944
16840
17224
17344
16992
16824
17176
17288
16872
16520
16784
17144
16784
16480
16704
17008
16864
16536
16688
17008
16856
16448
16472
17016
17016
16568
16496
16944
17072
16488
16144
16568
17080
17208
17832
19296
20656
20952
19568
18408
18304
17960
17392
17304
17496
17304
16840
16872
17168
17248
16808
16800
17120
17256
16816
16656
17024
17216
16920
16656
16968
17312
16992
16672
16912
17280
17096
16688
16880
17304
17216
16800
16848
17216
17264
16840
16824
17264
17376
16944
16808
17120
17424
17088
16856
17168
17512
17208
16872
17128
17504
17296
16936
17160
17584
17456
17088
17096
17624
17680
17296
17304
17688
17864
17520
17424
17800
18088
17840
17592
17936
18136
17864
17552
17784
18120
17912
17456
17464
17848
17672
17216
17296
17520
17528
17120
17048
17336
17448
17096
16920
17160
17320
17024
16744
17080
17368
17104
16768
17008
17328
17104
16784
16920
17272
17176
16824
16784
17160
17160
16752
16720
17104
17264
16920
16704
17024
17224
16944
16680
16944
17240
17024
16720
16864
17240
17072
16712
16800
17208
17088
16728
16800
17168
17160
16744
16720
17096
17160
16840
16664
17032
17200
16864
16624
16944
17232
17000
16616
16840
17168
16952
16624
16704
17144
17032
16600
16664
17072
17088
16656
16592
16976
17128
16696
16456
16888
17152
16808
16520
16816
17144
16952
16568
16872
17336
17144
16728
16872
17200
17168
16752
16864
17264
17312
16872
16752
17104
17256
16904
16696
17080
17288
16880
16520
16744
17056
16768
16344
16592
16952
16800
16360
16400
16904
16872
16400
16368
16808
16896
16424
16296
16712
16880
16488
16176
16464
16576
16256
16160
16904
18176
19048
19808
20736
20328
18496
17576
17568
17776
17440
16752
16544
16960
17008
16552
16400
16768
16896
16528
16216
16568
16840
16560
16184
16520
16872
16608
16184
16416
16840
16696
16192
16312
16800
16688
16224
16272
16744
16784
16360
16232
16632
16816
16376
16152
16592
16800
16488
16224
16544
16880
16600
16200
16416
16856
16728
16304
16464
16856
16840
16384
16456
16912
17016
16616
16496
17016
17160
16832
16648
17000
17360
17088
16776
17120
17520
17312
16856
17104
17472
17392
16840
16872
17376
17232
16656
16600
16952
16984
16512
16320
16696
16832
16408
16080
16472
16784
16488
16048
16360
16752
16488
16048
16248
16720
16552
16104
16184
16672
16608
16184
16104
16536
16688
16216
16040
16472
16728
16304
16048
16424
16736
16400
16048
16320
16760
16496
16096
16304
16752
16592
16128
16176
16712
16640
16232
16128
16600
16680
16232
16112
16496
16712
16408
16208
16456
16744
16448
16032
16336
16744
16480
16072
16296
16672
16528
16096
16176
16664
16608
16104
16104
16600
16648
16248
16088
16448
16712
16384
16032
16400
16696
16464
16080
16352
16728
16520
16120
16400
16872
16776
16264
16352
16816
16760
16360
16456
16960
17008
16544
16432
16736
16920
16592
16352
16792
17024
16640
16200
16512
16800
16552
15984
16216
16600
16496
16008
16128
16512
16480
16024
16024
16488
16568
16168
16008
16416
16544
16176
15976
16296
16392
15936
15816
16512
17632
18584
19368
20536
20776
18944
17536
17456
17752
17408
16704
16376
16784
16904
16400
16144
16592
16768
16360
16088
16352
16792
16424
16056
16280
16616
16368
16072
16256
16728
16504
16048
16112
16584
16616
16128
16048
16536
16640
16248
16120
16488
16680
16336
16120
16432
16752
16456
16072
16360
16696
16512
16144
16376
16784
16712
16200
16416
16840
16784
16336
16384
16816
17008
16584
16416
16832
17024
16768
16528
16984
17272
16968
16696
17088
17528
17256
16800
17040
17448
17344
16816
16992
17304
17240
16736
16680
16960
16984
16576
16320
16696
16936
16448
16040
16448
16816
16504
16120
16368
16792
16504
16120
16296
16672
16616
16136
16224
16712
16728
16240
16192
16616
16784
16304
16128
16576
16800
16448
16088
16456
16824
16464
16096
16448
16896
16664
16144
16320
16840
16704
16248
16272
16728
16720
16336
16304
16656
16776
16408
16184
16656
16872
16464
16200
16568
16928
16568
16176
16448
16824
16672
16216
16424
16856
16672
16232
16288
16736
16744
16272
16232
16712
16776
16400
16240
16632
16800
16472
16128
16504
16856
16608
16272
16432
16872
16592
16192
16376
16808
16728
16280
16416
16872
16968
16488
16528
16960
17008
16600
16400
16840
17184
16760
16432
16824
17104
16760
16416
16712
17136
16784
16360
16544
16880
16672
16208
16224
16704
16720
16176
16184
16656
16768
16280
16064
16536
16776
16384
16096
16456
16760
16488
16048
16296
16592
16216
15880
16352
17464
18336
19000
20168
20880
19704
18096
17568
17896
17720
16976
16544
16808
17008
16552
16280
16656
17000
16592
16272
16464
16856
16624
16232
16384
16808
16744
16240
16328
16712
16768
16336
16224
16792
16920
16432
16264
16648
16944
16512
16200
16592
16944
16704
16208
16496
16920
16696
16296
16432
16968
16832
16360
16432
16920
16928
16432
16384
16840
17080
16680
16528
16904
17184
16784
16512
16928
17328
17096
16696
16976
17504
17288
16864
17104
17568
17536
17064
17104
17624
17632
17176
17048
17416
17512
17008
16720
17112
17288
16832
16424
16776
17064
16760
16344
16544
17016
16768
16256
16424
16920
16824
16336
16384
16856
16872
16448
16288
16728
16880
16456
16272
16704
16968
16568
16208
16584
16960
16616
16216
16560
17000
16776
16296
16464
16920
16800
16352
16416
16928
16960
16496
16368
16800
16992
16568
16304
16752
17008
16632
16328
16672
17016
16680
16192
16552
17016
16840
16304
16448
16928
16848
16328
16392
16872
16936
16448
16344
16768
16880
16464
16224
16696
16992
16536
16232
16616
16976
16680
16208
16528
16928
16720
16232
16432
16904
16760
16320
16344
16840
16872
16400
16312
16696
16880
16456
16272
16664
17040
16696
16424
16776
17200
16856
16424
16680
17184
17016
16552
16688
17056
17024
16632
16592
17040
17080
16672
16560
16912
17088
16616
16336
16632
16840
16448
16136
16504
16896
16560
16136
16400
16848
16640
16176
16280
16880
16744
16192
16208
16720
16808
16296
16152
16368
16592
16400
16616
17936
19336
20000
20264
19848
18904
17992
17304
17320
17576
17056
16480
16528
16952
16888
16352
16384
16824
16840
16384
16272
16744
16880
16424
16160
16608
16880
16520
16192
16568
16944
16664
16184
16480
16896
16680
16176
16304
16792
16816
16336
16368
16808
16864
16352
16240
16736
16944
16472
16264
16704
16968
16632
16320
16624
17048
16728
16280
16616
17072
16912
16464
16600
17096
17080
16600
16720
17184
17288
16864
16744
17232
17456
17088
16848
17248
17624
17312
16968
17304
17664
17304
16912
17064
17440
17152
16640
16720
17144
17000
16528
16456
16888
16936
16496
16336
16792
16864
16408
16216
16648
16912
16496
16176
16528
16960
16648
16176
16456
16864
16736
16240
16328
16848
16784
16280
16288
16784
16824
16376
16256
16720
16880
16424
16256
16624
16904
16576
16232
16568
16992
16656
16168
16504
16944
16744
16272
16416
16896
16816
16256
16264
16800
16888
16360
16240
16696
16888
16472
16224
16624
16904
16512
16176
16496
16928
16568
16184
16360
16800
16672
16216
16376
16840
16752
16224
16280
16768
16784
16320
16232
16672
16840
16336
16136
16512
16848
16488
16168
16464
16832
16536
16048
16296
16792
16632
16144
16384
16880
16848
16368
16448
16896
16904
16456
16392
16880
17104
16624
16360
16704
17104
16728
16360
16680
17096
16776
16312
16464
16936
16744
16112
16224
16728
16672
16168
16112
16592
16656
16168
16064
16520
16736
16264
16072
16488
16832
16384
16000
16320
16752
16456
15840
15880
16448
16624
16600
17744
19448
20528
20568
19456
18536
18152
17552
17144
17288
17216
16640
16328
16672
16936
16536
16160
16456
16832
16544
16136
16376
16792
16600
16144
16216
16792
16688
16208
16176
16672
16680
16256
16120
16512
16728
16288
16144
16512
16776
16376
16088
16432
16864
16560
16080
16432
16832
16656
16120
16344
16784
16800
16264
16208
16752
16864
16376
16272
16784
16992
16584
16304
16808
17168
16800
16496
16832
17280
17000
16632
16904
17384
17272
16872
17000
17504
17496
16968
16928
17392
17456
16912
16712
17104
17264
16840
16464
16832
17056
16632
16232
16528
16872
16552
16160
16368
16800
16616
16120
16256
16696
16608
16192
16136
16664
16720
16328
16184
16552
16744
16312
16080
16512
16808
16384
16160
16408
16808
16552
16184
16368
16760
16648
16208
16256
16704
16696
16224
16216
16688
16776
16304
16160
16592
16768
16360
16104
16544
16800
16496
16128
16352
16808
16480
16128
16368
16840
16616
16168
16248
16728
16640
16152
16176
16640
16720
16280
16144
16520
16648
16296
16024
16384
16744
16376
16168
16416
16696
16488
16064
16248
16664
16480
16136
16288
16664
16608
16176
16128
16544
16632
16216
16120
16544
16704
16272
16032
16392
16816
16560
16224
16496
16904
16568
16208
16400
16928
16736
16376
16448
16840
16816
16352
16288
16720
16832
16368
16296
16696
16792
16400
16064
16344
16624
16232
15968
16216
16616
16344
15984
16136
16592
16392
15968
16048
16504
16440
16024
16008
16392
16552
16088
15792
16088
16376
16192
16384
17688
19200
20008
20168
19592
18656
17936
17248
17192
17328
16880
16296
16352
16768
16672
16200
16112
16560
16640
16152
16048
16464
16624
16200
16000
16392
16696
16328
15912
16272
16696
16440
15992
16224
16680
16512
16024
16112
16696
16616
16144
16064
16624
16648
16200
16016
16544
16720
16336
16080
16520
16848
16416
16096
16376
16856
16552
16160
16416
16824
16720
16248
16416
16904
16928
16480
16528
17032
17120
16704
16592
17112
17328
16928
16696
17176
17520
17128
16760
17104
17448
17208
16760
16952
17280
17072
16536
16488
16992
16944
16384
16344
16768
16824
16280
16120
16576
16776
16336
16072
16456
16776
16392
16072
16456
16832
16440
16016
16296
16752
16608
16096
16192
16712
16632
16120
16152
16656
16808
16304
16128
16600
16816
16352
16088
16488
16856
16504
16112
16408
16848
16600
16128
16376
16824
16672
16120
16272
16768
16680
16216
16240
16704
16768
16256
16136
16616
16768
16384
16128
16496
16840
16472
16088
16416
16808
16488
16072
16304
16768
16608
16016
16200
16688
16664
16144
16192
16608
16736
16280
16096
16624
16800
16368
16064
16440
16760
16416
16088
16392
16760
16504
16040
16280
16776
16656
16176
16232
16712
16680
16144
16192
16648
16832
16440
16312
16832
17032
16512
16296
16680
17056
16688
16320
16640
17040
16808
16304
16488
16896
16816
16336
16448
16856
16792
16224
16208
16600
16608
16152
15984
16496
16656
16296
15976
16440
16720
16384
15952
16272
16704
16424
15952
16216
16656
16432
15960
15888
16328
16504
16336
16968
18536
19736
20176
19736
18912
18240
17576
17024
17192
17208
16720
16232
16488
16872
16568
16088
16280
16744
16552
16064
16152
16624
16640
16136
16080
16584
16688
16200
16040
16504
16688
16336
15976
16424
16728
16432
15976
16328
16752
16520
16112
16264
16696
16576
16080
16240
16664
16680
16192
16192
16704
16776
16256
16168
16584
16744
16440
16184
16608
16920
16576
16216
16624
17056
16816
16376
16648
17128
17008
16584
16728
17208
17216
16760
16800
17280
17472
17016
16800
17272
17400
17000
16720
17008
17264
16832
16360
16616
16984
16712
16224
16376
16864
16664
16104
16152
16672
16664
16184
16096
16624
16712
16216
16040
16488
16696
16280
16008
16416
16720
16400
15992
16320
16720
16520
16016
16240
16728
16600
16104
16200
16640
16672
16136
16096
16528
16656
16216
16112
16512
16704
16320
16064
16456
16808
16392
16064
16336
16816
16504
16048
16184
16688
16592
16104
16168
16704
16656
16184
16056
16544
16664
16240
16064
16480
16696
16280
15992
16424
16712
16312
15904
16216
16720
16456
15944
16160
16632
16528
15984
16096
16544
16504
16040
16032
16464
16576
16168
15984
16416
16656
16272
15888
16256
16600
16288
15912
16232
16624
16384
15992
16184
16704
16648
16144
16264
16776
16736
16296
16184
16672
16840
16392
16192
16672
16904
16416
16128
16504
16784
16480
16008
16336
16736
16448
15840
15976
16432
16400
15864
15968
16464
16424
15920
15864
16352
16432
16008
15848
16224
16528
16080
15800
16192
16432
15944
15472
15944
16672
17176
17800
19128
20440
19960
18304
17512
17768
17496
16800
16424
16728
16760
16176
15960
16400
16648
16240
15864
16256
16584
16184
15760
16088
16496
16224
15872
16096
16480
16336
15848
15960
16424
16456
15984
15896
16344
16448
16056
15880
16304
16528
16136
15824
16176
16544
16216
15816
16152
16584
16336
15816
16056
16552
16456
15984
16080
16536
16592
16136
16088
16488
16680
16240
16080
16496
16816
16480
16208
16608
17016
16776
16344
16632
17152
16976
16544
16744
17248
17152
16616
16648
17104
17064
16488
16376
16776
16840
16336
16088
16440
16672
16264
15896
16264
16576
16240
15808
16080
16504
16256
15856
15992
16424
16392
15824
15888
16400
16336
15888
15848
16336
16424
15968
15808
16296
16496
16064
15768
16192
16472
16192
15776
16120
16528
16272
15808
16032
16504
16392
15888
15928
16408
16432
15984
15880
16328
16472
16032
15864
16256
16488
16128
15824
16152
16488
16208
15800
16088
16536
16328
15832
15944
16376
16344
15824
15904
16352
16368
15912
15824
16176
16408
15984
15768
16168
16408
16040
15760
16064
16448
16112
15768
16000
16376
16200
15744
15904
16360
16208
15752
15824
16280
16368
15904
15824
16224
16368
15936
15736
16216
16528
16064
15784
16224
16568
16352
15880
16224
16640
16440
15936
16192
16664
16496
16056
16096
16568
16568
16096
16040
16488
16512
16072
15832
16208
16360
16008
15680
16032
16320
15992
15656
15912
16288
16160
15680
15824
16288
16216
15664
15768
16248
16296
15840
15664
15904
16008
15656
15768
16864
18232
19016
19648
19784
18904
17704
17048
17032
17184
16752
16088
16120
16544
16432
15920
15928
16296
16400
15984
15816
16224
16360
15936
15712
16128
16384
16008
15688
16048
16424
16120
15656
15944
16360
16240
15744
15888
16384
16240
15792
15840
16328
16336
15904
15792
16272
16408
15936
15744
16128
16440
16096
15800
16168
16568
16200
15824
16128
16536
16360
15936
16160
16616
16600
16120
16192
16688
16752
16400
16352
16816
17032
16600
16400
16824
17104
16752
16440
16784
17232
16848
16432
16640
17056
16744
16192
16336
16752
16608
16064
16064
16480
16456
15960
15856
16304
16448
16008
15744
16136
16440
16056
15760
16040
16448
16216
15760
15992
16424
16272
15768
15912
16344
16360
15904
15928
16288
16400
15904
15840
16256
16504
16048
15856
16256
16512
16184
15776
16096
16504
16272
15824
16080
16504
16304
15856
15984
16472
16376
15920
15952
16368
16376
15920
15856
16248
16464
16040
15808
16208
16456
16104
15792
16136
16472
16200
15784
16056
16528
16240
15840
15928
16392
16360
15832
15896
16360
16376
15944
15848
16272
16408
16000
15824
16184
16504
16096
15768
16112
16448
16168
15792
16008
16440
16232
15816
15928
16376
16296
15800
15872
16344
16408
16040
15952
16400
16640
16224
15976
16424
16688
16352
15912
16352
16736
16424
16088
16288
16640
16464
16024
16200
16608
16480
16016
15944
16336
16344
15832
15728
16112
16336
15856
15664
16048
16384
15992
15640
15992
16384
16088
15560
15872
16312
16144
15704
15784
15920
15888
15632
16024
17200
18424
19120
19712
19680
18712
17464
16968
17072
17160
16552
16040
16352
16552
16320
15864
16104
16528
16312
15792
15968
16408
16360
15888
15856
16296
16424
15912
15856
16296
16488
16016
15784
16184
16512
16136
15832
16128
16512
16224
15800
16024
16464
16272
15896
16008
16448
16360
15968
15984
16448
16488
16080
15888
16392
16584
16192
15872
16328
16648
16344
15992
16368
16768
16520
16144
16424
16864
16760
16328
16504
17056
17000
16584
16584
17096
17184
16760
16632
17160
17328
16856
16528
16888
17168
16752
16336
16672
16904
16624
16192
16352
16704
16560
16048
16176
16576
16568
16040
16016
16480
16496
16024
15936
16424
16656
16232
15888
16280
16584
16208
15904
16296
16704
16376
15976
16184
16560
16424
15912
16040
16528
16504
16088
16008
16592
16600
16120
16000
16424
16664
16240
15984
16368
16680
16328
15968
16304
16656
16448
16016
16224
16656
16432
16008
16096
16672
16600
16104
16016
16568
16584
16128
15976
16488
16688
16264
15976
16312
16656
16296
15944
16192
16608
16408
15992
16104
16648
16448
15968
16000
16576
16472
16080
15944
16464
16552
16104
15936
16344
16592
16136
15904
16288
16664
16288
15928
16192
16632
16344
15928
16048
16624
16496
16072
16104
16632
16696
16208
16144
16672
16808
16320
16168
16600
16904
16392
16200
16584
16920
16472
16176
16456
16896
16568
16184
16208
16720
16384
15888
15952
16520
16472
15952
15888
16440
16536
16072
15920
16320
16560
16120
15896
16272
16584
16296
15888
16024
16368
15984
15712
16032
17088
17912
18608
19616
20368
19304
17648
17208
17544
17352
16696
16288
16624
16808
16384
16040
16328
16752
16384
16032
16200
16632
16360
15912
16104
16616
16480
16016
16056
16576
16480
16056
15968
16408
16552
16144
16064
16416
16576
16144
15976
16312
16704
16376
16064
16240
16712
16464
15976
16192
16680
16552
16096
16104
16696
16656
16184
16120
16712
16752
16304
16216
16624
16888
16496
16296
16616
17056
16632
16400
16696
17224
17000
16600
16656
17248
17232
16712
16776
17272
17312
16784
16656
17040
17208
16760
16480
16864
17032
16552
16272
16488
16832
16440
16008
16216
16664
16408
15984
16088
16616
16408
15864
16008
16520
16496
16048
16008
16360
16568
16056
15856
16312
16480
15976
15832
16240
16648
16312
15832
16032
16528
16312
15816
15952
16432
16344
15896
15968
16440
16304
15632
15768
16304
16424
16016
15824
16112
16456
16064
15904
16032
16200
15960
15760
16048
16496
16208
15760
15784
16320
16128
15688
15752
16176
16208
15656
15600
16152
16272
15720
15592
15952
16232
15976
15752
16040
16344
15888
15320
15712
16392
16024
15456
15576
16120
16088
15536
15672
16120
16192
15704
15656
16144
16352
15984
15616
15752
16080
15800
15328
15560
16192
15848
15256
15568
16376
16304
15832
16040
16384
16216
15624
15768
16256
16696
16184
15784
16080
16312
15896
15528
15872
16376
15992
15760
15880
16568
16208
15336
15144
15824
15768
15448
15680
16008
15816
15552
15600
15928
16072
15560
15440
15752
15912
15472
15464
15616
16000
15472
14928
15120
15672
15712
16008
17352
18928
19456
18520
17272
17080
17104
16416
16336
16584
16304
15712
15576
16064
16248
15760
15528
15832
15968
15472
15368
15768
16248
15896
15496
15744
16144
15872
15344
15456
16040
16008
15560
15632
16136
16080
15568
15592
15976
16048
15512
15520
15976
16240
15816
15584
15824
16176
15920
15608
15664
16176
16000
15536
15688
16080
16016
15512
15632
16208
16296
15688
15728
16256
16440
15960
15864
16216
16544
16200
16032
16336
16720
16416
16144
16336
16856
16656
16224
16336
16864
16680
16128
16184
16720
16592
16048
15888
16280
16408
15976
15744
16008
16360
15976
15760
15872
16312
16016
15608
15848
16376
16136
15656
15768
16256
16176
15664
15720
16192
16296
15792
15792
16152
16296
15880
15768
16112
16440
16088
15752
16088
16480
16160
15760
16040
16480
16208
15784
15968
16464
16376
15840
15936
16448
16448
15968
15928
16328
16488
16016
15896
16240
16552
16184
15808
16168
16584
16256
15888
16104
16528
16384
15944
16128
16624
16424
15992
16064
16552
16560
16104
16008
16368
16600
16144
16000
16248
16608
16160
15944
16264
16712
16296
15968
16144
16664
16448
15984
16144
16584
16568
15976
16104
16512
16584
16056
16072
16544
16720
16312
16176
16568
16840
16392
16200
16488
16952
16632
16232
16424
16912
16752
16240
16432
16896
16760
16264
16328
16736
16768
16216
16144
16432
16624
16112
15968
16312
16696
16232
15920
16208
16704
16328
15936
16120
16664
16408
15936
16072
16536
16504
16000
15920
16096
16256
16024
16504
17808
19216
19888
20064
19128
18144
17448
17104
17144
17328
16776
16248
16352
16816
16608
16088
16256
16624
16648
16096
16128
16536
16648
16128
16072
16488
16680
16224
16056
16368
16728
16320
16008
16288
16712
16376
16016
16256
16736
16528
16008
16232
16648
16616
16136
16208
16576
16664
16192
16136
16560
16760
16296
16160
16528
16904
16520
16176
16472
16920
16656
16256
16536
17032
16880
16448
16584
17104
17120
16672
16720
17112
17280
16928
16848
17280
17480
17080
16952
17232
17616
17184
16808
17000
17352
16976
16512
16632
17104
16848
16352
16464
16848
16760
16184
16312
16656
16712
16256
16200
16552
16784
16288
16072
16384
16776
16368
16056
16368
16744
16440
16024
16344
16800
16584
16136
16264
16712
16640
16136
16240
16592
16768
16288
16192
16504
16784
16344
16160
16472
16824
16448
16176
16432
16824
16552
16136
16376
16824
16672
16080
16328
16776
16712
16208
16264
16616
16720
16280
16224
16600
16824
16360
16096
16408
16792
16408
16144
16416
16784
16472
16048
16328
16760
16592
16128
16280
16680
16640
16176
16248
16608
16720
16264
16232
16544
16776
16336
16136
16424
16800
16416
16080
16352
16792
16512
16080
16360
16800
16680
16216
16456
16904
16912
16376
16416
16768
16984
16520
16424
16816
17080
16656
16392
16696
16976
16656
16336
16648
17000
16680
16224
16416
16752
16536
16008
16232
16616
16592
16120
16128
16496
16632
16168
16064
16448
16744
16256
16016
16376
16752
16368
16000
16168
16344
16088
15912
16648
17984
18976
19616
20376
19856
18480
17504
17400
17496
17408
16648
16392
16728
16952
16424
16200
16544
16856
16432
16160
16376
16808
16472
16080
16376
16808
16608
16152
16288
16648
16704
16152
16208
16592
16688
16264
16112
16496
16752
16344
16144
16464
16880
16488
16120
16312
16776
16520
16072
16392
16816
16656
16168
16312
16760
16728
16280
16344
16752
16880
16416
16328
16720
17032
16576
16376
16776
17128
16848
16496
16824
17248
17016
16664
16968
17344
17272
16760
16912
17320
17368
16848
16848
17232
17280
16632
16544
16848
17056
16520
16240
16608
16880
16552
16088
16432
16776
16464
16048
16344
16736
16584
16080
16208
16648
16584
16152
16120
16512
16720
16248
16112
16552
16736
16328
16056
16448
16768
16440
16088
16360
16728
16416
16072
16336
16800
16616
16120
16256
16704
16680
16216
16224
16688
16688
16256
16144
16616
16808
16304
16120
16480
16784
16448
16032
16408
16800
16552
16128
16328
16776
16600
16112
16264
16744
16656
16112
16144
16648
16712
16296
16144
16536
16720
16328
16112
16456
16760
16376
16072
16424
16824
16528
16072
16304
16752
16504
16048
16208
16680
16624
16160
16152
16624
16720
16192
16112
16624
16808
16352
16080
16496
16840
16520
16208
16584
17008
16720
16256
16512
16984
16832
16376
16496
16976
16984
16408
16336
16824
16912
16464
16296
16728
16904
16312
16016
16376
16728
16296
15968
16256
16688
16464
16080
16216
16680
16472
15984
16144
16616
16560
16128
16144
16576
16664
16000
15704
16152
16544
16512
17112
18496
19928
20264
19176
18176
17920
17568
16928
16928
17112
16760
16280
16392
16816
16760
16208
16120
16624
16680
16232
16112
16552
16728
16336
16080
16440
16736
16384
15960
16320
16776
16480
16032
16264
16720
16504
16048
16224
16696
16672
16136
16096
16632
16712
16280
16104
16560
16800
16368
16200
16608
16896
16512
16128
16408
16880
16640
16168
16496
16928
16784
16328
16488
17000
16880
16464
16512
17008
17160
16784
16600
17120
17320
16992
16760
17176
17504
17128
16760
17048
17424
17120
16664
16840
17280
17040
16496
16520
16904
16832
16320
16336
16704
16824
16296
16160
16656
16912
16376
16040
16368
16752
16416
16056
16384
16744
16488
16064
16336
16800
16608
16144
16256
16728
16672
16200
16184
16624
16784
16360
16184
16592
16816
16376
16128
16560
16896
16552
16232
16520
16920
16616
16168
16384
16904
16776
16224
16360
16832
16784
16272
16248
16720
16800
16368
16320
16608
16848
16432
16136
16504
16808
16512
16176
16400
16776
16552
16128
16328
16808
16664
16120
16264
16736
16712
16248
16136
16544
16720
16264
16128
16552
16784
16328
16072
16520
16816
16504
16128
16416
16800
16608
16088
16280
16736
16624
16096
16256
16712
16728
16272
16256
16680
16912
16448
16264
16736
17032
16640
16384
16752
17112
16832
16456
16672
17056
16728
16264
16552
16992
16944
16240
16304
16800
16768
16160
16168
16448
16656
16144
15960
16376
16688
16224
16048
16432
16696
16296
15904
16328
16704
16528
15976
16200
16664
16352
15704
15920
16688
17176
17632
18776
20296
20768
19104
17480
17608
17824
17192
16664
16848
17096
16656
16216
16496
16808
16496
16096
16280
16704
16728
16232
16152
16560
16648
16160
16080
16576
16824
16288
16176
16640
16816
16264
15984
16360
16736
16472
16112
16376
16752
16536
16080
16320
16760
16728
16208
16224
16608
16696
16360
16248
16704
16896
16472
16472
16816
16896
16392
16064
16536
17024
16856
16528
16760
17112
16856
16328
16608
17040
17120
16744
16816
17424
17584
16944
16848
17424
17712
17096
16736
17184
17480
17136
16976
17136
17160
16720
16224
16408
16768
16680
16176
16440
16960
16816
16464
16448
16616
16528
16040
16056
16472
16680
16416
16160
16584
16872
16152
15744
16272
16752
16560
16096
16296
16608
16704
16256
16320
16616
16520
15936
16088
16560
16632
16136
16176
16560
16760
16272
16144
16592
16848
16552
16288
16576
16712
16440
16056
16480
16864
16488
16000
16296
16592
16448
15944
16152
16640
16696
16200
16128
16504
16744
16328
16144
16680
16976
16400
15928
16288
16720
16464
16176
16408
16616
16328
15952
16216
16656
16544
16096
16320
16856
16712
16104
16104
16528
16672
16200
15976
16352
16576
16264
15936
16352
16840
16592
16056
16360
16912
16848
16416
16576
16760
16640
16368
16456
16832
16912
16512
16464
16776
16864
16576
16328
16704
16824
16360
16136
16400
16616
16344
16248
16568
16624
16104
15704
16176
16664
16552
16000
16072
16552
16728
16168
16168
16448
16544
16056
15816
16016
16152
15888
16048
17040
18392
19320
19960
20216
19328
18072
17216
17344
17440
17216
16592
16608
16752
16704
16080
16000
16488
16840
16672
16192
16368
16704
16232
15760
16320
16680
16448
16048
16312
16600
16584
16248
16312
16472
16464
15976
16176
16696
16656
16160
16024
16512
16792
16352
15912
16376
16968
16600
15968
16208
16536
16376
16088
16496
16840
16616
16096
16256
16648
16640
16272
16288
16856
16992
16456
16416
16968
17128
16472
16392
16952
17112
17104
16888
17064
17168
16968
16544
16960
17384
17480
17016
16864
17232
17128
16560
16560
16792
16792
16368
16312
16632
16688
16312
16280
16760
16920
16408
15952
16408
16560
16192
15912
16376
16696
16560
15976
16224
16720
16512
15864
15928
16456
16560
16096
16216
16512
16688
16368
16240
16568
16584
16080
15960
16496
16776
16568
15888
16080
16504
16400
16144
16560
16672
16448
16096
16192
16640
16920
16312
16032
16216
16328
16048
15936
16448
16744
16456
16088
16280
16568
16600
16112
16096
16368
16352
15936
16128
16712
16600
15976
16032
16568
16640
16072
15848
16392
16616
16312
16104
16448
16552
16192
15912
16520
16760
16352
15744
16080
16512
16512
16040
16144
16592
16632
16136
16272
16752
16752
16376
16024
16344
16704
16288
16024
16368
16640
16552
16456
16736
16616
16512
16208
16440
16808
16648
16336
16488
16784
16640
16184
16240
16688
16512
15936
15944
16616
16496
15944
15712
16144
16656
16448
15960
16056
16296
16224
15808
16168
16472
16368
16056
16160
16272
16184
15640
15752
16920
17592
17712
18744
20128
19880
18112
17016
17280
17360
16976
16384
16616
16912
16688
16288
16456
16568
16272
15992
16224
16552
16392
15880
15856
16416
16464
16016
15904
16336
16528
16224
16048
16456
16584
16120
15880
16312
16696
16472
15944
16168
16552
16504
16080
16232
16736
16640
16128
16056
16496
16600
16352
16600
16888
16728
16472
16240
16416
16504
16216
16016
16360
16840
16592
16224
16616
17112
16976
16536
16600
17032
17096
16720
16976
17704
17552
16768
16584
17064
17360
17184
16912
17256
17256
16672
16328
16864
17072
16720
16408
16704
16976
16520
15976
16280
16752
16608
16312
16288
16496
16480
16168
16280
16824
16784
16152
15888
16336
16656
16448
15984
16240
16568
16408
16048
16424
16920
16696
16160
16024
16544
16640
16176
16200
16856
16808
16144
15952
16456
16624
16256
16064
16576
16744
16472
16264
16464
16936
16864
16288
16464
16896
16680
16032
16016
16416
16456
16024
16192
16696
16736
16240
16160
16680
16744
16208
16248
16672
16888
16448
16104
16376
16784
16592
16000
16248
16672
16696
16240
16344
16584
16384
16024
16144
16736
16776
16232
16208
16800
16744
16152
15872
16392
16712
16400
15928
16344
16776
16624
16216
16536
17128
16792
16064
16256
16880
16776
16264
16520
16912
16920
16528
16376
16880
17232
16792
16520
16744
16472
16192
16096
16440
16792
16416
15888
16280
16720
16432
16136
16352
16736
16656
16008
16064
16584
16440
15840
15912
16432
16856
16584
16176
16288
16392
15984
15816
17064
18592
19352
20032
20272
19072
17880
17328
17336
17464
17280
16720
16544
16936
16904
16200
15936
16344
16544
16312
15984
16640
16944
16480
16264
16384
16424
16184
16032
16288
16712
16552
15920
15976
16528
16568
16288
16552
16864
16584
15896
15816
16312
16688
16352
16232
16808
16760
16168
15824
16216
16792
16856
17168
16968
16224
15776
15736
16264
16968
16840
16248
16432
16824
16712
16288
16440
17032
17400
16888
16656
17112
18016
17496
16528
16424
17064
16888
16688
16984
17288
16992
16760
17040
17328
16888
16392
16320
16736
16808
16320
16296
17168
17432
16528
15960
15800
16056
16024
16168
16448
16288
16128
15816
16312
17160
16856
16088
16208
16344
15960
15976
16040
16512
16600
16176
16136
16656
16592
15664
15448
16080
16480
16328
16064
16224
16560
16080
15920
16496
16496
16056
15752
16032
17096
17000
15960
15624
16480
16240
15704
15928
16384
16496
16064
16080
16368
16320
16016
15656
16384
17032
16368
15640
15720
16264
16256
15848
16088
16704
16384
15584
15840
16376
16176
15680
15912
16712
16640
16184
15784
15928
16040
16024
15840
16296
16896
16192
15384
16048
17384
16760
15376
15208
15976
16024
15824
16248
16400
16384
16064
15872
16464
16808
16328
15984
16448
16896
16944
16368
15872
16232
15816
15712
16368
16728
16192
15824
16240
16352
15976
15848
15912
16448
16280
15728
15792
16304
16200
15688
15576
16104
16168
15808
15888
16352
16480
16176
15920
15608
15760
15520
15440
16672
18184
18728
19224
19984
19600
18168
17016
17112
17328
17000
16192
16072
16472
16336
15984
15664
16480
16792
16488
15752
15712
15984
15904
16208
16248
16344
16152
15872
15536
15968
16256
16192
16056
15920
15856
15848
15944
16168
16312
15936
15720
16656
17312
16496
15728
15632
16080
16248
16040
15712
16112
15960
15528
15880
16600
16584
15856
15872
16400
16360
16008
15920
16472
16656
16216
16120
16664
17208
16680
16040
16136
16840
17232
17864
17736
16696
15888
16128
16656
17008
16696
16320
16480
17128
16928
16280
16216
16448
16904
16432
16000
16016
16320
15928
15760
16056
16552
16232
15968
16496
16784
16104
15896
16128
16128
15984
15632
15712
16160
16376
16032
16120
16512
16344
15688
15832
16088
16432
16192
15824
15904
16472
16280
15872
15960
16344
16288
16112
16496
16640
17016
16320
15736
15768
16040
15840
15800
16152
16432
16112
15840
16200
16552
16136
15976
16376
16384
16144
15896
16056
16608
16328
15856
15880
16400
16528
16056
15880
16320
16456
15936
15832
16192
16600
16152
15800
16112
16560
16360
15848
16024
16496
16336
15840
16016
16544
16424
16080
15976
16368
16544
16120
16048
16568
16664
16208
16176
16592
16968
16536