29
34
40
40
39
45
50
50
45
41
45
50
50
47
50
49
45
47
48
52
48
44
42
48
44
40
39
43
45
39
39
42
44
43
42
44
38
37
38
38
37
36
37
37
40
39
38
38
39
35
35
35
39
38
36
39
38
33
28
28
30
32
32
34
39
41
36
31
34
37
33
32
34
39
35
34
32
32
31
31
35
34
36
32
33
37
36
32
30
34
38
37
35
35
35
36
35
34
38
35
34
33
37
38
36
37
39
40
34
36
35
38
34
31
33
38
36
33
35
38
34
33
37
40
42
47
53
66
68
67
66
66
66
63
71
82
83
81
85
89
88
81
83
82
79
70
62
55
50
43
37
32
31
23
18
15
18
18
20
21
23
34
55
81
121
184
251
372
478
446
315
165
7
-146
-220
-199
-165
-131
-95
-60
-33
-13
-3
-1
-1
2
10
14
17
23
26
24
24
23
25
24
25
25
27
28
27
28
31
29
30
32
35
33
32
34
36
38
35
37
39
42
38
39
42
47
46
47
47
52
54
54
57
64
66
66
71
78
82
83
84
91
94
95
98
101
108
104
103
102
106
105
102
99
96
90
85
81
78
74
69
66
66
63
59
57
56
52
48
45
44
43
35
35
34
36
28
29
28
28
25
24
23
26
26
21
22
25
24
23
25
29
32
31
31
34
37
35
35
37
42
41
41
39
45
45
44
44
46
47
45
47
47
50
46
45
47
46
44
42
43
42
42
43
41
43
36
36
36
39
36
35
35
37
34
30
32
34
32
28
32
33
33
30
28
30
32
27
28
30
31
29
28
26
30
29
28
26
30
29
27
25
25
26
25
25
23
29
25
25
24
24
23
23
23
23
23
24
24
26
22
23
22
25
22
23
24
26
26
21
23
24
25
20
21
21
24
20
16
18
21
19
17
18
22
23
21
18
21
21
19
20
21
21
19
17
17
20
23
31
37
45
46
48
48
51
50
47
56
63
62
60
64
70
66
62
61
63
57
46
37
33
27
19
16
12
8
1
-2
-5
-4
-6
-10
-7
1
16
42
73
121
174
258
380
450
370
224
72
-91
-230
-269
-232
-192
-151
-111
-75
-49
-29
-24
-25
-24
-19
-13
-11
-7
-3
-3
-2
-1
-1
-2
-1
-2
2
5
2
2
2
5
0
2
4
9
7
6
7
11
10
9
12
18
19
18
18
20
22
21
21
25
29
28
30
34
40
38
42
46
54
54
57
60
66
67
68
72
75
77
76
79
80
80
76
72
71
69
65
61
59
57
49
45
42
42
38
35
32
32
29
25
22
22
20
14
14
15
13
8
6
5
6
3
1
3
6
4
2
2
7
6
4
2
7
5
5
5
10
13
13
15
17
20
17
18
21
22
21
23
25
25
24
24
23
25
25
26
24
27
23
23
21
24
24
19
19
20
19
14
16
16
19
16
12
14
16
14
11
15
16
14
13
11
15
14
13
8
15
13
11
11
10
13
9
9
10
12
8
9
9
8
8
8
8
7
7
5
6
8
5
3
3
5
2
1
2
6
6
3
3
4
5
2
3
3
6
4
0
3
7
6
2
2
2
4
2
-1
4
5
3
2
4
4
2
2
2
4
2
5
5
8
4
2
2
4
5
3
3
5
7
6
10
19
23
27
31
32
31
34
33
35
46
46
42
45
53
51
50
47
49
44
38
31
25
16
7
4
1
-5
-12
-16
-16
-16
-18
-19
-18
-14
-14
6
38
71
116
166
257
373
407
298
153
2
-155
-277
-294
-249
-205
-172
-125
-86
-61
-46
-41
-39
-34
-32
-26
-22
-17
-18
-16
-12
-11
-12
-12
-12
-7
-9
-12
-12
-10
-8
-11
-8
-4
-3
-4
-5
-3
0
0
1
3
7
7
6
4
10
11
11
10
14
19
16
20
24
24
24
28
32
37
40
46
50
52
55
59
62
67
67
67
68
71
68
68
69
69
65
60
56
55
53
48
47
44
40
33
31
29
27
21
13
14
16
10
7
6
7
4
4
0
3
0
-3
-7
-4
-2
-7
-7
-6
-3
-3
-3
-2
1
2
2
2
4
6
5
7
10
9
8
11
15
15
17
18
21
17
16
17
20
20
16
16
17
21
18
16
15
18
17
15
16
15
14
12
10
15
14
9
9
11
11
8
9
12
11
9
9
8
11
8
7
7
9
8
4
4
6
8
6
7
9
8
7
7
10
7
4
3
6
8
4
4
6
8
5
4
4
7
4
2
2
5
5
2
2
7
7
4
1
4
4
3
3
5
8
5
2
2
7
6
4
1
7
5
4
6
9
7
3
1
-1
1
1
4
3
2
1
3
4
2
3
2
2
5
7
16
23
31
28
26
28
35
35
31
40
49
47
43
50
56
53
48
46
45
44
36
26
19
14
7
1
-5
-5
-6
-13
-15
-10
-14
-15
-14
-9
9
37
67
107
161
235
351
426
352
209
58
-95
-228
-270
-238
-198
-162
-122
-85
-57
-36
-31
-31
-28
-23
-21
-22
-17
-9
-3
-6
-6
-5
-1
-5
-5
0
5
2
-1
0
3
0
0
1
8
10
11
10
13
11
10
12
12
16
14
20
22
26
23
24
27
28
29
31
37
41
41
45
51
58
57
59
63
69
73
75
75
79
84
82
84
81
81
78
78
74
76
73
67
65
64
60
52
49
47
42
39
39
40
38
32
27
30
29
21
21
20
22
19
14
12
14
12
11
11
11
10
11
11
11
10
5
6
13
16
16
17
22
25
24
26
26
26
24
28
31
36
34
33
32
37
37
35
38
40
37
32
32
35
37
37
34
33
33
30
32
34
35
31
31
28
29
31
30
25
29
27
29
28
29
30
26
23
25
25
25
24
24
26
26
28
28
28
26
25
26
30
22
20
20
25
27
25
24
28
30
31
28
30
29
26
26
28
32
28
22
25
27
23
19
23
28
25
21
20
27
25
24
25
30
31
29
26
26
29
28
28
30
29
26
26
31
32
30
30
31
31
29
29
30
33
33
33
33
37
42
48
53
60
62
57
61
63
65
72
77
76
76
82
83
84
84
81
80
75
68
58
50
40
40
38
29
26
26
24
20
19
18
22
19
20
36
63
90
132
192
276
404
491
431
299
147
-16
-167
-218
-190
-153
-124
-82
-51
-28
-12
-1
4
3
7
11
16
16
15
20
25
27
27
29
31
29
25
25
28
28
29
27
33
33
32
30
30
38
39
38
38
42
41
42
44
46
49
51
51
52
53
52
57
63
64
66
71
73
74
75
78
85
90
89
95
100
105
103
106
108
116
115
112
114
114
111
105
105
101
97
92
89
89
87
80
75
75
74
69
66
62
63
59
57
51
53
50
48
45
44
44
42
41
42
43
40
39
41
43
40
39
41
43
44
43
47
50
46
48
51
55
53
54
57
61
60
58
61
62
63
61
64
67
68
66
64
66
66
64
63
63
64
63
63
58
63
62
60
56
59
57
55
55
56
57
56
55
54
56
53
53
54
54
55
56
56
54
53
51
53
57
54
53
54
58
55
53
52
52
53
50
51
55
57
53
52
53
54
51
50
51
52
52
50
49
52
50
46
46
52
51
49
48
49
51
48
47
47
47
46
46
47
50
48
49
48
48
46
48
46
47
46
46
47
50
48
47
46
47
47
45
42
43
47
44
47
48
50
50
57
65
75
77
75
74
78
80
75
81
92
88
88
89
96
94
89
87
85
86
77
68
59
55
50
48
42
36
32
30
28
28
27
26
26
30
47
76
108
157
206
295
417
485
399
253
102
-60
-201
-243
-206
-161
-124
-83
-49
-21
1
9
8
9
15
20
20
24
29
30
30
30
34
36
35
35
36
39
35
34
33
39
36
36
38
39
40
40
42
43
44
43
47
49
50
51
53
54
56
55
59
62
66
64
67
71
74
73
78
80
87
90
91
96
102
105
105
109
113
115
113
112
117
119
114
109
109
107
100
95
90
92
86
82
78
79
73
70
66
65
63
59
56
53
54
51
48
48
47
44
44
42
40
37
36
37
38
35
34
35
38
36
35
35
38
38
36
38
42
44
44
46
48
51
48
48
50
53
52
51
54
56
54
53
52
57
58
55
54
58
56
56
54
54
54
50
49
48
52
50
49
50
50
47
45
46
47
47
45
45
47
42
43
44
48
46
44
45
47
47
42
44
45
44
41
43
43
45
43
41
43
46
42
41
43
46
44
42
39
42
43
43
41
45
47
43
43
42
47
42
41
42
44
40
39
40
41
39
40
42
43
42
41
40
44
42
40
41
43
43
41
41
42
42
38
39
40
44
40
40
40
41
42
40
43
47
44
41
42
47
48
53
59
69
72
73
70
74
79
75
79
85
87
84
88
89
90
85
84
83
84
78
67
58
51
48
45
40
36
32
28
24
24
23
20
20
22
35
59
96
132
187
243
353
452
421
285
137
-17
-170
-251
-238
-190
-152
-108
-67
-36
-11
2
2
2
8
16
19
21
23
26
27
29
28
31
29
27
28
28
31
29
32
33
34
30
32
35
36
37
39
40
41
39
39
40
46
46
47
49
52
53
53
54
58
58
57
59
64
68
72
70
79
79
61
57
66
68
62
55
32
4
11
58
86
83
77
72
49
-17
-30
16
50
81
74
45
20
-3
2
-5
-15
-41
-55
-30
-15
5
-7
-19
-39
-44
-73
-63
6
10
-2
-25
-70
-84
13
50
22
21
30
45
34
12
8
-4
-22
-1
3
15
19
10
-14
-24
-13
-2
-10
-34
-33
-18
-18
-33
-35
52
106
131
162
188
260
355
349
238
131
22
-98
-158
-154
-156
-140
-110
-68
-29
-14
-16
-16
-12
-11
-25
-19
-11
4
2
-16
-7
12
21
16
17
2
7
15
24
25
14
10
7
6
9
0
-10
2
16
20
13
11
22
26
22
23
33
35
48
69
62
62
64
73
78
83
96
95
94
98
98
102
107
107
111
115
123
132
130
126
124
131
143
156
158
130
91
67
54
57
57
57
57
56
49
45
36
36
33
29
23
17
13
11
1
-6
-14
-27
-35
-45
-57
-62
-71
-73
-79
-76
-65
-53
-34
-26
-21
-21
-18
-10
0
4
10
13
14
16
17
18
19
21
24
27
33
33
31
19
22
24
20
19
26
25
21
14
10
11
20
23
25
24
19
15
14
18
20
18
20
24
19
13
12
12
12
13
16
20
18
13
11
10
11
5
5
1
-5
-10
-6
2
4
2
2
5
8
8
4
3
8
6
7
12
17
11
8
8
1
2
5
5
3
8
6
2
-1
4
2
1
3
8
9
8
13
13
13
19
21
27
28
28
23
29
43
42
44
53
71
77
84
91
85
77
70
59
53
55
44
30
25
20
19
18
15
5
-15
-29
-17
-11
-12
-3
-4
-4
-3
20
41
67
110
167
270
408
448
366
243
66
-123
-238
-242
-208
-183
-155
-124
-93
-65
-44
-31
-27
-17
-17
-16
-22
-28
-48
-57
-36
1
12
8
6
12
15
9
-7
-15
-13
-30
-35
-12
0
14
35
48
55
20
-11
-19
-7
-6
4
12
2
-19
-3
14
16
14
6
-2
3
4
18
49
44
5
8
16
21
9
-13
27
68
74
65
67
64
61
34
35
47
30
17
3
0
-5
54
38
-1
-6
7
-30
-78
-32
-3
-30
-63
-83
-62
7
19
-21
-41
-55
-103
-154
-83
-29
-1
5
-54
-95
-90
-85
-76
-50
-20
-50
-114
-111
-25
-5
-59
-82
-98
-132
-83
-55
-19
-100
-112
4
99
84
-18
-113
-201
-153
-30
73
142
169
88
-83
-131
-82
-54
75
78
-21
-83
-36
-13
25
87
67
18
-64
-108
-89
11
47
-42
-2
-62
-207
-104
47
41
51
104
19
16
27
-81
-142
-184
-131
-5
147
137
68
-69
-246
-164
65
77
-12
1
78
-51
-203
-34
90
155
100
28
11
-86
-238
-52
209
208
151
117
-21
-134
-252
-96
125
202
106
52
67
-100
-111
62
83
129
158
91
22
-134
-97
37
71
138
237
254
183
240
301
333
330
302
260
196
250
264
308
443
561
513
403
329
269
174
82
2
58
186
335
370
307
235
223
249
262
202
219
298
485
597
641
511
437
415
336
117
8
86
194
275
331
357
368
299
246
204
209
185
188
190
228
245
178
251
299
271
209
212
205
139
48
-57
72
193
233
181
177
153
137
59
45
109
95
19
38
58
147
143
227
247
189
146
148
115
84
178
268
244
221
208
226
195
130
125
80
138
295
291
295
276
154
32
95
131
168
245
213
166
164
166
87
-32
-43
44
68
104
72
173
181
92
2
-26
30
23
93
81
50
-5
55
-12
-75
-11
41
68
152
188
151
49
-101
-205
-27
102
94
88
95
169
202
165
58
-78
-135
98
217
201
152
177
151
145
171
147
122
114
182
151
21
-54
-20
92
95
-5
-57
-23
97
70
-63
1
56
86
-42
-150
-101
-5
16
27
6
-47
-13
80
18
79
105
137
43
-9
52
84
69
35
7
-67
-12
25
74
92
156
41
-24
-139
-206
-32
154
180
174
82
28
-45
-98
-34
98
132
41
-1
-28
-45
-6
87
62
87
102
11
-104
-107
-14
-24
-41
6
-14
-53
-48
-91
-50
12
51
-16
-73
-18
64
73
59
110
171
159
133
104
103
155
155
97
115
79
91
159
180
158
130
111
91
85
110
78
65
101
137
100
108
179
183
194
234
232
289
388
397
260
198
157
1
-152
-180
-191
-194
-189
-110
-83
-48
-49
-94
-135
-166
-165
-208
-213
-214
-167
-109
-95
-132
-156
-118
-99
-129
-151
-144
-139
-122
-111
-86
-16
-2
-42
-65
-118
-190
-209
-168
-159
-115
-77
-70
-77
-82
-94
-87
-91
-128
-122
-70
-39
-25
-27
-33
-56
-74
-70
-118
-78
-21
-10
7
35
26
8
1
34
52
58
43
9
-4
29
44
48
36
47
64
71
18
-14
-8
5
-17
-32
-19
-35
-48
-47
-51
-42
-24
2
-4
-65
-103
-152
-167
-175
-148
-132
-117
-102
-110
-158
-167
-166
-162
-159
-143
-128
-115
-83
-98
-129
-163
-124
-84
-65
-80
-92
-117
-137
-107
-67
-98
-136
-124
-92
-84
-96
-79
-50
2
58
45
-11
-55
-105
-94
-67
-63
-105
-112
-112
-74
-72
-75
-55
-56
-63
-68
-69
-66
-72
-83
-91
-107
-125
-123
-103
-103
-112
-109
-80
-61
-64
-95
-134
-97
-68
-10
-36
-120
-119
-83
-63
-84
-101
-106
-100
-100
-100
-91
-88
-75
-71
-78
-92
-109
-84
-75
-69
-81
-78
-50
-29
7
7
-33
-47
-23
7
24
26
20
48
59
17
-53
-53
-26
-17
-21
-7
33
33
21
9
-5
-2
-12
-23
-36
-33
-42
-44
-43
-27
-17
-28
-37
-45
-30
-16
-8
-7
-3
23
66
96
123
144
226
340
353
227
111
4
-118
-208
-230
-241
-212
-161
-107
-73
-60
-81
-93
-75
-48
-29
9
28
31
31
27
38
41
-9
-49
-70
-56
-46
-22
-3
-37
-67
-60
-72
-115
-118
-92
-113
-122
-120
-126
-136
-110
-103
-97
-93
-106
-104
-89
-62
-70
-79
-70
-51
-45
-53
-55
-46
-44
-68
-79
-71
-78
-76
-60
-19
10
-5
-28
-44
-79
-87
-89
-91
-96
-93
-112
-148
-142
-89
-96
-122
-156
-151
-144
-176
-190
-186
-177
-166
-152
-151
-157
-182
-172
-152
-122
-96
-126
-155
-140
-139
-145
-130
-114
-106
-106
-105
-93
-84
-84
-81
-71
-84
-97
-98
-89
-83
-95
-93
-94
-85
-118
-157
-169
-144
-114
-96
-101
-105
-93
-80
-81
-79
-73
-69
-81
-82
-46
-28
-51
-70
-40
-36
-88
-116
-106
-97
-97
-115
-96
-90
-91
-79
-51
-46
-60
-82
-108
-82
-52
-41
-76
-93
-100
-92
-111
-128
-115
-120
-138
-151
-163
-189
-237
-302
-335
-327
-358
-355
-366
-380
-382
-408
-442
-457
-412
-339
-294
-260
-238
-199
-151
-90
-21
22
67
96
93
74
100
108
87
84
77
73
61
-28
-163
-267
-317
-329
-318
-295
-263
-242
-236
-230
-227
-240
-236
-193
-151
-112
-65
-28
-17
-7
-5
-26
-32
-26
-55
-76
-75
-97
-106
-102
-65
-15
23
94
173
264
388
442
371
237
87
-64
-179
-215
-216
-192
-168
-110
-49
-36
-42
-10
18
9
-25
-48
-30
7
26
12
-12
-22
-20
-16
-13
1
23
60
87
90
97
94
93
93
73
87
102
85
80
85
86
93
93
105
123
109
115
142
152
159
180
219
242
265
297
309
340
372
395
410
424
438
455
465
498
494
443
415
377
352
381
398
389
361
334
346
342
314
261
224
215
189
166
155
137
113
81
52
28
28
39
54
51
28
48
58
58
61
55
48
55
73
80
86
82
72
32
-5
-7
8
16
21
28
26
1
-11
-9
6
10
-23
-54
-47
-36
-44
-52
-34
-22
-15
-14
-13
1
18
17
-13
-41
-35
-8
7
0
-8
1
9
5
-34
-59
-66
-51
-35
-42
-67
-68
-49
-20
1
2
-15
-13
-13
-4
14
19
16
3
-1
-4
4
-39
-79
-77
-50
-32
-26
-18
-10
-2
-3
-25
-7
21
38
47
62
92
117
139
139
119
113
121
108
104
95
97
98
92
71
19
-33
-59
-69
-65
-54
-44
-26
-15
-4
6
21
37
33
19
-14
-32
-25
-20
-21
-7
16
26
11
-5
-18
-38
-36
-27
-44
-126
-186
-198
-181
-143
-118
-103
-95
-39
46
145
298
421
413
304
147
-42
-197
-248
-221
-197
-176
-122
-73
-28
-6
5
6
4
20
32
16
28
43
51
68
71
16
-51
-39
-8
43
72
109
141
161
171
179
178
164
162
159
160
158
178
183
168
162
151
159
158
151
138
131
143
126
101
97
96
103
79
43
54
72
99
92
84
103
136
126
126
130
99
36
28
75
105
127
145
150
147
157
146
146
156
148
121
104
112
114
97
114
112
79
57
68
79
60
56
66
49
42
33
36
42
47
55
50
34
10
8
11
34
46
38
22
24
25
26
34
43
25
7
-1
-21
-5
-4
15
45
46
38
27
16
4
-8
29
39
35
67
64
56
59
68
64
71
88
72
54
59
77
67
62
66
57
53
55
63
55
55
72
76
40
35
48
54
58
40
49
60
53
37
44
57
53
25
14
24
33
34
46
43
42
34
22
14
21
27
52
40
36
35
37
19
26
41
38
36
43
33
36
66
95
74
58
52
53
68
75
82
73
70
75
90
91
74
68
81
80
66
51
38
40
30
34
20
-8
-7
4
11
10
6
20
6
-9
-5
19
58
86
149
240
383
520
555
469
319
117
-94
-220
-215
-174
-144
-108
-58
-23
0
0
11
17
14
14
22
22
36
29
34
42
50
49
41
42
46
53
46
54
56
57
58
62
65
65
72
83
85
79
83
89
94
93
88
90
93
103
110
108
100
101
108
117
124
120
127
131
139
144
148
141
152
161
165
172
178
180
181
179
186
185
188
186
187
179
167
159
152
147
141
134
131
124
119
124
118
110
101
97
92
91
97
93
83
79
82
78
75
71
70
68
65
63
64
66
66
66
66
59
52
53
59
59
60
62
65
66
60
56
57
63
61
66
64
59
58
60
66
65
60
65
61
60
64
61
54
58
56
56
53
52
48
52
52
49
47
47
48
45
44
45
41
38
36
38
42
43
43
36
35
36
35
35
38
35
33
32
30
32
33
31
28
28
26
29
28
27
26
25
23
20
18
18
18
17
22
26
24
20
19
20
17
19
17
19
23
24
21
21
29
33
31
34
38
38
42
44
39
44
53
57
50
53
65
64
54
45
44
43
46
40
33
24
20
14
3
-6
-9
-6
-6
-11
-17
-19
-19
-18
-12
7
33
69
133
216
357
501
513
415
275
95
-105
-221
-216
-184
-158
-129
-94
-63
-39
-39
-41
-43
-34
-30
-25
-22
-22
-20
-21
-23
-24
-26
-18
-18
-17
-19
-19
-20
-20
-20
-16
-14
-12
-11
-13
-8
-8
-5
-5
-7
-8
-7
-3
0
-3
-3
-3
-4
-3
3
4
7
6
11
14
18
19
17
23
26
29
33
42
47
54
51
49
50
51
51
50
52
50
53
52
44
35
28
28
23
21
19
15
14
10
10
8
-2
-8
-5
-6
-11
-16
-16
-18
-19
-21
-23
-19
-20
-24
-27
-27
-29
-29
-27
-22
-24
-22
-24
-19
-20
-18
-21
-16
-17
-16
-11
-9
-9
-8
-10
-11
-8
-8
-8
-8
-5
-3
-3
-2
-2
-4
-8
-10
-9
-8
-6
-8
-6
-6
-9
-12
-10
-15
-19
-19
-19
-17
-14
-13
-11
-14
-16
-17
-19
-21
-22
-20
-20
-21
-20
-17
-15
-17
-19
-14
-21
-24
-28
-24
-24
-25
-28
-27
-24
-24
-27
-26
-22
-22
-26
-27
-28
-27
-26
-27
-26
-25
-25
-28
-30
-33
-28
-24
-25
-28
-27
-19
-12
-6
-6
-8
-3
-3
0
-2
1
9
10
8
12
14
12
6
4
10
6
-1
-11
-18
-27
-32
-33
-38
-44
-45
-40
-47
-51
-57
-54
-57
-58
-43
-13
19
58
113
196
334
427
374
251
109
-55
-226
-300
-280
-235
-205
-158
-124
-99
-82
-74
-74
-74
-68
-65
-57
-60
-54
-48
-47
-50
-49
-47
-48
-46
-42
-46
-49
-49
-44
-44
-39
-36
-35
-40
-41
-39
-41
-38
-37
-36
-36
-33
-29
-26
-27
-26
-25
-20
-21
-23
-22
-18
-16
-13
-8
-7
-5
-1
5
6
10
14
19
21
22
24
31
28
27
24
27
27
20
18
15
19
14
6
2
1
-2
-7
-8
-10
-13
-19
-24
-25
-27
-26
-28
-28
-31
-30
-34
-41
-44
-43
-43
-45
-41
-39
-37
-39
-43
-44
-43
-43
-42
-43
-41
-39
-35
-36
-33
-31
-28
-33
-34
-30
-26
-26
-25
-25
-24
-24
-24
-20
-17
-16
-18
-22
-23
-25
-24
-22
-20
-22
-24
-22
-22
-22
-25
-26
-32
-28
-25
-27
-27
-27
-26
-26
-27
-22
-23
-30
-29
-30
-29
-27
-28
-31
-30
-29
-29
-27
-28
-28
-25
-28
-29
-31
-30
-32
-32
-32
-34
-34
-28
-28
-27
-28
-35
-35
-34
-36
-33
-30
-31
-33
-32
-31
-31
-32
-36
-32
-28
-31
-35
-34
-32
-33
-33
-26
-15
-7
-4
-1
4
-3
-5
-9
-5
7
10
10
13
18
18
13
13
9
8
0
-5
-13
-21
-31
-32
-32
-38
-44
-49
-53
-53
-53
-55
-50
-53
-48
-22
15
46
91
141
251
361
369
250
112
-33
-188
-301
-308
-266
-224
-188
-146
-114
-92
-74
-68
-60
-61
-63
-62
-59
-55
-52
-49
-44
-42
-44
-44
-41
-41
-38
-38
-37
-39
-38
-39
-39
-37
-36
-35
-34
-31
-33
-32
-30
-27
-30
-29
-28
-24
-18
-22
-24
-20
-17
-16
-17
-14
-14
-12
-9
-4
0
5
10
11
10
12
16
18
23
28
29
21
19
22
23
21
18
19
16
12
5
2
2
2
-4
-8
-9
-11
-15
-15
-23
-24
-23
-22
-27
-32
-35
-30
-32
-37
-40
-41
-40
-40
-42
-43
-41
-40
-41
-39
-40
-40
-36
-35
-36
-35
-35
-39
-34
-31
-31
-32
-30
-25
-20
-24
-32
-29
-27
-25
-24
-21
-17
-16
-19
-24
-24
-23
-25
-25
-26
-24
-25
-20
-24
-24
-30
-30
-32
-30
-33
-35
-33
-32
-31
-31
-35
-35
-31
-30
-32
-34
-36
-36
-37
-37
-36
-39
-36
-36
-34
-35
-33
-37
-42
-41
-38
-38
-41
-42
-45
-42
-38
-42
-48
-46
-44
-40
-42
-43
-44
-45
-43
-44
-46
-43
-43
-43
-46
-43
-47
-51
-52
-49
-48
-46
-45
-50
-46
-45
-45
-40
-30
-29
-28
-25
-22
-23
-27
-26
-21
-10
-2
-3
-6
-11
-7
-9
-11
-11
-12
-17
-24
-29
-40
-48
-54
-55
-59
-63
-66
-70
-74
-72
-73
-72
-72
-68
-49
-15
11
52
97
174
290
358
283
148
12
-132
-262
-307
-279
-246
-214
-177
-144
-119
-100
-92
-93
-91
-86
-80
-78
-76
-75
-73
-68
-70
-68
-65
-64
-66
-66
-64
-65
-63
-66
-65
-64
-62
-61
-59
-57
-57
-57
-60
-62
-61
-59
-55
-57
-53
-47
-44
-47
-44
-43
-48
-46
-39
-36
-32
-26
-26
-21
-20
-16
-13
-12
-6
1
3
2
2
2
5
6
3
4
2
4
4
0
-3
-5
-5
-10
-17
-20
-20
-21
-23
-31
-31
-32
-35
-39
-42
-46
-49
-49
-51
-53
-55
-52
-54
-55
-58
-62
-64
-66
-62
-56
-55
-53
-61
-62
-62
-54
-50
-46
-44
-42
-44
-45
-43
-43
-41
-39
-39
-42
-40
-35
-34
-40
-42
-39
-39
-40
-40
-42
-39
-39
-42
-43
-41
-41
-42
-46
-49
-44
-42
-45
-48
-47
-46
-43
-49
-54
-53
-50
-50
-53
-53
-49
-48
-50
-56
-56
-57
-55
-53
-51
-53
-55
-54
-56
-56
-58
-56
-56
-54
-56
-52
-51
-57
-59
-58
-58
-58
-58
-56
-55
-52
-56
-57
-57
-56
-58
-58
-55
-53
-53
-59
-60
-59
-61
-62
-58
-54
-55
-64
-64
-61
-56
-58
-60
-59
-59
-63
-63
-59
-47
-44
-42
-39
-35
-31
-29
-30
-35
-28
-22
-17
-19
-14
-14
-15
-20
-24
-23
-21
-29
-38
-46
-53
-59
-58
-66
-71
-69
-70
-78
31
29
27
26
26
24
25
21
23
23
22
21
22
22
23
23
21
20
19
19
18
19
18
18
16
14
16
16
14
13
12
12
12
13
11
12
13
14
13
11
12
10
11
8
10
10
9
7
8
8
10
8
6
8
7
6
5
4
4
4
4
2
4
5
3
3
1
2
1
3
1
1
0
2
0
0
6
14
20
22
25
27
28
31
30
31
39
44
39
40
46
49
46
37
37
35
30
20
14
5
2
-1
-4
-10
-15
-18
-23
-21
-23
-23
-23
-24
-17
8
43
72
119
164
257
360
365
254
117
-26
-173
-273
-280
-240
-199
-163
-118
-83
-59
-46
-42
-42
-38
-33
-29
-25
-20
-16
-14
-12
-10
-10
-8
-7
-3
-5
-5
-8
-7
-8
-3
-2
-4
-2
-2
-1
2
4
6
8
7
8
9
10
9
10
13
13
11
12
16
23
26
28
28
33
35
37
38
41
45
47
49
49
53
55
60
63
65
66
63
63
62
61
59
54
52
51
49
43
40
36
36
36
35
32
26
26
25
24
21
22
17
16
11
9
7
7
4
4
3
4
3
5
4
7
8
9
9
9
7
8
10
9
13
15
18
16
19
21
21
21
23
23
27
29
33
33
32
31
31
31
30
30
30
30
34
32
30
32
29
31
31
31
28
29
29
28
24
24
26
28
28
27
29
31
30
30
26
30
31
30
27
30
32
32
34
35
39
39
36
34
34
33
37
36
38
38
36
36
36
38
41
40
40
37
41
46
42
38
37
39
38
40
36
41
40
40
38
40
42
44
43
39
43
45
42
38
38
39
39
36
36
37
35
35
41
46
55
56
60
59
61
57
61
62
71
80
81
77
78
85
84
77
73
70
67
60
54
45
42
37
33
27
17
18
13
8
3
7
7
9
10
18
44
76
103
155
209
315
425
420
306
169
31
-108
-203
-202
-172
-150
-115
-78
-49
-28
-15
-14
-12
-10
-4
-1
4
3
3
6
5
8
6
10
10
12
11
11
10
12
15
18
18
16
13
13
15
19
17
20
22
25
24
23
25
29
32
29
35
36
40
40
40
42
42
46
48
52
57
59
61
61
65
71
72
74
78
80
79
80
80
80
78
77
71
69
66
64
59
57
55
54
53
54
50
45
41
39
36
36
35
35
34
31
28
26
22
18
18
18
18
16
17
18
18
15
16
18
21
22
23
23
23
21
23
25
30
31
31
28
32
31
32
34
33
36
35
35
34
37
37
37
33
34
34
36
37
36
35
31
30
29
28
28
27
28
27
26
26
25
24
20
22
21
22
18
20
20
20
21
20
20
20
20
17
19
20
19
20
19
20
19
17
16
16
19
18
16
14
17
17
18
16
17
16
16
15
14
15
15
15
14
15
15
16
15
12
13
13
13
13
14
16
17
18
14
16
15
15
13
15
15
17
16
13
14
15
15
18
28
36
38
40
41
42
46
47
45
54
59
58
59
61
67
63
59
54
56
51
44
35
26
20
16
11
3
-1
-5
-6
-8
-10
-9
-9
-10
-5
16
50
78
122
165
250
362
412
319
183
41
-106
-230
-262
-227
-189
-156
-115
-77
-53
-36
-30
-30
-27
-19
-15
-14
-10
-9
-8
-6
-8
-5
-5
-5
-6
-5
-4
-4
-4
-6
-4
-5
-4
-7
-4
-4
-2
-2
-1
1
5
6
8
8
8
9
13
13
15
16
19
19
20
22
24
25
26
32
34
39
39
41
43
49
51
51
55
57
55
54
51
52
50
47
44
44
41
38
34
33
30
26
25
21
21
20
17
14
11
7
4
0
-3
-2
-2
-5
-5
-9
-11
-11
-12
-15
-14
-13
-14
-14
-15
-14
-14
-13
-15
-13
-14
-10
-9
-8
-9
-7
-6
-5
-1
1
1
0
0
-2
-1
-3
-4
0
1
1
1
1
3
2
2
0
2
0
1
0
-2
-3
-5
-5
-6
-3
-2
-3
-6
-8
-7
-5
-2
-4
-4
-4
-8
-9
-10
-5
-4
1
0
0
-3
-2
-4
-5
-3
-1
0
-5
-5
-6
-5
-5
-4
-3
-3
-6
-8
-4
-3
-3
-1
-2
2
1
2
-2
0
0
-1
-2
-4
-3
-4
-5
-6
-3
-2
1
1
-2
-1
-2
-5
-4
-1
3
4
2
-2
-3
-7
-6
-6
-3
0
9
17
16
19
18
19
21
27
28
33
39
39
39
43
48
49
45
42
42
41
35
26
15
7
-3
-3
-8
-12
-15
-18
-23
-27
-29
-30
-24
-20
-8
18
50
78
127
172
272
378
377
261
120
-23
-156
-246
-244
-213
-185
-151
-112
-85
-64
-50
-44
-45
-44
-36
-32
-27
-26
-23
-20
-17
-17
-17
-13
-11
-11
-12
-17
-15
-12
-11
-13
-13
-14
-14
-12
-10
-6
-6
-4
-7
-4
-5
-2
-2
1
3
7
8
7
9
10
10
12
13
16
20
24
26
28
31
34
36
39
44
47
50
46
49
50
50
47
44
45
45
41
37
34
32
32
27
24
24
23
21
18
15
14
10
10
5
5
4
3
-1
-1
-5
-5
-6
-8
-6
-6
-8
-9
-9
-9
-6
-4
-2
-5
-5
-6
-7
-5
0
3
6
4
7
9
11
11
11
10
10
12
12
14
17
17
13
14
14
15
14
13
14
13
12
13
12
11
10
10
6
8
6
5
4
5
5
4
4
3
4
4
2
0
0
0
2
3
2
1
1
1
1
0
-1
-1
1
-2
-2
-3
-1
-1
-1
0
1
-1
-4
-3
-5
-5
-6
-4
-3
-3
-4
-4
-2
0
-1
-1
-4
-3
-6
-6
-10
-5
-4
-3
-2
-1
0
-3
-4
-7
-5
-5
-4
-7
-7
-5
-3
-5
-6
-5
-5
-4
-4
-7
-4
3
10
12
19
20
22
23
25
27
28
38
39
39
39
43
45
40
34
34
34
26
20
12
4
-1
-4
-8
-13
-17
-21
-22
-22
-24
-24
-26
-25
-16
10
41
71
117
167
265
370
377
263
126
-20
-164
-265
-267
-225
-192
-158
-118
-85
-63
-48
-43
-41
-37
-33
-27
-24
-20
-21
-18
-18
-15
-16
-16
-15
-11
-13
-14
-12
-11
-10
-10
-11
-10
-8
-8
-10
-8
-6
-5
-4
-3
-1
-1
2
2
6
5
7
10
11
12
13
16
16
19
23
26
28
29
32
36
40
41
44
47
49
51
50
54
53
54
52
52
49
45
41
36
37
36
33
28
28
26
23
19
16
15
15
11
7
6
6
4
3
-2
-2
-4
-5
-7
-7
-8
-6
-5
-6
-5
-8
-7
-7
-4
-4
-4
-1
-1
0
0
3
4
6
9
8
10
11
13
13
14
11
13
14
16
15
11
13
14
15
14
14
13
14
14
11
11
12
10
7
7
6
6
5
4
7
5
4
2
3
3
2
2
1
3
-1
0
-1
1
0
-1
0
-2
-2
-1
-1
-3
-3
-3
-3
-2
-4
-2
-3
-3
-4
-4
-2
-2
-2
-5
-1
-2
-2
-5
-4
-3
-1
-4
-7
-5
-6
-6
-8
-9
-10
-10
-8
-8
-5
-6
-7
-9
-8
-7
-8
-9
-10
-7
-9
-9
-9
-7
-9
-8
-9
-8
-7
-3
7
12
14
18
20
22
23
23
24
32
38
35
35
38
42
37
36
32
32
26
19
11
3
-4
-7
-10
-15
-20
-21
-24
-24
-26
-28
-30
-29
-22
4
38
68
113
154
237
335
361
252
110
-33
-169
-276
-289
-250
-211
-175
-129
-92
-67
-51
-44
-43
-40
-36
-29
-26
-24
-24
-23
-17
-17
-15
-17
-16
-16
-15
-18
-17
-16
-13
-10
-11
-11
-11
-12
-13
-10
-11
-10
-7
-8
-5
-3
-5
-4
-4
1
2
5
5
9
11
11
12
13
15
20
23
23
27
28
31
33
35
39
43
45
48
49
52
49
48
44
48
45
42
36
37
33
31
28
26
26
24
21
16
16
11
8
6
5
4
5
2
0
-1
-2
-5
-5
-9
-8
-8
-6
-8
-10
-13
-10
-6
-7
-2
-1
0
-1
-1
-1
1
3
5
7
10
10
8
8
10
12
17
18
18
17
19
15
16
16
18
18
15
16
15
13
12
13
11
12
11
10
10
11
13
11
10
10
9
9
6
8
9
8
4
5
6
2
5
4
9
8
4
2
7
7
5
5
4
4
5
1
-2
3
6
9
8
4
6
7
9
7
4
3
1
2
3
8
6
8
4
4
6
10
8
6
4
0
-2
4
8
10
9
5
3
7
7
8
7
7
4
0
2
2
5
6
14
21
28
32
36
31
31
32
35
33
41
50
53
54
58
57
53
49
50
46
40
29
21
17
12
13
6
0
-8
-8
-11
-9
-10
-10
-11
-12
-5
14
48
74
121
168
250
363
406
307
168
31
-101
-211
-227
-192
-167
-141
-104
-74
-48
-33
-24
-22
-21
-18
-15
-11
-8
-8
-7
-3
-3
-2
0
3
2
2
-1
0
0
3
2
6
6
7
7
8
8
8
8
7
10
13
15
14
17
20
20
19
18
21
24
24
26
27
29
33
37
40
46
48
50
52
56
58
59
62
64
65
66
68
65
63
61
60
58
55
52
50
46
45
41
42
40
39
34
33
32
29
26
23
22
21
19
15
15
14
14
12
10
9
11
9
10
9
8
9
8
8
10
10
12
13
16
18
18
18
18
21
22
23
22
23
23
26
25
25
25
27
28
27
26
27
25
25
24
26
26
27
25
26
23
22
21
19
20
21
23
20
23
21
21
17
18
17
19
16
15
17
17
16
17
15
16
15
16
15
16
16
16
17
15
15
12
12
11
15
11
12
10
10
10
12
11
12
11
13
12
12
10
11
12
17
13
13
12
10
10
9
12
12
12
9
11
11
11
9
10
10
11
10
9
9
9
11
11
10
11
11
9
12
22
28
33
36
36
39
42
45
40
46
51
52
50
54
59
58
51
50
51
45
39
33
22
15
11
8
2
-3
-5
-9
-10
-14
-14
-14
-13
-11
12
46
77
116
158
229
334
385
295
158
20
-119
-242
-277
-245
-201
-169
-124
-87
-58
-40
-32
-36
-29
-25
-19
-17
-12
-10
-8
-8
-10
-7
-8
-7
-7
-5
-4
-3
-3
-4
-4
-1
-2
-2
-3
0
0
1
-2
1
2
4
3
7
7
9
9
9
10
13
15
16
19
21
24
25
27
31
35
37
38
42
45
47
50
49
51
51
52
51
55
55
53
51
47
45
42
42
37
38
36
32
28
24
22
19
19
15
12
11
10
9
4
1
-1
-2
-3
-4
-4
-5
-8
-9
-7
-10
-10
-10
-7
-5
-6
-9
-9
-4
-1
0
0
1
2
4
6
5
8
8
8
9
10
11
12
18
18
18
16
16
13
14
12
11
12
9
7
8
8
9
10
11
10
9
6
7
5
6
2
-1
2
2
3
-1
2
3
6
3
2
1
0
-2
-4
-1
1
1
1
1
1
-1
-2
-2
0
-1
-3
0
2
1
2
3
0
-1
-4
-2
-3
-4
-5
-2
-1
1
3
4
4
0
-2
-3
-2
-5
-10
-10
-7
-2
0
-2
-3
-2
-2
-2
1
2
0
-3
-3
-5
-5
-4
-3
4
14
18
17
17
19
20
24
26
27
36
41
41
41
47
48
46
40
40
37
31
22
13
7
3
4
-1
-7
-13
-14
-16
-18
-20
-22
-23
-22
-14
9
42
67
107
157
228
330
384
302
163
25
-106
-220
-255
-226
-196
-168
-126
-94
-69
-50
-38
-32
-32
-32
-29
-23
-19
-20
-17
-16
-12
-12
-13
-15
-14
-13
-11
-9
-10
-9
-11
-8
-8
-7
-6
-3
-2
-3
0
4
3
1
3
6
7
5
6
10
14
14
12
12
16
20
22
21
24
23
26
31
42
45
47
50
54
55
57
54
53
54
54
54
51
45
43
39
39
38
38
37
30
28
25
23
23
23
20
18
15
13
9
4
4
2
2
0
-2
-3
-3
-4
-5
-5
-4
-5
-7
-8
-7
-6
-5
-7
-3
-4
0
-1
3
4
5
6
5
6
7
8
10
12
13
10
10
9
12
14
14
14
14
15
14
15
10
9
7
9
10
13
10
10
9
8
6
4
6
6
8
9
6
3
1
1
1
4
2
2
4
2
0
-5
-4
-5
-2
-4
-3
-2
-1
-1
-1
2
1
1
-3
-4
-5
-6
-5
-5
-5
-5
-7
-7
-7
-6
-4
-5
-6
-5
-8
-7
-9
-7
-7
-5
-5
-9
-10
-8
-6
-8
-8
-9
-8
-11
-14
-10
-7
-5
-8
-9
-7
-8
-8
-11
-6
0
8
10
14
14
13
15
17
20
26
34
36
36
39
43
38
30
29
30
26
18
9
2
-3
-3
-10
-17
-25
-23
-26
-29
-31
-32
-32
-33
-28
-10
20
47
82
135
200
307
394
349
219
81
-61
-200
-265
-244
-209
-183
-145
-108
-82
-64
-53
-48
-47
-43
-42
-36
-33
-31
-31
-28
-26
-24
-25
-27
-27
-25
-25
-24
-24
-23
-23
-21
-20
-19
-18
-17
-18
-18
-18
-18
-16
-18
-16
-16
-12
-9
-7
-4
-4
-3
-1
-2
1
4
8
7
9
13
17
18
22
25
28
31
31
36
37
37
35
38
38
39
35
33
30
29
26
24
22
21
17
14
12
11
9
7
3
1
-3
-7
-8
-12
-14
-16
-13
-14
-12
-14
-14
-15
-18
-19
-19
-19
-20
-20
-19
-18
-17
-18
-15
-15
-12
-13
-10
-8
-8
-7
-7
-4
-4
-3
-6
-2
-1
2
2
2
4
5
3
1
2
4
2
0
-1
-1
-1
-3
-4
-4
-5
-7
-5
-6
-5
-6
-7
-10
-9
-11
-12
-11
-12
-11
-12
-9
-13
-13
-14
-13
-13
-13
-15
-14
-13
-16
-16
-16
-17
-16
-16
-14
-14
-14
-16
-13
-13
-14
-16
-18
-16
-16
-18
-19
-17
-18
-17
-19
-19
-17
-17
-19
-20
-19
-19
-20
-19
-20
-19
-19
-18
-20
-16
-19
-20
-19
-20
-18
-18
-17
-20
-18
-18
-17
-18
-20
-18
-15
-15
-9
0
5
9
11
9
12
16
16
16
25
26
25
26
29
30
25
22
20
20
14
7
-3
-11
-12
-15
-22
-29
-32
-33
-34
-36
-38
-37
-38
-38
-28
4
41
70
118
163
264
354
335
204
68
-73
-211
-299
-292
-248
-211
-170
-125
-92
-67
-56
-54
-53
-47
-39
-34
-32
-30
-27
-26
-25
-26
-23
-24
-22
-24
-20
-20
-18
-19
-18
-17
-17
-17
-17
-18
-16
-15
-14
-14
-11
-12
-10
-9
-9
-7
-5
-3
-4
0
0
2
3
7
8
11
13
17
19
24
28
31
31
35
38
39
39
42
44
43
42
42
41
39
38
31
31
28
27
22
20
19
19
16
11
9
5
2
-1
-4
-5
-6
-7
-11
-14
-15
-18
-18
-21
-23
-23
-22
-24
-23
-26
-25
-25
-23
-23
-23
-24
-26
-22
-20
-17
-15
-15
-15
-12
-11
-13
-11
-7
-6
-7
-8
-6
-5
-3
-5
-2
-1
-2
-8
-8
-7
-8
-9
-10
-9
-9
-11
-12
-10
-8
-8
-9
-11
-13
-15
-16
-16
-18
-18
-22
-21
-23
-19
-19
-17
-16
-19
-20
-21
-20
-23
-24
-25
-22
-22
-21
-22
-21
-23
-24
-24
-24
-24
-24
-28
-25
-23
-20
-22
-20
-20
-19
-21
-22
-22
-22
-20
-22
-21
-24
-26
-30
-29
-27
-24
-22
-22
-24
-28
-27
-25
-26
-23
-27
-29
-31
-29
-28
-25
-25
-26
-24
-22
-21
-24
-24
-24
-15
-9
-8
-5
-1
2
4
6
6
8
18
20
18
19
22
21
16
16
18
16
5
0
-8
-16
-22
-22
-28
-34
-39
-42
-45
-47
-48
-48
-46
-45
-36
-11
22
53
100
144
233
331
344
228
90
-48
-178
-279
-285
-249
-215
-180
-137
-102
-80
-66
-60
-60
-58
-51
-45
-43
-42
-43
-39
-36
-35
-34
-35
-33
-32
-27
-28
-25
-25
-25
-30
-27
-26
-24
-24
-21
-18
-18
-18
-20
-16
-13
-15
-16
-14
-10
-10
-8
-6
-6
-6
-6
-2
-1
5
8
13
16
19
19
19
20
23
30
34
39
39
38
36
37
41
42
40
39
35
31
27
24
22
22
18
17
13
11
3
3
2
1
3
-1
-4
-8
-10
-14
-12
-12
-14
-20
-21
-19
-21
-21
-17
-14
-15
-17
-19
-19
-15
-13
-10
-10
-10
-10
-11
-9
-8
-4
-1
2
0
0
-2
2
1
0
3
4
4
2
1
4
5
8
5
6
4
3
1
0
0
-1
-3
-5
-3
-4
-4
-6
-6
-7
-9
-12
-9
-7
-6
-9
-9
-10
-8
-9
-10
-12
-9
-10
-11
-10
-9
-10
-11
-10
-12
-11
-15
-14
-14
-13
-13
-11
-10
-12
-12
-10
-10
-10
-14
-15
-12
-11
-12
-11
-9
-9
-10
-10
-9
-8
-7
-10
-8
-9
-8
-10
-10
-10
-8
-7
-9
-7
-7
-8
-8
-8
-7
-6
-7
-8
-6
-8
-5
-3
2
10
16
18
19
20
21
26
29
29
37
42
39
39
44
50
46
39
38
38
33
27
18
11
8
7
0
-9
-11
-13
-15
-17
-16
-17
-14
-15
-10
12
46
72
116
162
243
349
396
304
170
29
-112
-230
-255
-219
-185
-151
-111
-75
-50
-33
-26
-22
-21
-16
-10
-7
-4
-2
3
3
6
9
12
15
14
15
18
18
17
18
21
20
21
20
21
21
21
20
24
26
28
28
29
29
32
34
34
39
39
40
40
42
44
46
50
51
54
56
59
64
66
73
73
76
79
82
83
84
86
85
86
83
82
80
80
77
75
72
68
66
64
63
61
58
57
56
56
50
50
46
46
42
40
39
37
34
29
31
31
31
29
31
30
32
31
31
33
35
33
33
35
35
33
33
32
35
35
37
37
44
47
51
53
52
55
54
56
56
59
58
60
60
59
59
60
59
59
58
57
57
57
55
55
56
57
56
55
56
58
56
53
54
55
54
51
53
51
52
50
49
52
53
50
47
51
54
52
52
50
52
50
50
49
51
50
49
49
48
50
49
48
48
49
48
49
49
48
47
47
47
47
45
44
45
46
46
44
44
44
42
40
42
41
40
35
38
38
39
36
37
36
38
34
32
35
38
37
35
37
37
37
38
37
44
53
56
61
62
62
61
64
67
70
75
80
76
77
81
82
78
74
75
75
69
62
55
46
41
39
32
26
23
21
17
13
13
13
15
12
19
45
82
111
154
195
278
374
392
283
148
8
-134
-241
-253
-215
-174
-138
-90
-52
-26
-9
-2
1
2
9
12
16
17
19
21
22
23
24
25
24
27
26
26
24
23
24
26
28
28
28
29
27
26
24
27
30
32
30
33
36
38
37
37
42
46
50
50
55
59
62
62
66
70
72
71
73
76
80
82
87
91
97
96
97
97
100
99
98
97
95
92
88
85
80
78
75
76
72
71
69
69
65
60
56
53
51
51
51
49
49
47
42
40
39
39
38
35
36
35
35
33
36
35
36
35
34
37
40
39
39
42
45
46
46
47
50
51
53
53
55
55
54
54
55
55
53
56
56
58
57
57
56
56
55
52
53
53
48
50
53
53
51
51
51
48
43
45
46
46
43
40
43
43
45
43
43
41
41
41
40
41
43
40
37
38
39
33
32
32
35
38
35
35
38
38
35
37
33
32
30
29
32
36
35
34
35
36
33
31
30
29
30
30
29
29
27
28
28
28
26
25
28
28
29
24
28
29
30
26
24
21
24
25
25
28
30
31
36
43
47
51
50
49
55
59
59
59
68
75
72
72
73
79
73
68
67
67
61
54
46
38
35
33
29
21
16
15
12
9
4
0
2
4
10
35
73
103
146
186
263
370
417
320
180
43
-92
-205
-230
-196
-165
-134
-95
-59
-34
-16
-10
-11
-9
-3
2
7
12
13
10
7
7
13
15
14
12
14
15
18
21
21
22
19
20
21
26
26
27
27
25
26
26
27
27
28
33
33
37
35
38
40
44
45
48
49
49
54
55
59
60
63
63
68
69
72
75
78
82
83
83
81
80
79
78
78
75
75
71
68
63
62
63
60
58
55
53
47
45
42
40
38
37
35
32
29
26
25
23
22
21
21
21
19
19
21
23
24
22
23
25
24
21
25
27
27
26
28
31
35
35
34
34
37
38
39
40
41
41
42
41
43
42
43
43
42
42
39
40
38
42
42
42
40
38
34
34
33
34
35
34
35
34
32
32
33
34
35
31
30
29
29
27
28
27
29
24
26
26
28
26
25
26
29
26
23
23
25
24
24
25
26
26
25
25
27
28
25
25
22
23
24
26
24
26
24
24
24
26
25
24
24
23
24
24
23
24
23
22
23
23
22
21
22
23
22
20
21
20
20
19
20
21
23
27
33
39
41
42
39
43
48
48
47
56
64
62
62
66
69
64
57
57
55
51
42
36
26
25
21
15
10
5
5
1
2
0
0
-1
-2
7
32
67
97
145
189
277
378
392
282
144
5
-137
-238
-247
-209
-175
-138
-96
-62
-35
-21
-15
-17
-12
-8
-3
-2
0
3
4
3
3
6
8
8
9
9
13
11
12
11
14
15
14
15
15
16
16
18
19
21
21
25
25
24
25
26
27
28
30
32
35
38
39
42
44
47
48
54
55
59
62
62
68
70
73
73
74
75
77
76
75
74
74
71
66
64
62
58
54
50
49
46
45
42
40
38
35
33
29
27
23
24
21
22
20
19
16
13
12
10
8
8
8
9
12
12
12
12
11
12
13
14
16
17
18
17
20
21
23
23
26
27
29
30
30
33
34
31
29
31
32
32
29
27
28
29
28
26
24
25
23
21
19
22
21
22
19
20
19
19
18
17
17
17
16
16
15
12
14
13
11
12
11
11
12
10
11
12
12
9
10
9
11
10
9
8
9
8
7
8
8
7
9
7
9
9
7
5
6
7
7
7
6
7
7
7
6
7
8
8
7
7
7
6
7
6
8
6
7
7
6
6
7
9
7
9
9
9
9
7
8
8
10
8
11
18
29
31
33
37
39
39
41
43
46
54
55
52
54
57
57
52
49
51
48
40
31
24
17
12
8
6
-1
-3
-6
-9
-11
-14
-14
-14
-11
-3
29
65
95
139
180
269
359
352
230
94
-43
-182
-271
-270
-228
-192
-153
-109
-74
-48
-35
-27
-26
-22
-20
-14
-13
-11
-10
-9
-5
-2
-1
-3
-3
-1
0
2
3
6
6
5
3
5
4
6
8
7
11
11
14
13
14
16
18
19
19
20
22
25
26
28
29
31
35
36
39
42
45
46
50
54
56
59
61
65
68
73
71
74
75
75
73
69
67
65
60
57
57
55
53
49
46
45
45
41
38
37
35
31
28
26
26
26
26
22
23
18
18
16
15
14
15
17
16
15
13
14
16
17
18
18
20
24
24
22
23
27
27
29
31
34
32
35
36
40
42
41
41
42
42
38
40
39
39
41
40
41
39
38
37
39
38
37
36
34
32
31
31
31
33
32
32
31
30
30
28
28
26
28
28
29
28
24
26
25
23
23
25
28
27
26
23
24
26
27
26
26
24
24
24
22
21
23
22
19
21
23
26
26
26
25
26
23
20
22
25
23
24
23
25
22
20
19
20
20
19
21
21
25
26
25
23
21
21
23
23
21
22
20
21
21
23
26
26
31
37
43
43
45
47
50
54
54
53
57
65
64
70
72
77
70
66
64
61
53
46
37
31
29
28
23
17
11
12
10
5
2
1
0
0
4
25
62
91
134
176
247
353
410
329
194
58
-75
-195
-227
-195
-167
-139
-97
-62
-38
-24
-18
-17
-15
-11
-5
-2
-2
1
3
7
10
7
7
9
11
12
13
14
14
13
13
14
13
13
13
17
16
16
18
19
22
21
20
18
24
23
25
26
28
30
32
34
35
37
39
40
42
47
51
55
55
55
57
61
65
67
65
68
68
68
66
69
69
67
62
58
56
55
52
49
47
44
40
37
33
31
28
26
24
22
23
22
19
14
14
10
8
4
5
6
7
8
9
9
7
6
5
8
7
9
10
9
11
12
13
13
15
17
17
20
19
21
22
23
21
23
25
26
26
25
26
26
26
24
26
25
24
23
22
22
23
19
16
16
17
17
18
15
18
17
16
13
14
14
13
12
12
13
11
11
10
12
9
9
9
9
10
11
10
9
7
7
8
9
10
13
12
13
9
9
9
8
9
6
9
8
10
9
9
5
6
5
5
8
7
3
2
4
5
4
5
2
4
6
6
5
5
4
3
4
3
4
4
4
4
6
3
1
0
1
2
3
3
3
6
9
15
21
23
26
28
31
32
34
35
41
46
43
43
46
52
48
44
43
44
39
30
25
16
7
2
0
-5
-10
-13
-16
-16
-16
-18
-20
-20
-17
3
38
64
104
148
217
323
386
310
176
38
-106
-232
-273
-242
-203
-170
-130
-93
-64
-46
-37
-35
-33
-30