-37
-42
-85
-61
-27
-19
-65
-55
-17
-3
-44
-47
-17
-13
-55
-78
-35
-24
-53
-93
-58
-39
-48
-89
-59
-42
-42
-88
-68
-42
-31
-75
-68
-36
-23
-66
-71
-36
-33
-70
-88
-55
-32
24
160
373
595
727
682
609
346
68
-73
-62
-9
-1
-52
-51
-21
-12
-58
-70
-33
-21
-57
-76
-38
-27
-48
-78
-39
-24
-34
-72
-42
-21
-15
-59
-40
-15
-5
-51
-47
-10
3
-36
-46
-7
6
-21
-41
-1
11
-5
-31
4
23
20
-16
18
42
50
14
41
74
93
58
73
113
130
98
94
140
154
124
101
138
143
113
65
85
85
59
0
12
21
12
-46
-37
-19
-12
-62
-64
-33
-20
-61
-76
-38
-26
-56
-82
-43
-27
-42
-79
-50
-33
-39
-80
-57
-37
-33
-77
-58
-31
-23
-67
-63
-29
-15
-51
-59
-20
-12
-38
-62
-21
-11
-31
-66
-28
-9
-17
-61
-36
-11
-11
-59
-48
-17
-3
-52
-54
-19
-6
-43
-59
-19
-8
-34
-64
-27
-14
-27
-64
-36
-22
-25
-64
-43
-20
-16
-63
-53
-23
-9
-56
-55
-22
-7
-41
-54
-18
-10
-34
-62
-23
-14
-29
-66
-32
-17
-27
-68
-45
-22
-20
-71
-60
-29
-18
-64
-65
-27
-3
-32
-46
-5
11
-5
-26
19
30
1
-48
-24
-6
-6
-55
-41
-22
-14
-60
-55
-27
-15
-57
-63
-28
-14
-48
-61
-23
-7
-29
-54
-16
-1
-14
-55
-22
-6
-17
-30
111
323
528
686
765
756
562
204
14
-3
31
4
-17
11
17
-12
-46
-11
4
-5
-43
-15
3
3
-42
-22
5
18
-27
-19
12
25
-17
-25
8
21
-10
-32
7
21
2
-27
6
23
15
-24
8
29
30
-13
10
37
50
7
21
54
68
31
34
78
101
80
69
116
139
124
99
145
170
162
122
152
172
166
109
114
125
119
51
38
55
57
3
-18
7
15
-20
-47
-13
-1
-19
-54
-24
-7
-15
-56
-31
-11
-10
-58
-42
-18
-8
-53
-47
-18
-6
-44
-50
-13
0
-29
-54
-16
-4
-25
-58
-22
-5
-13
-55
-28
-7
-7
-55
-34
-4
6
-47
-44
-13
0
-42
-56
-22
-8
-35
-59
-22
-7
-21
-60
-30
-10
-15
-53
-29
-10
-5
-47
-30
-3
9
-39
-36
-6
6
-34
-45
-12
2
-22
-47
-11
0
-13
-47
-14
1
-7
-50
-25
-3
-1
-46
-32
-5
6
-43
-42
-5
12
-32
-46
-10
6
-23
-51
-15
2
-13
-48
-12
9
10
-39
-15
17
33
-4
9
22
26
-27
-27
3
12
-29
-52
-23
-9
-34
-59
-22
-8
-23
-58
-26
-13
-18
-57
-31
-9
1
-45
-30
-3
4
-47
-46
-18
12
53
211
429
654
746
709
625
354
86
-40
-16
27
30
-20
-5
12
19
-30
-22
1
17
-28
-35
-2
17
-14
-36
-1
16
-6
-32
0
20
9
-26
2
21
20
-21
1
19
26
-21
-8
19
35
-8
-12
25
39
5
-9
34
52
32
9
50
75
70
40
77
106
112
76
107
141
160
114
127
162
182
142
131
156
168
126
88
106
105
71
26
43
49
29
-19
0
10
4
-43
-28
-11
-1
-47
-41
-16
0
-45
-50
-19
-4
-33
-51
-15
-1
-21
-53
-22
-7
-17
-58
-29
-6
-6
-52
-32
-7
4
-45
-38
-10
9
-36
-47
-15
5
-24
-47
-11
4
-16
-51
-20
0
-5
-45
-18
3
7
-37
-25
-3
8
-37
-31
-5
12
-28
-31
3
17
-13
-35
-2
12
-7
-38
-3
14
6
-36
-10
9
9
-37
-21
7
17
-31
-26
5
20
-22
-32
2
21
-11
-35
0
19
5
-32
1
16
11
-29
0
26
35
-13
-4
25
55
17
23
48
51
4
-11
19
33
0
-30
-4
8
-7
-39
-6
10
3
-38
-11
6
12
-32
-16
8
21
-27
-23
9
22
-23
-31
6
16
21
119
344
558
739
763
751
561
244
20
-10
28
46
-3
2
19
35
-15
-19
11
32
-7
-22
9
26
1
-27
5
22
10
-21
6
24
22
-17
6
26
35
-10
2
25
41
-2
1
34
49
11
0
39
52
27
3
43
61
45
14
49
76
80
44
74
103
122
84
104
139
166
127
131
169
195
160
141
169
180
147
102
118
118
94
41
51
55
44
-8
3
15
20
-29
-24
-5
10
-37
-39
-4
16
-18
-33
1
14
-9
-38
-4
14
4
-37
-9
11
10
-34
-12
11
22
-28
-18
9
26
-20
-25
7
27
-9
-28
9
25
5
-25
7
24
17
-22
0
17
20
-25
-9
10
21
-28
-23
1
21
-26
-30
-1
15
-20
-41
-13
0
-16
-46
-12
3
-10
-49
-19
1
1
-44
-28
-8
2
-48
-39
-10
8
-39
-48
-14
4
-33
-54
-18
1
-19
-54
-21
-2
-4
-47
-23
-8
-2
-52
-38
-17
-3
-51
-50
-20
2
-39
-47
-18
-3
-35
-51
-18
0
-8
-37
-5
7
8
-26
9
30
26
-32
-21
-4
8
-41
-42
-24
-14
-54
-67
-31
-11
-42
-62
-25
-5
-24
-56
-24
-6
-13
-57
-29
-9
-2
-57
-48
-28
-19
-60
9
202
409
577
698
731
652
341
45
-27
-17
-5
-34
-10
-3
-14
-58
-37
-22
-14
-59
-42
-24
-8
-55
-49
-20
3
-41
-56
-25
-9
-41
-66
-29
-12
-26
-59
-27
-9
-13
-56
-31
-10
0
-46
-31
-6
15
-32
-29
3
25
-12
-25
13
41
24
2
44
72
70
40
77
103
107
69
96
119
135
93
109
127
142
89
80
90
90
36
7
23
28
-10
-46
-20
-15
-34
-75
-51
-37
-42
-91
-69
-49
-40
-87
-77
-51
-31
-81
-82
-54
-32
-68
-87
-53
-29
-53
-82
-51
-36
-48
-88
-58
-39
-34
-77
-59
-38
-25
-71
-62
-44
-28
-74
-75
-48
-26
-56
-68
-41
-24
-48
-76
-43
-29
-41
-80
-55
-41
-41
-85
-64
-41
-31
-77
-66
-40
-24
-74
-80
-49
-28
-66
-84
-49
-25
-48
-81
-49
-32
-39
-80
-52
-32
-24
-72
-56
-31
-15
-64
-60
-37
-15
-59
-64
-35
-13
-45
-64
-36
-17
-40
-68
-37
-22
-28
-65
-40
-26
-25
-68
-48
-30
-11
-51
-40
-10
16
-28
-31
-3
14
-24
-49
-17
3
-27
-66
-41
-21
-28
-72
-48
-28
-18
-63
-44
-22
-4
-50
-45
-20
3
-39
-48
-17
6
-30
-56
-28
-15
-1
86
304
516
711
733
721
543
235
2
-37
1
31
-18
-18
-2
12
-35
-45
-15
2
-30
-49
-16
2
-15
-42
-10
9
1
-38
-13
9
14
-34
-18
6
27
-21
-16
9
34
-10
-21
10
36
12
-13
19
41
30
-4
27
51
53
12
39
66
82
42
61
90
119
81
94
124
156
125
124
160
184
160
137
165
177
153
106
123
119
95
38
47
54
51
-7
2
19
31
-22
-24
-3
17
-27
-39
-10
11
-15
-41
-9
13
0
-40
-12
9
14
-31
-13
4
18
-29
-17
3
26
-20
-24
0
25
-13
-25
5
23
-2
-29
-1
20
9
-24
3
17
17
-28
-6
11
21
-27
-13
8
30
-18
-17
8
34
-6
-18
11
34
6
-21
8
30
21
-16
9
27
31
-13
4
24
41
-6
1
23
48
1
-1
23
51
14
-3
23
45
20
-8
20
38
27
-10
14
30
36
-8
12
26
42
-6
6
26
44
-1
-3
25
46
6
-8
24
47
26
-1
27
48
37
-4
24
43
46
-1
19
47
69
23
34
54
82
29
17
38
59
25
6
29
45
19
-10
15
37
33
-6
13
28
28
-14
6
25
45
-3
4
26
53
10
0
21
44
2
-13
80
257
426
601
774
804
707
393
140
45
39
20
41
54
64
7
12
35
58
10
1
25
51
20
-3
26
48
34
0
26
44
43
0
24
43
50
11
24
43
66
20
26
45
70
30
24
44
68
39
24
55
75
62
33
65
88
91
55
88
112
128
90
113
140
164
124
136
166
200
163
158
186
217
180
147
163
170
136
84
98
105
89
31
41
47
55
1
8
21
40
-7
-9
11
35
-7
-16
9
31
0
-22
5
25
11
-26
-1
14
16
-23
0
15
25
-25
-13
7
30
-20
-16
8
32
-10
-22
7
31
-3
-27
1
24
9
-29
-5
14
15
-34
-17
1
19
-29
-20
-3
22
-24
-25
-5
21
-19
-36
-10
18
-8
-35
-12
9
0
-31
-8
8
11
-32
-11
4
19
-27
-17
2
26
-23
-25
-1
21
-19
-32
-2
20
-7
-32
-3
18
7
-32
-8
12
13
-35
-13
6
21
-29
-18
2
30
-19
-23
4
30
-9
-31
-5
18
-5
-34
-11
11
9
-21
7
26
33
-5
12
23
35
-18
-7
5
27
-25
-33
-9
12
-28
-46
-15
7
-18
-44
-17
2
-6
-43
-18
2
6
-37
-19
-3
6
-42
-35
-18
53
136
318
530
749
752
685
503
219
31
-45
4
38
34
-12
3
16
19
-24
-10
9
28
-17
-11
5
35
-10
-16
2
30
0
-17
8
28
8
-21
7
24
21
-18
10
28
35
-8
10
29
48
5
15
40
70
26
22
50
85
55
41
73
108
96
73
108
133
141
106
136
160
180
141
160
181
204
156
156
167
187
129
107
114
122
75
41
53
61
31
-7
11
22
17
-28
-8
7
16
-33
-19
-3
19
-27
-22
-2
27
-19
-28
-5
22
-13
-35
-10
14
-5
-38
-15
6
9
-34
-14
4
15
-31
-17
0
24
-20
-21
-4
28
-13
-23
1
25
-3
-24
1
22
8
-23
0
17
18
-23
-3
12
26
-21
-7
10
33
-10
-7
12
37
-4
-16
7
34
2
-20
6
26
8
-26
0
20
19
-24
-4
15
28
-22
-10
7
35
-10
-15
4
35
-4
-21
3
30
2
-27
-5
18
8
-27
-6
10
14
-28
-10
5
22
-23
-13
-1
21
-23
-19
-1
26
-15
-27
-2
20
-6
-30
-2
17
4
-22
9
30
35
-10
12
34
42
-8
0
15
40
-12
-21
-8
20
-19
-36
-10
19
-7
-39
-15
7
0
-33
-13
5
13
-29
-15
4
17
-36
-30
-13
5
-22
69
266
487
659
751
759
639
314
56
-3
21
32
-3
14
20
21
-24
-14
1
16
-22
-22
-6
19
-15
-26
-13
19
-7
-27
-15
15
2
-23
-11
13
12
-16
-14
4
18
-13
-17
0
25
-1
-9
6
36
12
-3
12
48
26
12
26
59
53
41
54
85
96
79
90
112
136
111
117
131
156
129
128
139
160
119
98
99
113
66
34
34
47
17
-18
-19
-6
-12
-49
-46
-33
-21
-57
-60
-51
-25
-58
-67
-56
-20
-50
-66
-54
-24
-48
-68
-57
-30
-42
-63
-56
-35
-32
-57
-55
-45
-32
-61
-56
-48
-20
-53
-58
-50
-19
-53
-63
-49
-21
-45
-64
-51
-28
-39
-61
-54
-35
-37
-65
-59
-46
-29
-62
-63
-49
-19
-54
-61
-51
-19
-51
-64
-54
-21
-42
-63
-57
-34
-42
-68
-61
-44
-39
-64
-62
-52
-37
-65
-64
-57
-29
-61
-66
-59
-29
-61
-72
-64
-37
-59
-78
-63
-41
-52
-74
-66
-48
-48
-79
-75
-61
-44
-81
-81
-71
-42
-79
-83
-72
-38
-69
-79
-68
-38
-65
-87
-78
-51
-56
-74
-67
-47
-34
-61
-49
-42
-31
-64
-71
-66
-37
-74
-85
-88
-58
-88
-98
-95
-65
-84
-102
-93
-72
-75
-100
-88
-72
-64
-92
-87
-75
-58
-99
-98
-88
-64
-72
26
213
428
600
668
656
538
212
-29
-92
-60
-40
-63
-64
-54
-46
-79
-79
-69
-45
-81
-84
-76
-44
-76
-81
-73
-41
-67
-77
-72
-43
-61
-75
-72
-50
-52
-69
-60
-49
-37
-67
-60
-52
-29
-62
-58
-46
-13
-49
-48
-39
-3
-28
-35
-21
13
-3
-13
4
34
35
20
37
62
80
57
69
82
113
79
81
86
116
72
55
46
64
19
-9
-19
-6
-33
-59
-63
-52
-59
-85
-82
-72
-60
-89
-85
-81
-60
-95
-93
-88
-54
-90
-88
-85
-52
-86
-98
-92
-68
-85
-101
-90
-71
-73
-94
-90
-76
-61
-90
-83
-76
-51
-93
-93
-85
-50
-90
-92
-88
-57
-80
-90
-85
-59
-73
-92
-86
-68
-64
-92
-83
-75
-62
-91
-88
-85
-61
-98
-96
-93
-62
-99
-103
-100
-69
-95
-106
-96
-71
-86
-106
-98
-81
-81
-107
-94
-83
-67
-99
-92
-87
-58
-93
-89
-86
-51
-90
-90
-83
-51
-83
-99
-95
-72
-82
-102
-95
-81
-83
-113
-102
-91
-70
-96
-84
-79
-52
-84
-79
-73
-43
-83
-91
-98
-69
-99
-114
-116
-98
-108
-129
-122
-113
-106
-133
-122
-108
-87
-123
-115
-108
-81
-118
-113
-110
-79
-120
-127
-124
-96
-118
-73
83
288
467
620
630
584
371
35
-95
-118
-71
-89
-84
-88
-63
-105
-106
-106
-70
-103
-105
-102
-71
-91
-98
-95
-72
-81
-100
-91
-78
-70
-96
-84
-78
-56
-92
-82
-78
-47
-83
-75
-68
-36
-71
-68
-62
-33
-54
-63
-54
-27
-33
-49
-36
-19
-1
-24
-2
13
44
16
35
44
85
56
70
78
119
88
86
89
115
90
70
59
63
43
6
0
-6
-10
-51
-52
-60
-45
-84
-76
-80
-49
-89
-84
-86
-53
-89
-92
-86
-61
-80
-91
-84
-66
-74
-97
-85
-72
-63
-95
-82
-78
-52
-92
-82
-82
-50
-90
-89
-88
-52
-84
-88
-82
-54
-72
-88
-80
-62
-62
-83
-75
-66
-50
-82
-73
-75
-47
-84
-76
-76
-41
-82
-77
-76
-43
-74
-77
-70
-48
-64
-76
-66
-56
-53
-78
-66
-62
-51
-84
-68
-63
-36
-77
-65
-62
-30
-74
-68
-63
-29
-62
-70
-65
-40
-54
-75
-65
-46
-39
-58
-40
-36
-20
-54
-33
-21
15
-23
-27
-44
-14
-53
-47
-49
-19
-54
-63
-60
-35
-51
-64
-52
-40
-39
-63
-45
-42
-26
-62
-42
-41
-16
-55
-42
-46
-19
-59
-52
-54
27
140
333
542
754
775
687
451
169
20
-40
-7
5
18
-28
-19
-26
0
-44
-34
-36
-2
-36
-32
-33
-1
-29
-33
-27
-6
-17
-33
-24
-9
-3
-33
-15
-10
8
-31
-11
-10
18
-19
0
0
32
-6
1
3
35
12
9
19
43
35
21
41
63
75
54
79
92
124
93
116
126
165
135
154
159
197
160
155
150
168
127
98
86
87
64
31
30
25
27
-12
-2
-7
12
-26
-6
-13
14
-30
-15
-15
15
-23
-20
-16
13
-14
-22
-13
3
-5
-24
-12
-3
4
-32
-13
-10
13
-27
-9
-10
22
-21
-13
-14
23
-15
-15
-9
20
-6
-21
-9
10
7
-18
-6
-2
8
-21
-3
-3
21
-18
2
-3
26
-16
-3
-6
26
-6
-5
0
24
4
-7
8
21
16
-10
11
18
28
-6
15
13
31
-9
12
11
43
1
12
15
49
11
7
16
45
24
9
24
39
38
7
27
32
47
8
24
23
49
9
24
18
50
12
24
21
56
25
22
29
51
31
25
48
57
53
26
59
71
89
51
58
45
64
19
42
38
62
13
18
19
51
14
8
19
45
22
-1
17
32
32
0
21
30
47
8
27
23
47
4
13
10
91
198
397
607
818
814
732
481
212
55
8
44
63
60
22
35
34
44
1
20
25
48
3
15
23
55
11
6
20
51
19
8
31
61
40
9
27
50
50
12
32
48
64
17
33
49
82
34
38
47
89
46
38
57
99
76
61
82
120
116
91
112
142
156
126
147
170
199
161
176
189
222
177
181
184
210
156
131
129
144
98
63
68
85
57
19
30
45
41
-6
8
22
37
-13
-4
5
39
-10
-11
3
41
-8
-17
-3
34
6
-16
0
25
13
-19
-3
14
20
-22
-12
1
25
-20
-10
-1
29
-18
-18
-7
28
-15
-22
-6
30
4
-18
-1
21
8
-25
-5
13
17
-26
-10
4
24
-22
-11
6
32
-16
-14
-1
36
-8
-23
-8
32
6
-21
-5
22
14
-23
-4
12
28
-17
-5
6
30
-15
-9
-1
31
-13
-15
-8
32
-5
-18
-7
27
4
-19
-4
19
12
-25
-5
8
18
-23
-3
8
31
-17
-10
-4
25
-20
-23
-14
25
-14
-25
-5
35
12
-12
10
41
40
2
13
23
24
-23
-11
-5
15
-41
-35
-24
13
-27
-30
-22
19
-16
-29
-18
14
-5
-30
-14
13
9
-23
-4
3
10
-29
-18
0
97
214
401
609
792
744
648
397
147
2
-34
9
48
25
-8
3
25
18
-23
-4
14
28
-19
-4
7
33
-17
-10
1
37
-9
-13
-5
34
0
-17
-3
28
14
-13
6
32
33
1
20
30
43
4
20
28
58
17
29
37
76
39
45
62
99
74
70
96
129
120
104
133
159
161
134
160
178
194
155
170
172
186
123
116
106
119
58
45
42
62
17
-3
6
24
4
-21
-8
0
-4
-35
-17
-10
4
-37
-19
-17
6
-34
-18
-16
11
-30
-24
-18
8
-24
-27
-10
6
-8
-27
-4
3
3
-27
-2
1
12
-25
-4
-2
17
-24
-11
-7
19
-24
-25
-15
14
-16
-24
-4
10
-1
-27
-5
2
3
-28
-5
-3
12
-24
-2
-2
22
-18
-6
0
24
-10
-4
4
26
-1
-6
7
18
4
-15
8
9
9
-17
12
7
19
-19
4
6
24
-19
-4
1
31
-5
-5
9
32
0
-10
10
22
8
-13
12
17
18
-16
11
9
22
-10
18
20
53
15
29
32
55
17
11
18
41
13
-2
5
11
0
-21
3
9
12
-17
8
5
17
-21
4
2
23
-16
-2
5
29
-14
-18
-4
11
-16
42
232
443
640
775
801
701
413
108
17
11
46
7
20
18
34
-13
-3
1
26
-10
-11
1
21
-5
-18
2
15
6
-19
6
14
21
-10
13
12
28
-13
11
12
36
-4
8
17
41
7
9
26
47
24
15
40
52
45
25
59
70
80
53
88
101
123
89
118
133
167
126
141
160
195
163
160
179
197
168
137
144
135
112
65
69
58
53
8
17
10
21
-26
-12
-8
17
-29
-23
-19
4
-30
-31
-13
6
-19
-37
-9
-2
-7
-37
-8
-6
-7
-44
-19
-16
0
-42
-23
-16
8
-40
-30
-14
10
-29
-35
-15
4
-18
-40
-18
-8
-11
-44
-16
-10
0
-41
-19
-12
8
-32
-20
-16
10
-31
-24
-14
9
-27
-33
-14
3
-19
-35
-8
-2
-3
-38
-11
-9
-3
-43
-19
-16
4
-38
-25
-22
0
-47
-40
-24
-2
-40
-46
-21
-2
-27
-49
-23
-11
-13
-47
-20
-10
0
-45
-21
-16
6
-40
-27
-19
10
-31
-30
-15
9
-28
-36
-16
1
-22
-43
-20
-12
-15
-46
-18
-16
-10
-52
-28
-26
-8
-49
-36
-29
-5
-48
-48
-33
-11
-46
-58
-36
-18
-37
-53
-20
-7
-11
-40
-8
9
20
-33
-20
-22
-3
-52
-42
-38
-16
-59
-60
-42
-14
-44
-59
-40
-24
-38
-59
-33
-27
-28
-62
-40
-32
-22
-66
-49
-48
-23
-70
-41
57
255
398
612
742
743
574
254
39
-25
-34
-37
-8
-7
-10
-55
-35
-30
-21
-67
-43
-33
-13
-62
-50
-37
-10
-53
-54
-35
-10
-38
-58
-32
-16
-30
-59
-31
-19
-17
-56
-30
-20
-7
-49
-27
-19
5
-36
-20
-8
21
-18
-16
3
28
6
-4
29
51
47
28
64
81
95
67
100
118
136
95
119
130
152
101
105
114
130
66
46
50
56
9
-30
-18
-15
-36
-77
-58
-51
-48
-91
-71
-64
-50
-94
-75
-65
-43
-88
-82
-68
-41
-84
-90
-70
-49
-75
-91
-66
-54
-67
-97
-67
-61
-55
-95
-69
-63
-51
-98
-78
-66
-45
-92
-83
-68
-43
-88
-92
-67
-43
-70
-90
-64
-49
-61
-92
-64
-52
-44
-90
-67
-57
-42
-92
-78
-69
-42
-88
-87
-70
-41
-81
-89
-65
-39
-68
-89
-63
-48
-62
-94
-70
-64
-58
-99
-72
-64
-48
-95
-75
-68
-47
-91
-86
-69
-42
-81
-88
-65
-43
-74
-97
-67
-49
-64
-100
-73
-63
-56
-99
-73
-62
-44
-94
-80
-66
-38
-87
-81
-63
-34
-74
-85
-53
-24
-40
-60
-34
-14
-27
-69
-47
-45
-41
-84
-67
-66
-55
-105
-87
-78
-54
-100
-93
-78
-52
-89
-101
-74
-51
-75
-101
-69
-53
-58
-98
-78
-64
-53
-103
-57
60
265
406
629
741
742
528
212
9
-30
-51
-59
-44
-24
-45
-85
-69
-48
-41
-85
-71
-59
-35
-76
-68
-61
-26
-71
-71
-65
-24
-63
-69
-63
-25
-52
-69
-60
-34
-41
-71
-55
-38
-28
-66
-47
-38
-14
-58
-47
-33
1
-43
-37
-27
18
-16
-18
-4
46
27
12
34
74
76
46
69
94
112
77
94
109
136
87
87
85
109
43
22
12
39
-15
-40
-45
-18
-51
-76
-71
-49
-57
-90
-76
-61
-49
-92
-80
-73
-43
-88
-82
-76
-42
-88
-89
-82
-41
-83
-95
-85
-49
-75
-97
-83
-55
-59
-98
-84
-65
-48
-91
-78
-68
-38
-83
-80
-73
-32
-77
-82
-74
-30
-65
-78
-68
-31
-54
-76
-63
-34
-36
-69
-58
-45
-30
-71
-60
-51
-21
-68
-61
-57
-22
-67
-67
-59
-21
-56
-70
-62
-28
-53
-78
-64
-37
-42
-79
-65
-54
-37
-79
-66
-57
-26
-74
-72
-64
-20
-68
-74
-66
-19
-56
-74
-63
-28
-47
-79
-69
-45
-44
-80
-69
-57
-40
-79
-70
-62
-29
-77
-73
-71
-32
-74
-78
-71
-29
-60
-78
-70
-36
-52
-79
-60
-28
-26
-63
-44
-18
4
-36
-30
-28
-9
-61
-54
-46
-14
-71
-84
-74
-31
-68
-85
-71
-36
-54
-88
-77
-50
-44
-82
-69
-50
-28
-70
-64
-57
-32
-77
-77
-72
14
106
282
485
717
727
654
439
161
-11
-80
-42
-8
-8
-53
-46
-36
-17
-63
-58
-45
-12
-61
-63
-49
-9
-55
-65
-51
-4
-38
-61
-53
-13
-26
-58
-46
-19
-9
-52
-41
-18
8
-39
-32
-17
19
-25
-27
-16
30
-10
-20
-10
42
17
0
14
57
51
28
43
81
102
72
92
114
143
105
116
135
175
129
122
131
166
114
90
85
109
56
20
19
43
17
-27
-26
-6
-4
-52
-46
-33
-7
-58
-56
-44
-7
-56
-61
-48
-3
-47
-63
-52
-10
-40
-66
-57
-21
-34
-65
-52
-27
-17
-58
-48
-35
-9
-51
-45
-39
-2
-51
-54
-45
-5
-46
-59
-47
-5
-32
-58
-45
-12
-26
-60
-48
-24
-15
-60
-50
-29
-4
-53
-48
-34
9
-42
-49
-38
9
-36
-54
-41
1
-27
-54
-44
-8
-13
-49
-40
-16
-5
-49
-43
-27
-1
-46
-41
-30
9
-40
-45
-38
8
-31
-43
-35
6
-19
-45
-32
-1
-13
-50
-37
-16
-6
-46
-36
-21
7
-38
-35
-23
19
-31
-41
-28
32
-7
-21
-6
38
17
-13
-8
23
14
-27
-15
0
7
-46
-42
-24
7
-40
-40
-32
9
-37
-41
-33
14
-23
-38
-27
15
-7
-30
-22
2
-4
-42
-37
8
131
269
470
696
816
740
570
268
96
-24
-16
12
61
11
-11
-6
31
6
-24
-13
21
21
-21
-11
14
34
-19
-13
3
36
-13
-12
0
46
2
-7
-2
49
10
-10
-3
38
19
-10
1
32
33
-5
9
31
49
3
18
34
70
24
35
50
100
61
66
85
138
106
100
118
166
155
134
151
185
188
144
147
162
174
106
96
91
112
44
25
20
57
0
-16
-17
28
-12
-36
-32
7
-9
-38
-34
-8
0
-42
-33
-16
9
-40
-35
-27
9
-41
-39
-34
11
-37
-44
-32
13
-22
-42
-31
8
-11
-43
-33
-6
2
-40
-32
-16
7
-43
-40
-35
7
-47
-47
-40
12
-32
-48
-44
5
-30
-54
-45
-5
-16
-51
-43
-16
-5
-49
-42
-29
0
-47
-45
-38
5
-45
-44
-44
7
-38
-49
-42
4
-29
-51
-43
-9
-18
-54
-42
-18
-10
-56
-46
-29
-3
-54
-50
-45
1
-49
-51
-44
9
-35
-50
-45
8
-23
-50
-42
-4
-12
-53
-43
-16
-3
-47
-40
-27
4
-46
-40
-36
8
-42
-44
-42
9
-27
-32
-26
21
-1
-20
-4
31
17
-28
-22
-9
5
-43
-37
-34
-6
-55
-46
-39
3
-51
-53
-45
6
-39
-51
-44
4
-24
-48
-37
1
-5
-53
-45
-25
-16
-46
62
251
477
636
742
727
615
256
28
-49
12
-9
-23
-29
11
-21
-52
-46
-16
-17
-54
-41
-26
-5
-53
-38
-29
9
-43
-35
-31
12
-37
-35
-30
17
-28
-42
-31
14
-9
-36
-22
12
10
-33
-17
4
26
-26
-14
0
39
-9
2
10
63
14
15
27
85
56
44
61
113
100
81
102
140
151
113
131
148
165
110
112
104
125
56
44
31
59
-5
-23
-23
9
-42
-66
-55
-18
-43
-78
-61
-35
-37
-80
-63
-46
-27
-82
-68
-57
-25
-85
-79
-69
-23
-81
-86
-72
-27
-72
-91
-72
-30
-55
-88
-68
-44
-44
-87
-69
-51
-31
-86
-73
-62
-30
-84
-72
-61
-18
-76
-81
-65
-26
-69
-87
-63
-26
-48
-82
-59
-35
-32
-81
-60
-40
-24
-85
-70
-53
-16
-73
-71
-56
-10
-64
-78
-62
-14
-52
-82
-61
-20
-36
-82
-65
-40
-31
-83
-68
-50
-23
-79
-78
-65
-25
-79
-84
-73
-23
-71
-89
-75
-29
-60
-91
-74
-36
-48
-89
-67
-43
-35
-88
-73
-53
-28
-83
-75
-57
-17
-73
-80
-66
-17
-56
-72
-52
-1
-27
-59
-30
13
-2
-60
-49
-22
-10
-67
-64
-47
-19
-74
-73
-57
-19
-71
-85
-72
-18
-59
-83
-69
-17
-43
-75
-62
-19
-30
-81
-71
-42
-33
-47
80
279
486
633
693
680
548
184
-21
-64
-4
-28
-54
-40
4
-31
-72
-59
-16
-27
-76
-59
-24
-13
-64
-63
-35
-5
-62
-69
-50
-1
-50
-69
-52
7
-33
-64
-54
5
-18
-56
-48
4
2
-38
-45
-2
21
-24
-35
-7
40
-5
-15
6
73
29
12
19
98
67
47
48
124
113
87
85
145
156
114
109
142
176
119
98
81
133
67
36
6
68
10
-19
-49
17
-19
-62
-72
-21
-27
-70
-77
-41
-21
-62
-69
-63
-22
-63
-72
-74
-20
-60
-65
-80
-15
-53
-69
-73
-15
-49
-71
-76
-29
-44
-74
-60
-33
-32
-70
-62
-50
-29
-71
-63
-55
-21
-66
-64
-64
-23
-65
-69
-65
-18
-54
-73
-65
-29
-47
-77
-67
-42
-36
-74
-64
-52
-30
-70
-65
-61
-26
-73
-68
-62
-16
-59
-70
-68
-21
-56
-74
-66
-30
-47
-79
-66
-42
-36
-79
-66
-50
-25
-72
-67
-58
-25
-71
-74
-69
-22
-65
-78
-76
-25
-56
-79
-71
-27
-39
-75
-66
-39
-21
-59
-49
-37
-1
-44
-33
-33
6
-41
-52
-55
-9
-52
-73
-83
-37
-61
-84
-83
-44
-48
-78
-73
-51
-37
-77
-70
-56
-23
-68
-62
-59
-22
-77
-83
-77
-35
-42
56
242
459
639
678
657
544
231
-28
-81
-50
-13
-51
-51
-40
-14
-65
-63
-53
-8
-53
-60
-59
-10
-47
-64
-67
-17
-38
-65
-63
-25
-24
-56
-52
-22
-6
-42
-37
-24
13
-28
-32
-32
14
-29
-30
-31
24
-9
-22
-23
28
10
-10
-1
42
40
9
21
56
80
47
62
89
132
91
94
105
156
111
104
109
154
109
81
72
104
66
23
12
34
23
-29
-35
-25
-15
-64
-63
-49
-16
-63
-68
-65
-21
-63
-72
-71
-18
-52
-68
-66
-23
-42
-68
-61
-30
-29
-65
-59
-37
-18
-58
-52
-41
-7
-54
-59
-52
-5
-52
-63
-58
-4
-39
-61
-57
-12
-32
-65
-54
-22
-17
-59
-50
-28
-10
-55
-54
-40
-2
-44
-47
-43
4
-35
-47
-46
0
-31
-50
-50
-6
-25
-53
-42
-12
-12
-54
-46
-29
-10
-52
-46
-37
-4
-48
-53
-43
3
-38
-47
-40
15
-12
-28
-25
19
0
-24
-3
35
36
-19
-18
-4
15
-34
-34
-30
4
-44
-52
-50
0
-42
-56
-53
-4
-32
-52
-51
-7
-19
-47
-38
-10
-3
-40
-39
-28
2
-46
-25
74
296
445
651
780
798
614
295
54
17
-7
-10
1
36
17
-20
-20
2
9
-31
-25
-5
21
-27
-25
-16
26
-20
-25
-21
28
-14
-29
-25
26
-1
-27
-20
22
11
-24
-21
7
19
-18
-11
10
38
-2
-2
10
54
14
14
19
73
41
37
49
104
86
71
88
133
130
104
122
157
175
139
148
166
191
141
131
129
155
93
66
54
88
31
-2
-8
34
0
-35
-36
1
-10
-53
-52
-27
-9
-55
-53
-35
-3
-47
-49
-42
2
-41
-49
-48
2
-35
-51
-46
0
-22
-46
-40
-5
-6
-41
-33
-10
7
-35
-31
-18
11
-33
-33
-23
19
-25
-36
-33
18
-19
-40
-35
7
-12
-40
-35
0
6
-33
-29
-11
17
-25
-25
-18
21
-19
-25
-25
23
-13
-26
-28
22
-3
-21
-23
17
7
-22
-20
7
17
-17
-13
-4
27
-15
-18
-16
22
-17
-22
-21
26
-7
-19
-22
25
-1
-24
-21
33
38
5
-1
26
59
29
37
42
69
16
7
-2
45
5
-10
-26
28
0
-21
-33
18
6
-23
-32
5
16
-15
-21
3
29
-8
-8
-6
36
-8
-11
-20
23
21
138
319
578
756
803
740
564
245
38
-14
41
52
12
-1
12
34
-9
-15
-10
36
-4
-11
-17
41
4
-9
-25
34
10
-9
-22
33
26
-5
-15
25
42
6
0
25
58
18
8
8
61
23
17
10
70
37
25
11
77
56
42
35
95
92
71
71
116
142
113
117
146
186
151
156
170
224
186
181
173
224
176
149
118
167
120
78
49
94
68
25
4
39
46
1
-12
7
41
-7
-17
-11
43
0
-13
-17
47
9
-8
-22
44
17
-3
-20
39
25
-4
-16
21
33
-6
-13
4
39
-3
-11
-9
43
-4
-9
-14
46
4
-11
-23
44
12
-7
-19
41
27
-5
-13
28
40
-3
-11
10
46
1
-4
-2
53
5
-10
-15
51
9
-8
-20
44
14
-11
-28
30
16
-17
-28
12
29
-12
-16
3
37
-6
-11
-10
41
-1
-8
-15
46
9
-7
-21
46
17
-10
-22
38
25
-9
-19
19
30
-14
-18
5
39
-12
-21
-17
42
-4
-16
-19
46
3
-19
-30
39
13
-15
-29
26
20
-15
-29
10
27
-12
-17
10
58
18
4
4
64
31
29
25
80
31
7
-12
52
25
-9
-27
24
13
-23
-32
7
23
-22
-29
-7
30
-14
-23
-20
40
-7
-16
-23
41
-6
-33
-47
21
-5
11
137
379
568
717
735
721
519
165
-3
-22
44
13
0
-8
47
0
-17
-33
34
2
-17
-38
27
7
-22
-37
19
17
-17
-24
6
30
-10
-13
8
47
2
-8
-6
49
4
-6
-10
59
22
1
-11
59
37
12
3
65
66
26
17
58
88
50
43
67
120
84
79
84
152
122
117
115
187
161
145
126
188
164
129
107
145
127
75
50
65
77
18
4
5
39
-10
-25
-28
27
-17
-33
-40
24
-12
-34
-50
13
-3
-34
-48
6
11
-28
-42
-13
21
-24
-33
-18
29
-17
-32
-38
25
-16
-31
-40
27
-5
-31
-52
10
-6
-34
-47
1
4
-35
-42
-15
11
-34
-41
-32
17
-25
-34
-40
20
-20
-37
-46
18
-15
-34
-47
7
-12
-41
-51
-3
-1
-43
-51
-19
14
-31
-39
-32
16
-27
-42
-49
15
-22
-40
-54
13
-14
-38
-50
10
-4
-39
-53
-6
2
-36
-47
-26
4
-38
-44
-37
12
-29
-36
-49
9
-28
-42
-51
10
-17
-40
-49
15
6
-26
-36
11
29
0
-6
12
31
-19
-30
-26
24
-23
-41
-56
7
-29
-52
-64
5
-21
-49
-64
-5
-10
-44
-52
-10
4
-33
-44
-23
12
-35
-47
-40
3
-18
72
246
500
678
762
722
622
292
50
-38
23
32
1
-13
17
27
-12
-24
-8
26
-15
-24
-21
26
-10
-21
-30
27
-6
-27
-40
28
6
-17
-34
22
19
-18
-27
14
37
-2
-10
8
48
5
-7
-2
53
21
6
-1
66
41
25
17
85
69
53
46
103
111
91
89
129
160
133
134
152
197
163
153
154
200
156
132
106
147
100
63
39
85
49
12
-14
26
18
-23
-34
-1
17
-23
-36
-21
23
-17
-27
-27
26
-11
-27
-41
23
-1
-25
-38
22
4
-23
-43
2
6
-28
-41
-9
14
-22
-27
-22
20
-19
-27
-27
27
-7
-24
-37
23
-4
-24
-36
23
5
-20
-33
14
16
-18
-30
3
30
-10
-23
-14
31
-10
-22
-22
34
-1
-21
-35
27
3
-20
-31
30
16
-11
-28
16
23
-9
-23
2
26
-9
-18
-8
39
3
-7
-10
46
17
-2
-19
39
16
-6
-20
37
24
0
-11
32
38
7
-5
22
49
8
-1
8
50
15
4
1
56
19
2
-9
54
33
7
-6
47
38
5
-10
35
48
22
15
37
70
42
34
45
97
62
36
18
68
38
18
-8
42
17
-6
-20
37
29
7
-7
30
45
13
3
24
53
21
9
17
61
26
7
-6
50
21
2
26
205
361
522
710
822
780
567
239
89
51
33
37
57
85
42
23
24
70
38
18
9
66
42
22
7
70
53
31
14
67
64
40
19
51
70
37
23
39
77
43
35
32
82
53
40
34
89
61
46
32
92
79
61
49
105
108
88
81
126
153
128
124
149
195
168
163
168
228
203
193
188
249
222
199
171
217
192
152
116
150
134
95
62
79
90
52
36
43
75
36
22
13
59
30
19
5
60
36
17
-2
52
42
19
2
42
34
16
5
36
61
25
19
36
67
34
25
20
69
39
26
13
77
54
36
14
67
59
36
12
52
58
43
26
52
74
45
32
39
74
50
35
30
83
54
46
30
85
59
45
29
79
64
43
25
68
72
49
33
56
78
52
43
51
87
57
43
42
97
68
54
37
94
72
56
40
98
92
70
50
93
103
79
61
78
101
72
57
62
104
75
60
52
101
73
60
44
102
86
81
63
121
117
97
80
111
113
86
68
85
110
76
61
59
97
70
61
51
103
75
64
49
107
81
66
46
100
95
72
54
94
96
63
54
67
95
130
272
467
716
860
867
764
538
237
99
66
141
125
112
81
124
108
90
73
108
111
93
82
91
111
87
77
76
116
90
84
72
115
92
83
68
121
100
92
71
117
109
94
78
116
121
102
91
108
137
114
106
106
154
133
130
119
174
158
157
146
208
203
204
189
242
248
241
224
262
280
265
250
256
281
247
224
205
232
190
165
132
165
129
109
78
120
96
81
53
90
81
63
47
78
89
64
48
59
91
68
56
52
97
68
65
46
98
76
63
39
91
75
60
39
87
87
69
48
76
93
72
56
61
91
67
56
48
94
67
63
40
90
67
59
40
93
77
64
42
83
80
63
49
75
86
66
55
57
87
62
53
49
92
60
54
40
91
63
47
25
82
65
50
28
67
70
49
31
57
75
53
43
46
81
56
46
39
85
58
50
29
82
59
51
23
72
60
51
31
67
65
47
31
54
77
63
60
65
98
80
69
56
100
63
56
35
78
48
36
14
67
46
32
13
51
57
39
23
42
62
41
29
30
72
49
39
25
70
47
36
12
100
208
386
550
796
827
771
538
256
95
32
40
72
93
63
49
43
77
49
40
24
71
44
41
18
66
45
39
18
71
61
48
28
67
72
55
38
56
80
56
48
47
87
61
52
40
93
71
65
43
96
80
76
52
103
97
89
72
114
126
117
107
133
166
154
156
165
212
191
190
180
231
207
202
177
213
181
163
119
147
119
89
55
75
68
42
16
27
46
17
5
2
40
9
-2
-17
36
12
5
-18
32
13
3
-25
26
19
8
-10
18
27
10
-9
7
32
11
0
-5
37
12
2
-20
33
12
9
-19
31
13
5
-20
29
22
10
-7
20
29
10
-8
1
29
7
-1
-7
37
14
1
-23
35
11
4
-24
31
19
9
-18
22
19
5
-17
4
22
7
-9
-4
29
12
-1
-21
19
10
5
-26
18
10
9
-22
14
8
14
-18
13
7
10
-8
2
9
10
2
-6
7
5
14
1
33
24
32
11
47
23
25
-6
40
13
4
-32
3
-1
-5
-20
-6
1
-14
-24
-23
5
-9
-12
-29
10
-9
-6
-29
15
-13
-19
-48
-6
-16
52
185
402
593
747
733
669
428
112
-10
-33
21
5
5
-16
17
-9
-8
-30
18
-7
-5
-29
17
-3
-7
-24
16
11
-1
-14
7
19
-6
-10
-10
27
0
0
-16
29
1
0
-21
29
4
3
-18
32
18
11
-8
34
37
28
16
38
64
48
46
51
92
73
85
79
131
108
119
108
160
139
142
122
161
140
126
94
109
88
55
29
31
33
-3
-18
-25
2
-39
-43
-60
-15
-49
-51
-73
-23
-52
-57
-79
-35
-52
-61
-82
-46
-44
-63
-78
-62
-44
-66
-73
-77
-40
-67
-63
-80
-37
-64
-59
-84
-32
-59
-61
-83
-40
-55
-67
-80
-46
-47
-64
-72
-58
-42
-66
-65
-63
-33
-61
-56
-70
-29
-61
-58
-78
-25
-54
-60
-79
-36
-52
-59
-77
-44
-42
-63
-71
-60
-38
-60
-63
-68
-36
-64
-63
-81
-38
-65
-62
-87
-38
-62
-61
-82
-41
-57
-65
-81
-52
-48
-65
-69
-59
-41
-67
-62
-67
-34
-60
-48
-63
-18
-43
-38
-53
-7
-39
-47
-68
-26
-42
-60
-80
-54
-50
-71
-76
-70
-45
-76
-74
-79
-36
-59
-57
-77
-31
-57
-55
-78
-30
-59
-73
-94
-48
-65
-29
99
324
537
707
740
674
451
126
-27
-70
-10
-32
-29
-54
-16
-52
-53
-76
-27
-52
-51
-68
-27
-36
-48
-60
-33
-26
-46
-49
-45
-18
-47
-44
-53
-13
-43
-36
-57
-12
-41
-38
-60
-8
-28
-29
-46
-4
-8
-15
-27
-5
10
-3
-4
3
35
15
27
23
71
49
67
60
118
99
109
94
148
129
130
116
147
136
116
90
101
91
52
35
19
34
-8
-18
-38
-1
-37
-40
-63
-20
-53
-53
-76
-31
-53
-61
-79
-45
-52
-70
-81
-60
-47
-65
-71
-72
-38
-63
-61
-76
-37
-64
-57
-84
-37
-62
-56
-79
-37
-61
-65
-74
-42
-49
-63
-72
-55
-46
-66
-67
-68
-44
-72
-67
-78
-34
-63
-61
-87
-37
-62
-62
-84
-34
-57
-65
-79
-48
-55
-74
-79
-62
-46
-67
-67
-71
-38
-62
-59
-73
-32
-59
-56
-77
-32
-60
-57
-82
-40
-57
-63
-78
-50
-53
-69
-74
-63
-48
-69
-63
-69
-41
-74
-72
-83
-46
-79
-71
-89
-46
-74
-75
-96
-54
-71
-77
-89
-60
-62
-80
-79
-65
-47
-74
-72
-75
-42
-71
-66
-83
-36
-56
-45
-67
-17
-41
-40
-59
-23
-44
-54
-71
-45
-47
-70
-83
-82
-64
-86
-80
-91
-59
-86
-73
-91
-53
-81
-71
-95
-49
-74
-71
-90
-49
-73
-88
-98
-72
-75
-41
107
313
541
686
712
620
384
70
-58
-97
-26
-48
-54
-85
-46
-75
-78
-102
-59
-74
-84
-99
-77
-70
-86
-90
-84
-62
-84
-75
-87
-53
-82
-70
-88
-44
-74
-67
-86
-44
-71
-69
-84
-45
-59
-66
-72
-47
-44
-59
-56
-46
-26
-49
-37
-41
0
-26
-10
-17
38
14
29
21
77
60
62
53
98
88
80
76
96
97
75
63
58
64
20
6
-23
2
-39
-44
-79
-43
-78
-80
-106
-67
-91
-91
-109
-75
-88
-100
-104
-89
-87
-106
-104
-95
-75
-104
-100
-110
-72
-108
-104
-124
-74
-103
-100
-124
-75
-103
-109
-123
-87
-97
-112
-118
-97
-88
-107
-108
-109
-84
-108
-106
-120
-81
-112
-109
-128
-81
-107
-99
-122
-78
-102
-106
-121
-87
-99
-111
-113
-95
-87
-108
-103
-103
-76
-103
-98
-110
-72
-105
-93
-108
-68
-99
-95
-115
-71
-95
-102
-114
-80
-94
-110
-113
-98
-89
-115
-111
-112
-82
-111
-100
-116
-76
-105
-102
-125
-76
-106
-106
-126
-82
-103
-110
-125
-89
-91
-102
-102
-88
-78
-102
-94
-102
-79
-106
-88
-95
-50
-77
-69
-81
-41
-74
-77
-98
-60
-85
-95
-115
-85
-92
-108
-108
-92
-82
-110
-104
-102
-70
-103
-93
-104
-62
-92
-84
-103
-60
-91
-96
-115
-79
-96
-54
66
281
466
642
666
628
434
95
-65
-114
-61
-68
-55
-79
-47
-83
-79
-103
-60
-85
-82
-94
-58
-77
-84
-92
-68
-77
-91
-90
-77
-62
-81
-74
-77
-45
-76
-68
-81
-41
-74
-63
-76
-28
-54
-52
-66
-27
-39
-44
-54
-25
-21
-32
-29
-15
8
-8
2
3
42
24
38
26
75
55
74
61
111
92
98
83
120
102
85
67
79
60
25
12
4
7
-30
-35
-51
-26
-63
-58
-74
-38
-75
-67
-83
-41
-72
-74
-85
-43
-59
-72
-79
-55
-47
-70
-70
-65
-45
-68
-60
-70
-35
-64
-57
-73
-36
-64
-59
-83
-35
-61
-60
-75
-40
-54
-64
-64
-41
-40
-59
-52
-49
-31
-62
-57
-66
-29
-58
-50
-66
-28
-60
-55
-72
-28
-56
-58
-66
-30
-45
-58
-60
-35
-32
-55
-52
-51
-27
-59
-51
-61
-27
-58
-55
-74
-31
-63
-58
-77
-33
-54
-58
-69
-33
-48
-60
-68
-48
-43
-64
-57
-56
-34
-64
-53
-68
-33
-64
-53
-72
-30
-51
-39
-50
-6
-35
-33
-48
-16
-32
-52
-53
-36
-38
-71
-71
-69
-44
-73
-58
-68
-31
-66
-56
-74
-26
-60
-57
-73
-28
-51
-58
-72
-42
-62
-73
-76
-60
-10
100
292
480
707
713
677
461
175
-29
-63
-65
-10
-39
-37
-56
-19
-46
-54
-65
-35
-47
-59
-61
-43
-33
-54
-48
-48
-27
-57
-49
-60
-17
-47
-34
-47
2
-30
-31
-46
-2
-24
-35
-49
-17
-18
-35
-35
-12
-2
-24
-20
-14
19
-8
1
-5
43
17
34
24
75
53
66
61
114
100
98
95
129
124
108
104
112
114
78
70
57
64
11
3
-18
7
-40
-43
-63
-21
-62
-68
-86
-45
-67
-81
-89
-57
-60
-85
-85
-67
-52
-80
-78
-82
-49
-83
-84
-91
-48
-79
-79
-95
-47
-75
-75
-94
-53
-71
-81
-90
-61
-65
-88
-89
-76
-59
-85
-77
-75
-43
-73
-68
-76
-38
-76
-75
-87
-40
-71
-77
-87
-43
-65
-79
-87
-56
-61
-87
-85
-66
-48
-81
-78
-81
-44
-79
-74
-84
-40
-74
-75
-93
-45
-71
-78
-95
-48
-64
-77
-85
-57
-58
-84
-88
-77
-55
-83
-75
-76
-37
-69
-62
-70
-19
-46
-45
-66
-27
-64
-73
-82
-39
-62
-87
-98
-68
-70
-97
-96
-79
-53
-91
-88
-87
-44
-80
-77
-89
-39
-74
-76
-93
-44
-75
-83
-94
-52
-13
117
299
520
720
724
653
425
139
-43
-76
-59
-7
-42
-43
-67
-23
-60
-64
-81
-31
-59
-68
-81
-38
-52
-71
-77
-49
-42
-68
-67
-55
-29
-63
-59
-57
-15
-52
-48
-58
-6
-40
-48
-64
-9
-30
-40
-52
-3
-8
-25
-30
0
14
-9
-7
8
45
21
28
34
89
65
73
68
125
102
104
91
145
128
119
102
134
114
81
57
64
58
13
-4
-7
8
-39
-46
-57
-19
-59
-63
-80
-32
-65
-71
-90
-39
-67
-82
-93
-52
-55
-77
-84
-60
-45
-76
-78
-71
-34
-68
-74
-84
-36
-69
-70
-86
-34
-63
-67
-82
-32
-51
-67
-83
-44
-48
-70
-75
-55
-40
-71
-73
-68
-34
-65
-65
-74
-30
-63
-67
-85
-35
-64
-71
-90
-36
-58
-74
-84
-42
-48
-74
-79
-54
-37
-68
-70
-66
-30
-65
-65
-73
-24
-57
-61
-78
-24
-55
-65
-85
-33
-50
-65
-83
-42
-41
-62
-71
-48
-30
-64
-65
-64
-26
-60
-58
-71
-22
-58
-60
-76
-27
-54
-60
-75
-27
-44
-60
-73
-32
-32
-56
-63
-41
-22
-53
-47
-43
2
-36
-36
-40
13
-29
-36
-62
-10
-35
-48
-72
-29
-44
-61
-78
-40
-37
-61
-69
-52
-26
-55
-59
-60
-18
-54
-52
-69
-19
-52
-55
-78
-20
-50
-53
5
221
408
603
737
764
648
326
65
-22
1
-17
-21
-27
6
-38
-44
-61
-11
-45
-48
-63
-6
-37
-47
-62
-13
-25
-44
-56
-19
-8
-34
-43
-26
3
-30
-36
-36
7
-24
-24
-38
15
-14
-18
-40
12
-10
-14
-32
14
12
-2
-8
26
42
24
24
42
78
56
64
70
122
97
103
100
158
133
133
118
173
147
126
96
133
107
67
36
51
51
5
-15
-15
7
-36
-49
-59
-13
-48
-54
-73
-19
-48
-55
-77
-24
-47
-61
-81
-35
-41
-64
-75
-49
-38
-66
-71
-67
-34
-67
-66
-74
-31
-62
-62
-81
-33
-66
-69
-87
-33
-56
-68
-86
-38
-43
-68
-78
-52
-39
-72
-78
-69
-33
-67
-73
-81
-32
-65
-71
-87
-31
-56
-63
-83
-27
-45
-60
-79
-35
-40
-67
-78
-49
-35
-66
-70
-67
-30
-63
-64
-79
-31
-61
-61
-80
-28
-54
-61
-84
-34
-54
-70
-84
-41
-42
-68
-78
-50
-34
-66
-70
-66
-29
-64
-66
-76
-24
-60
-64
-82
-26
-53
-65
-85
-32
-43
-62
-79
-36
-39
-67
-78
-55
-34
-66
-72
-71
-34
-68
-68
-81
-32
-68
-73
-97
-45
-69
-75
-95
-45
-58
-71
-87
-52
-51
-78
-86
-60
-39
-65
-65
-60
-22
-58
-57
-56
8
-18
-25
-56
-13
-42
-54
-76
-27
-45
-71
-96
-57
-50
-82
-94
-74
-50
-78
-86
-85
-40
-72
-76
-92
-38
-69
-71
-96
-49
-77
-81
-106
-57
-9
127
297
535
707
690
594
342
85
-68
-93
-69
-25
-62
-70
-91
-45
-80
-86
-105
-51
-74
-81
-101
-52
-63
-83
-98
-64
-55
-84
-89
-73
-42
-74
-81
-82
-36
-65
-72
-85
-28
-55
-63
-83
-27
-47
-57
-80
-29
-34
-49
-61
-22
-6
-29
-34
-22
12
-12
-8
-6
50
28
32
22
82
61
64
51
113
97
86
67
115
98
66
39
55
51
6
-15
-16
1
-46
-61
-74
-33
-73
-82
-101
-48
-80
-90
-116
-63
-81
-92
-116
-68
-75
-95
-110
-80
-67
-98
-111
-104
-71
-102
-105
-116
-70
-105
-106
-125
-72
-97
-103
-124
-69
-89
-103
-123
-79
-87
-106
-116
-83
-70
-98
-104
-99
-66
-102
-106
-116
-68
-100
-107
-128
-73
-99
-106
-127
-76
-93
-106
-124
-76
-79
-100
-115
-89
-76
-108
-116
-109
-74
-106
-106
-119
-70
-105
-108
-128
-77
-103
-107
-131
-82
-102
-118
-136
-97
-102
-120
-124
-94
-84
-115
-121
-110
-81
-114
-115
-120
-76
-114
-114
-128
-76
-109
-112
-131
-80
-100
-119
-135
-91
-98
-121
-132
-104
-89
-122
-127
-113
-78
-101
-101
-111
-65
-95
-86
-98
-50
-87
-100
-122
-72
-97
-117
-138
-101
-106
-124
-132
-113
-100
-132
-131
-118
-87
-120
-120
-126
-78
-112
-115
-128
-74
-106
-118
-139
-86
-111
-107
-25
195
367
551
650
652
534
198
-47
-116
-82
-90
-93
-109
-65
-103
-112
-130
-80
-112
-118
-137
-87
-100
-113
-129
-88
-93
-113
-122
-105
-85
-118
-118
-115
-76
-107
-103
-115
-68
-103
-104
-118
-64
-91
-96
-112
-60
-78
-95
-102
-59
-61
-80
-80
-52
-26
-54
-54
-42
4
-22
-15
-13
47
21
22
9
71
52
50
33
85
71
46
19
42
28
-8
-33
-35
-30
-77
-88
-96
-68
-110
-117
-133
-88
-126
-128
-146
-94
-123
-131
-151
-106
-126
-142
-153
-110
-113
-136
-141
-123
-102
-139
-138
-136
-95
-135
-136
-150
-100
-134
-137
-154
-100
-124
-134
-153
-100
-114
-131
-145
-107
-104
-130
-140
-121
-93
-130
-134
-137
-94
-127
-128
-144
-89
-120
-126
-150
-99
-124
-132
-149
-101
-112
-131
-144
-110
-112
-138
-139
-122
-98
-137
-143
-145
-101
-134
-132
-148
-96
-129
-134
-154
-99
-126
-138
-152
-98
-106
-131
-147
-114
-107
-133
-137
-126
-98
-134
-139
-141
-93
-125
-122
-143
-88
-117
-121
-143
-84
-106
-112
-125
-75
-76
-94
-113
-88
-89
-118
-122
-116
-94
-137
-137
-134
-94
-130
-128
-141
-87
-125
-134
-151
-93
-119
-128
-139
-93
-101
-126
-141
-115
-111
-143
-150
-128
-25
95
272
464
684
654
572
302
53
-97
-129
-128
-62
-86
-98
-123
-83
-89
-113
-126
-98
-84
-110
-113
-108
-71
-111
-112
-117
-69
-106
-105
-119
-65
-96
-103
-124
-68
-94
-104
-116
-70
-69
-96
-108
-75
-59
-88
-88
-79
-35
-72
-73
-73
-12
-44
-38
-52
12
-9
-14
-27
42
36
34
23
72
79
61
56
86
108
81
78
73
104
54
36
8
42
-9
-22
-53
-13
-55
-75
-105
-57
-82
-98
-115
-73
-78
-108
-116
-89
-73
-106
-104
-103
-60
-104
-107
-116
-62
-98
-101
-121
-61
-91
-101
-121
-66
-83
-98
-114
-73
-71
-99
-113
-88
-65
-99
-102
-100
-51
-88
-94
-112
-54
-87
-86
-109
-53
-79
-90
-112
-58
-74
-88
-99
-64
-64
-91
-97
-77
-56
-91
-89
-91
-49
-92
-93
-103
-45
-83
-83
-103
-43
-72
-88
-110
-52
-68
-86
-99
-62
-56
-88
-95
-73
-43
-81
-82
-84
-38
-74
-77
-94
-37
-70
-67
-92
-34
-60
-74
-95
-40
-55
-74
-87
-56
-49
-75
-78
-56
-20
-57
-55
-53
0
-35
-31
-47
-3
-46
-51
-68
-10
-44
-66
-90
-35
-50
-75
-87
-52
-38
-79
-84
-65
-34
-76
-75
-79
-27
-62
-62
-77
-26
-67
-69
-90
-37
-18
100
271
519
711
741
669
463
175
-18
-62
-35
6
-37
-40
-52
-6
-55
-60
-76
-21
-58
-59
-73
-17
-40
-57
-76
-27
-41
-63
-72
-40
-24
-62
-69
-56
-14
-58
-52
-55
1
-44
-48
-62
-1
-32
-35
-49
10
-10
-28
-44
11
11
-8
-10
26
52
25
30
46
93
63
77
73
133
103
110
99
164
134
131
113
163
134
101
69
102
80
37
13
26
29
-25
-37
-34
-3
-52
-55
-66
-7
-50
-57
-77
-15
-51
-60
-77
-19
-35
-62
-79
-30
-30
-60
-66
-41
-17
-52
-61
-56
-16
-54
-50
-62
-3
-43
-47
-65
-7
-40
-47
-63
-8
-28
-54
-67
-20
-19
-49
-49
-24
-3
-43
-46
-35
4
-37
-34
-42
15
-28
-40
-56
9
-24
-38
-52
9
-5
-37
-51
-6
-3
-41
-47
-24
0
-42
-41
-32
9
-35
-35
-45
11
-28
-39
-54
6
-25
-41
-58
-5
-19
-44
-56
-12
-6
-40
-44
-27
1
-39
-44
-37
9
-33
-34
-42
15
-25
-39
-54
8
-20
-34
-52
2
-10
-42
-57
-12
-5
-45
-48
-25
7
-40
-48
-44
10
-31
-39
-46
10
-21
-29
-43
19
-4
-18
-26
34
24
-10
-36
1
9
-31
-40
-27
-1
-45
-51
-49
-1
-43
-47
-54
3
-34
-50
-62
-4
-28
-43
-51
4
-8
-46
-65
-20
-10
-57
-18
133
355
507
696
743
740
470
153
-15
7
-7
-18
-33
21
-11
-41
-56
-4
-6
-40
-58
-16
-2
-42
-47
-28
6
-36
-49
-47
11
-31
-36
-44
17
-21
-41
-53
9
-15
-38
-46
9
6
-28
-38
3
20
-19
-25
-2
36
-5
-15
-7
53
18
13
13
85
62
43
39
116
105
85
79
141
147
114
103
143
164
119
100
110
140
87
52
35
76
20
-4
-29
24
-10
-40
-66
-11
-35
-67
-84
-35
-31
-64
-81
-47
-28
-65
-76
-58
-16
-56
-73
-74
-17
-57
-71
-83
-18
-47
-70
-83
-18
-37
-70
-85
-33
-29
-67
-85
-48
-22
-62
-76
-60
-13
-54
-75
-78
-18
-55
-71
-82
-17
-40
-66
-90
-27
-38
-62
-80
-32
-23
-59
-81
-53
-23
-62
-70
-58
-13
-54
-73
-74
-17
-52
-68
-81
-17
-43
-70
-92
-27
-40
-74
-92
-35
-27
-67
-87
-53
-17
-60
-72
-62
-12
-53
-72
-76
-14
-45
-66
-85
-21
-43
-70
-98
-36
-42
-67
-90
-43
-29
-65
-91
-60
-19
-60
-73
-63
-7
-41
-52
-60
5
-19
-40
-62
-8
-33
-57
-81
-29
-45
-77
-101
-48
-31
-70
-95
-66
-29
-71
-85
-77
-16
-53
-75
-89
-23
-56
-81
-103
-45
-61
-86
-115
-13
115
267
424
674
738
662
446
151
10
-76
-77
-58
2
-41
-66
-84
-19
-51
-70
-89
-27
-45
-67
-98
-41
-40
-67
-91
-46
-25
-62
-86
-63
-24
-61
-74
-66
-8
-47
-70
-84
-11
-40
-58
-77
-7
-20
-49
-77
-17
-12
-38
-58
-13
14
-14
-34
-5
48
18
6
16
83
60
53
43
119
102
89
67
133
127
102
65
112
105
62
24
41
46
-4
-36
-30
-1
-52
-78
-84
-30
-66
-86
-103
-37
-61
-89
-114
-52
-63
-93
-126
-70
-63
-94
-115
-79
-52
-92
-118
-104
-54
-88
-105
-105
-40
-71
-94
-117
-54
-77
-92
-121
-58
-64
-87
-116
-67
-60
-91
-114
-81
-55
-92
-109
-93
-46
-87
-103
-108
-50
-79
-98
-120
-59
-79
-94
-116
-61
-68
-93
-123
-74
-64
-97
-118
-86
-54
-97
-122
-110
-57
-92
-104
-112
-56
-82
-101
-124
-60
-76