16392
16784
16872
16488
16352
16744
16960
16496
16256
16656
16960
16664
16232
16616
17032
16672
16248
16584
16936
16744
16304
16512
16904
16768
16360
16408
16752
16880
16472
16384
16768
16936
16528
16208
16680
17016
16584
16176
16608
17016
16664
16288
16560
16960
16768
16304
16536
16976
16944
16544
16592
16992
17152
16600
16520
16912
17288
16936
16720
17112
17344
16936
16576
16816
17144
16888
16544
16832
17192
16896
16360
16408
16792
16776
16320
16352
16808
16848
16384
16256
16736
16912
16440
16224
16688
16944
16472
15784
16088
16512
16368
16440
17536
18960
19888
20408
20960
20856
19832
18424
17728
17704
17136
16336
15992
16256
16456
16072
15840
16328
16648
16336
16072
16496
16872
16528
16168
16416
16800
16640
16168
16368
16856
16696
16224
16288
16728
16864
16376
16192
16664
16896
16432
16184
16584
16936
16472
16152
16504
16920
16600
16216
16552
16952
16776
16328
16480
16952
16880
16448
16544
16936
17008
16648
16600
17072
17272
16856
16672
17176
17544
17136
16872
17280
17696
17480
17096
17464
17928
17776
17408
17624
18136
18072
17648
17696
18152
18280
17816
17688
18144
18336
17896
17584
17968
18176
17784
17296
17616
17816
17424
16944
17168
17552
17272
16768
16840
17280
17176
16648
16632
17008
17128
16672
16536
16952
17056
16680
16424
16824
17136
16704
16392
16816
17176
16792
16432
16736
17112
16944
16504
16632
17072
17040
16624
16648
17064
17048
16648
16504
16944
17144
16672
16424
16856
17176
16824
16384
16768
17128
16816
16432
16680
17080
16912
16416
16608
17064
16928
16440
16480
16944
16984
16552
16400
16832
17056
16608
16320
16720
17040
16664
16296
16672
17040
16720
16304
16584
17024
16792
16360
16504
16944
16864
16448
16448
16888
16944
16504
16368
16816
16968
16560
16296
16712
17016
16672
16288
16640
16992
16736
16288
16552
16952
16808
16320
16504
16904
16888
16416
16408
16872
16928
16496
16320
16784
16992
16592
16272
16696
17016
16672
16304
16640
17024
16688
16296
16544
16992
16744
16320
16448
16912
16872
16456
16392
16784
16944
16488
16360
16760
16976
16544
16320
16696
17024
16648
16248
16640
16984
16728
16320
16600
16992
16816
16336
16520
16944
16848
16440
16448
16864
16880
16488
16328
16840
17072
16696
16400
16896
17256
16936
16464
16848
17256
17048
16696
16992
17400
17088
16680
16800
17136
17040
16648
16696
17128
17176
16608
16384
16720
16992
16496
16256
16616
16968
16560
16192
16576
16936
16664
16216
16520
16928
16728
16224
16216
16448
16344
16064
16480
17664
18784
19440
20296
21176
21040
19792
18520
18152
18032
17144
16344
16456
16648
16328
15864
16192
16664
16608
16232
16392
16800
16752
16264
16296
16736
16856
16376
16192
16648
16904
16520
16192
16576
16912
16544
16232
16544
16952
16608
16192
16472
16944
16752
16312
16424
16856
16824
16400
16384
16856
16920
16536
16392
16816
17072
16632
16400
16808
17120
16832
16440
16864
17296
17040
16624
16928
17352
17240
16856
17016
17552
17576
17176
17280
17744
17896
17504
17408
17968
18224
17808
17528
18040
18400
18048
17584
17976
18352
18048
17600
17808
18216
17920
17432
17520
17872
17760
17200
17072
17528
17512
16976
16744
17128
17352
16880
16560
16912
17232
16800
16408
16776
17112
16856
16408
16664
17080
16928
16432
16544
17032
16984
16528
16504
16968
17088
16608
16416
16888
17128
16680
16376
16816
17184
16824
16408
16768
17192
16872
16408
16688
17088
16936
16488
16584
16976
16968
16496
16504
16904
17064
16552
16400
16872
17072
16664
16288
16752
17056
16704
16352
16632
17000
16744
16304
16600
17000
16800
16392
16464
16936
16856
16424
16368
16848
16976
16496
16352
16800
17016
16600
16304
16736
17032
16664
16280
16632
17040
16728
16248
16544
16920
16840
16368
16488
16928
16888
16432
16408
16808
16952
16480
16296
16744
16976
16568
16224
16696
17032
16664
16232
16560
16976
16752
16280
16552
16952
16784
16320
16488
16904
16848
16368
16384
16872
16928
16496
16304
16776
16992
16632
16304
16688
17040
16656
16296
16600
17016
16712
16296
16488
16976
16808
16336
16440
16872
16848
16440
16400
16832
16936
16464
16384
16744
17016
16560
16248
16744
17040
16640
16280
16656
17024
16808
16384
16704
17088
16968
16592
16704
17112
17040
16688
16760
17280
17400
16864
16632
17120
17320
16792
16440
16920
17320
16928
16504
16776
17064
16728
16280
16520
16896
16728
16312
16400
16840
16832
16320
16304
16784
16880
16472
16264
16648
16800
16160
15768
16224
16856
17128
17680
19088
20600
20872
20384
19848
19336
18384
17424
17048
16968
16688
16040
15904
16384
16520
16104
16024
16560
16808
16440
16152
16576
16944
16568
16152
16544
16856
16632
16168
16400
16808
16640
16208
16384
16824
16736
16344
16312
16792
16936
16440
16256
16720
16920
16616
16248
16616
16944
16648
16240
16640
16984
16784
16336
16592
17064
16888
16464
16640
17112
17128
16696
16696
17160
17328
16880
16832
17320
17600
17208
16968
17448
17824
17544
17232
17640
18088
17904
17440
17768
18208
18104
17672
17872
18312
18280
17800
17792
18240
18248
17768
17520
17960
18096
17592
17152
17528
17760
17352
16872
17128
17416
17160
16656
16848
17184
16976
16464
16576
17072
17000
16504
16440
16920
17016
16592
16384
16840
17080
16632
16408
16784
17136
16720
16400
16752
17160
16832
16424
16640
17096
16864
16432
16592
16968
16992
16504
16552
16968
17056
16592
16480
16872
17104
16648
16336
16840
17080
16696
16376
16696
17040
16776
16368
16624
17000
16792
16408
16528
16880
16872
16400
16408
16792
16944
16464
16296
16744
16968
16568
16256
16680
16944
16640
16272
16608
16976
16648
16256
16536
16912
16744
16304
16408
16832
16840
16376
16312
16768
16888
16448
16272
16696
16968
16472
16280
16664
16992
16608
16208
16616
16952
16688
16248
16464
16912
16744
16312
16456
16840
16816
16344
16416
16840
16832
16464
16304
16760
16976
16560
16264
16688
16976
16616
16232
16616
16960
16712
16280
16544
16936
16760
16336
16440
16888
16816
16392
16320
16776
16848
16424
16288
16696
16880
16480
16240
16680
16968
16584
16192
16552
16888
16344
15896
16480
16984
16944
16536
16632
17000
16968
16544
16592
17008
17120
16680
16632
17048
17288
16800
16568
16968
17328
17088
16728
17000
17312
17040
16664
16808
17072
17000
16680
16744
17112
17008
16440
16392
16768
16832
16416
16248
16656
16920
16552
16240
16632
16888
16568
16240
16560
16904
16616
16184
16248
16480
16248
15960
16576
17752
18744
19360
20240
20912
20496
19232
18200
17960
17816
16880
16152
16336
16472
16080
15792
16168
16632
16408
16112
16392
16792
16632
16168
16328
16712
16712
16264
16288
16704
16832
16360
16168
16656
16888
16440
16144
16560
16904
16568
16200
16496
16880
16640
16272
16480
16872
16736
16280
16440
16904
16872
16416
16352
16840
16984
16552
16440
16880
17152
16744
16432
16888
17280
16928
16616
16984
17456
17224
16824
17120
17656
17536
17160
17312
17776
17784
17440
17464
17984
18064
17752
17616
18056
18296
17904
17592
18056
18384
18024
17552
17856
18176
17880
17368
17528
17824
17600
17088
17136
17480
17360
16840
16760
17160
17216
16720
16504
16928
17152
16712
16360
16736
17088
16744
16344
16648
17048
16792
16352
16624
17048
16896
16424
16560
16976
16976
16520
16448
16928
17040
16640
16432
16832
17080
16624
16400
16744
17072
16728
16320
16648
17072
16768
16376
16632
16944
16848
16448
16496
16920
16864
16432
16424
16824
16920
16440
16264
16712
17000
16544
16208
16616
16976
16640
16216
16552
16936
16664
16208
16480
16872
16752
16312
16416
16872
16848
16352
16272
16776
16848
16448
16184
16688
16960
16512
16216
16584
16904
16616
16240
16568
16928
16632
16200
16432
16848
16728
16264
16384
16800
16808
16384
16320
16760
16848
16440
16272
16688
16872
16464
16160
16624
16928
16584
16208
16536
16920
16688
16216
16456
16888
16752
16344
16440
16800
16800
16384
16352
16808
16920
16408
16216
16656
16928
16552
16208
16608
16912
16616
16232
16560
16928
16656
16256
16456
16864
16672
16296
16408
16840
16848
16336
16264
16752
16856
16488
16256
16712
16888
16480
16208
16608
16936
16600
16208
16544
16936
16672
16208
16504
16944
16856
16456
16568
17032
17000
16520
16504
17016
17216
16832
16600
17024
17224
16800
16424
16744
17080
16800
16472
16728
17056
16712
16176
16312
16744
16600
16160
16328
16800
16768
16232
16192
16616
16784
16360
16112
16584
16760
16304
15824
16088
16384
16216
16288
17392
18616
19424
20024
20624
20568
19544
18192
17640
17592
17032
16104
15832
16080
16144
15864
15744
16176
16544
16176
15928
16384
16712
16328
15992
16352
16768
16544
16056
16296
16672
16480
16088
16216
16632
16624
16136
16160
16552
16696
16296
16096
16544
16816
16376
15984
16448
16744
16448
16064
16464
16856
16568
16168
16416
16800
16680
16288
16416
16928
16896
16392
16432
16872
17000
16664
16504
16992
17328
17016
16768
17184
17544
17200
16920
17312
17744
17520
17184
17520
17944
17880
17456
17624
18104
18096
17720
17592
18072
18144
17664
17400
17720
17936
17440
17096
17360
17640
17208
16728
16992
17344
16992
16520
16704
17144
16856
16384
16512
16872
16792
16320
16312
16728
16792
16384
16208
16616
16848
16472
16144
16552
16872
16600
16240
16576
16960
16688
16248
16496
16832
16664
16288
16304
16816
16848
16376
16288
16752
16816
16408
16216
16680
16904
16504
16184
16576
16936
16544
16136
16448
16856
16584
16120
16352
16752
16640
16160
16280
16656
16648
16184
16176
16632
16688
16264
16088
16560
16760
16384
16016
16384
16680
16360
16040
16360
16736
16480
16040
16288
16672
16496
16056
16232
16632
16608
16144
16136
16568
16704
16248
16064
16504
16688
16352
16032
16432
16696
16408
15976
16352
16776
16448
16048
16232
16664
16576
16176
16224
16640
16704
16208
16120
16592
16712
16208
16080
16520
16744
16320
16016
16440
16792
16456
16048
16352
16752
16528
16120
16344
16752
16616
16128
16248
16664
16672
16240
16184
16584
16736
16240
16096
16496
16760
16400
16072
16488
16824
16496
16056
16432
16792
16568
16112
16384
16784
16624
16168
16304
16720
16696
16264
16192
16672
16776
16352
16160
16560
16824
16432
16184
16608
17000
16672
16304
16616
17064
16776
16344
16664
17144
17040
16648
16624
17056
17040
16464
16392
16872
17016
16616
16376
16800
16912
16432
16048
16456
16832
16456
16064
16384
16840
16520
16088
16352
16696
16576
16136
16264
16672
16608
16008
15720
16128
16424
16584
17192
18688
20072
20608
20592
20480
19888
18600
17504
17432
17240
16560
15912
15960
16360
16216
15864
15976
16456
16520
16136
16080
16544
16688
16200
16056
16512
16768
16296
15976
16440
16776
16424
16000
16360
16752
16528
16056
16304
16720
16560
16160
16256
16672
16648
16232
16224
16664
16752
16344
16128
16616
16904
16448
16192
16552
16896
16600
16288
16600
17016
16744
16408
16672
17128
17008
16576
16680
17240
17264
16936
16912
17384
17616
17264
17144
17592
17904
17536
17304
17720
18136
17848
17456
17800
18272
18000
17552
17792
18208
18016
17512
17544
17920
17808
17312
17192
17552
17616
17032
16784
17160
17304
16888
16472
16824
17128
16736
16288
16568
16960
16664
16272
16464
16904
16688
16224
16328
16800
16744
16320
16328
16704
16896
16488
16256
16696
16928
16552
16248
16672
16984
16616
16232
16648
16944
16704
16288
16520
16920
16744
16344
16416
16824
16856
16376
16304
16760
16928
16440
16264
16712
16944
16472
16176
16576
16912
16520
16128
16416
16824
16584
16136
16392
16760
16648
16224
16352
16696
16688
16272
16224
16704
16784
16384
16112
16552
16824
16432
16112
16480
16776
16472
16128
16432
16816
16568
16096
16376
16752
16568
16192
16248
16712
16664
16240
16152
16632
16744
16352
16144
16512
16792
16360
16096
16472
16776
16472
16056
16424
16768
16576
16144
16328
16744
16640
16128
16288
16696
16648
16240
16224
16656
16776
16288
16128
16592
16808
16392
16088
16504
16840
16496
16080
16432
16792
16536
16168
16336
16720
16600
16184
16264
16752
16712
16232
16176
16608
16768
16344
16104
16584
16808
16424
16064
16488
16824
16512
16080
16440
16808
16592
16104
16384
16760
16640
16232
16240
16712
16744
16280
16216
16592
16760
16376
16168
16616
16880
16472
16160
16656
17016
16688
16336
16640
17032
16832
16400
16752
17152
17032
16552
16600
17000
16896
16424
16416
16672
17032
16576
16328
16640
16832
16368
16032
16424
16760
16472
16072
16392
16768
16536
16136
16336
16728
16544
16128
16200
16584
16384
15752
15664
16288
16904
17216
18088
19568
20768
20744
20048
19576
18920
17880
17016
16840
16792
16328
15720
15848
16280
16232
15856
16064
16520
16512
16120
16016
16480
16608
16208
16048
16488
16744
16352
16008
16384
16752
16416
15960
16312
16624
16432
16072
16240
16640
16528
16104
16240
16672
16664
16176
16096
16600
16736
16312
16104
16528
16864
16432
16136
16536
16928
16584
16224
16560
17008
16736
16368
16616
17080
16976
16544
16680
17192
17304
16912
16896
17360
17584
17224
17120
17616
17896
17504
17280
17712
18112
17784
17432
17840
18216
18008
17592
17760
18104
17952
17472
17448
17816
17704
17152
17048
17376
17448
16920
16616
17048
17264
16768
16368
16712
17000
16672
16208
16512
16840
16568
16128
16392
16752
16576
16168
16232
16688
16720
16296
16264
16696
16808
16400
16224
16632
16856
16376
16104
16440
16792
16488
16152
16536
16896
16656
16256
16400
16800
16712
16272
16352
16768
16688
16256
16192
16584
16760
16328
16104
16536
16808
16312
16032
16416
16776
16448
16064
16384
16760
16512
16056
16280
16696
16504
16088
16176
16560
16608
16144
16056
16504
16656
16200
16016
16408
16688
16264
15992
16408
16712
16384
16024
16304
16672
16432
16000
16240
16632
16464
15984
16032
16512
16528
16104
16040
16456
16592
16184
15904
16360
16664
16272
15968
16304
16640
16304
15912
16120
16584
16400
15912
16192
16592
16488
16072
16112
16512
16528
16072
16000
16440
16576
16160
15856
16336
16616
16224
15912
16336
16712
16384
16000
16256
16592
16344
15952
16216
16600
16416
15952
16120
16536
16552
16080
16032
16472
16616
16136
15936
16304
16552
16232
15896
16320
16664
16272
15920
16264
16648
16384
15952
16184
16576
16392
16000
16112
16640
16592
16224
16176
16640
16760
16320
16088
16600
16952
16616
16320
16632
16976
16664
16168
16416
16816
16704
16288
16448
16776
16544
16056
16136
16520
16488
16032
15992
16408
16552
16104
15864
16376
16592
16264
15920
16336
16648
16240
15688
15832
16136
16040
16032
17048
18464
19456
20136
20744
20864
20024
18440
17520
17464
17096
16184
15728
15912
16192
15880
15608
16048
16472
16200
15840
16160
16568
16408
15920
16104
16544
16440
15984
16080
16496
16504
16048
16000
16440
16624
16120
15960
16408
16672
16280
15960
16384
16712
16384
15984
16304
16696
16416
16048
16264
16656
16552
16104
16272
16696
16704
16264
16256
16688
16920
16504
16328
16792
17032
16728
16376
16872
17288
16992
16616
17016
17504
17280
16952
17168
17712
17608
17248
17384
17848
17920
17488
17472
17960
18104
17696
17464
17960
18224
17744
17400
17680
18064
17624
17088
17328
17664
17312
16840
16992
17296
17104
16592
16616
16944
16872
16384
16312
16736
16856
16392
16184
16576
16848
16464
16136
16528
16792
16512
16136
16456
16792
16584
16160
16464
16808
16696
16256
16320
16792
16832
16344
16280
16728
16824
16432
16224
16656
16904
16480
16160
16560
16896
16552
16112
16424
16856
16640
16184
16360
16792
16648
16176
16208
16632
16688
16176
16144
16592
16720
16272
16088
16512
16736
16320
16000
16376
16728
16472
16040
16328
16712
16464
16088
16304
16688
16528
16056
16192
16632
16632
16176
16088
16552
16712
16280
15992
16456
16792
16344
16008
16424
16744
16440
15984
16352
16720
16472
16016
16184
16640
16528
16040
16112
16552
16576
16144
16064
16496
16640
16248
15984
16424
16664
16320
15992
16368
16728
16376
16000
16312
16688
16432
16056
16232
16640
16496
16096
16184
16560
16576
16120
16104
16552
16632
16192
15992
16432
16664
16312
15960
16376
16704
16392
16032
16320
16672
16432
16024
16224
16648
16480
16056
16160
16608
16584
16144
16072
16504
16672
16272
16008
16472
16672
16296
16008
16400
16744
16344
15976
16344
16704
16488
16136
16408
16792
16760
16360
16424
16824
16840
16408
16440
16888
17024
16560
16304
16752
16960
16456
16128
16568
17008
16656
16160
16456
16680
16408
15992
16192
16504
16440
16040
16088
16512
16512
16104
16008
16376
16552
16160
15944
16296
16400
15864
15464
15992
16640
17080
17768
19192
20608
20872
20160
19600
18928
18056
17144
16712
16656
16408
15856
15648
16096
16200
15936
15760
16304
16552
16184
15808
16304
16600
16264
15856
16200
16584
16344
15904
16136
16528
16384
16000
16072
16440
16416
16016
15960
16360
16552
16112
15912
16328
16576
16232
15928
16336
16616
16336
16000
16320
16632
16376
16032
16296
16696
16568
16192
16264
16696
16800
16376
16336
16824
16952
16632
16472
16928
17224
16872
16664
17168
17504
17256
16968
17392
17816
17640
17216
17512
17960
17840
17448
17616
17984
18008
17576
17520
17928
18024
17504
17272
17624
17792
17256
16904
17232
17448
17056
16608
16832
17152
16808
16392
16528
16856
16696
16256
16320
16720
16712
16256
16160
16536
16760
16352
16120
16528
16808
16432
16064
16464
16800
16496
16104
16456
16784
16560
16120
16376
16832
16640
16232
16328
16680
16776
16384
16192
16664
16792
16384
16160
16544
16864
16424
16048
16504
16840
16512
16056
16416
16728
16552
16104
16296
16664
16576
16200
16224
16632
16600
16224
16176
16600
16768
16296
16064
16496
16752
16352
16024
16408
16728
16376
16064
16352
16688
16496
16064
16248
16672
16512
16072
16168
16616
16648
16176
16064
16488
16664
16248
16040
16472
16720
16296
16016
16392
16728
16392
16000
16320
16720
16440
16056
16256
16664
16520
16112
16136
16608
16616
16184
16088
16536
16656
16224
16072
16472
16736
16256
15976
16360
16736
16384
16024
16328
16680
16480
16104
16304
16680
16528
16176
16208
16624
16688
16200
16112
16520
16752
16296
16016
16480
16712
16352
15960
16400
16744
16440
16016
16376
16736
16496
16040
16280
16688
16552
16120
16184
16616
16632
16168
16096
16496
16712
16304
16104
16632
16888
16480
16232
16672
16944
16640
16304
16664
17144
16904
16496
16584
17000
16816
16240
16376
16832
16904
16464
16336
16688
16744
16216
15992
16440
16728
16312
15992
16400
16696
16312
15992
16296
16656
16440
16016
16248
16608
16392
15752
15672
16120
16392
16536
17280
18728
20016
20360
20256
20056
19304
18112
17168
17144
16872
16216
15624
15776
16160
15992
15600
15928
16384
16336
16008
16000
16440
16424
16088
15984
16432
16560
16200
15976
16424
16656
16216
15928
16328
16688
16328
15960
16256
16608
16392
15992
16192
16608
16472
15952
16088
16600
16592
16152
15992
16544
16720
16256
16072
16520
16848
16448
16104
16576
16872
16576
16240
16560
16896
16768
16432
16736
17184
17080
16688
16848
17352
17480
17080
17000
17552
17752
17400
17264
17680
17904
17592
17400
17776
18128
17808
17448
17688
18064
17784
17328
17448
17792
17600
17104
17112
17408
17376
16808
16664
17056
17128
16608
16320
16728
16992
16528
16168
16520
16832
16440
16072
16336
16672
16352
16056
16256
16696
16592
16152
16208
16632
16672
16232
16168
16640
16792
16368
16168
16568
16768
16392
16144
16520
16848
16424
16096
16320
16760
16504
16104
16352
16752
16664
16168
16240
16608
16616
16152
16136
16488
16688
16240
16040
16464
16696
16256
15896
16336
16736
16368
16008
16272
16640
16432
16032
16240
16648
16488
15992
16080
16552
16520
16120
16032
16464
16616
16200
15904
16400
16648
16232
15904
16312
16656
16336
15904
16296
16640
16392
15936
16160
16560
16440
15968
16064
16520
16528
16104
16000
16448
16592
16128
15976
16392
16616
16224
15880
16336
16632
16296
15888
16240
16616
16408
15960
16120
16600
16448
16016
16040
16512
16488
16048
15952
16448
16584
16088
15904
16376
16640
16208
15936
16288
16672
16336
15944
16224
16608
16352
15960
16176
16592
16448
16032
16064
16496
16528
16056
15984
16440
16600
16160
15928
16336
16632
16288
15976
16352
16664
16304
15944
16320
16680
16376
15976
16256
16704
16616
16208
16248
16752
16776
16352
16224
16728
16920
16568
16408
16808
17040
16632
16256
16544
16936
16600
16248
16584
16944
16640
16080
16192
16624
16448
16000
16088
16528
16520
16128
16000
16504
16624
16208
15968
16416
16664
16184
15744
15960
16176
15960
15888
16840
18128
18968
19744
20640
21056
20240
18728
17944
17824
17360
16328
15904
16120
16184
15760
15632
16040
16384
16080
15856
16248
16592
16248
15920
16232
16592
16368
15944
16152
16552
16464
16048
16096
16496
16504
16088
16064
16448
16616
16168
15952
16408
16688
16272
15936
16296
16656
16400
16024
16320
16696
16456
16088
16304
16712
16592
16216
16312
16744
16792
16368
16344
16784
17056
16608
16376
16840
17192
16896
16640
17048
17448
17192
16832
17224
17712
17536
17120
17408
17888
17816
17424
17504
17976
18072
17648
17584
17936
18112
17664
17440
17800
18024
17544
17160
17448
17712
17288
16768
17072
17328
17064
16528
16672
17000
16888
16352
16440
16832
16768
16368
16280
16680
16816
16352
16144
16520
16824
16432
16064
16480
16816
16496
16120
16432
16848
16584
16160
16392
16808
16704
16248
16304
16760
16816
16328
16272
16656
16880
16456
16224
16584
16888
16456
16128
16528
16840
16512
16088
16408
16792
16592
16128
16296
16728
16632
16168
16200
16600
16656
16224
16160
16560
16720
16280
16072
16480
16776
16360
16008
16400
16728
16424
16016
16288
16712
16488
16040
16256
16696
16552
16080
16200
16560
16648
16184
16088
16496
16784
16288
16064
16464
16760
16336
15984
16376
16760
16440
16016
16352
16680
16448
16064
16216
16624
16568
16096
16152
16560
16632
16232
16128
16552
16680
16256
16024
16488
16712
16304
16008
16408
16800
16432
16000
16360
16712
16504
16056
16264
16616
16560
16136
15800
16616
16656
16200
16144
16696
16704
16256
16072
16472
16520
16360
16048
16384
16752
16472
16032
16352
16720
16472
16088
16312
16672
16568
16096
16200
16640
16712
16216
16160
16584
16720
16328
16096
16480
16816
16416
16176
16592
16888
16664
16216
16560
16968
16752
16376
16600
17064
16992
16408
16512
16928
16920
16368
16392
16864
17056
16464
16232
16640
16800
16368
15936
16368
16752
16424
15968
16312
16632
16416
16032
16256
16656
16544
16104
16184
16472
16368
15736
15616
16176
16856
17152
17896
19416
20760
20768
20096
19544
18960
17944
17096
16848
16832
16328
15736
15864
16248
16136
15808
15976
16400
16504
16080
16024
16400
16616
16208
15928
16416
16696
16248
15928
16344
16680
16376
15928
16232
16648
16432
16016
16216
16616
16512
16056
16144
16544
16600
16168
16048
16520
16720
16264
16008
16472
16792
16392
16096
16496
16856
16576
16208
16528
16888
16744
16360
16624
16984
17008
16584
16696
17120
17288
16872
16872
17360
17624
17232
17064
17536
17856
17552
17280
17736
18112
17808
17408
17808
18216
17976
17480
17688
18096
17952
17472
17480
17768
17752
17208
17064
17376
17464
16960
16632
17032
17200
16736
16344
16640
17000
16632
16200
16504
16832
16600
16160
16336
16728
16632
16176
16264
16696
16728
16232
16160
16568
16824
16320
16096
16544
16824
16416
16088
16448
16800
16520
16128
16448
16848
16584
16160
16392
16784
16712
16240
16296
16664
16792
16288
16200
16632
16784
16304
16096
16528
16800
16384
16040
16464
16824
16456
16016
16336
16720
16496
16080
16272
16672
16600
16168
16216
16568
16616
16208
16072
16512
16680
16264
16000
16480
16768
16344
16000
16384
16704
16408
15976
16304
16632
16472
16040
16264
16632
16536
16104
16152
16592
16648
16176
16056
16512
16712
16312
16032
16488
16728
16352
15960
16384
16720
16400
15984
16352
16720
16424
16016
16232
16648
16568
16112
16160
16568
16656
16184
16072
16528
16720
16272
16016
16472
16712
16312
15944
16368
16712
16432
16016
16312
16696
16488
16064
16224
16624
16528
16104
16216
16592
16616
16144
16104
16472
16752
16288
16016
16496
16768
16368
15912
16416
16720
16416
16016
16376
16736
16528
16144
16392
16816
16776
16336
16400
16792
16880
16416
16440
16872
17096
16672
16360
16776
17008
16496
16144
16672
17024
16696
16224
16472
16744
16488
15984
16152
16600
16504
16056
16136
16504
16568
16176
16040
16472
16664
16216
15968
16384
16608
16008
15424
15840
16384
16552
17000
18368
19840
20528
20384
20016
19576
18584
17464
17120
16944
16616
15896
15568
16016
16288
15872
15648
16168
16552
16224
15912
16288
16552
16264
15888
16256
16600
16360
15952
16136
16520
16488
16000
16080
16520
16536
16136
15976
16408
16592
16152
15992
16440
16664
16328
15960
16328
16736
16432
16016
16344
16720
16544
16112
16256
16720
16632
16200
16288
16760
16840
16416
16288
16840
17096
16632
16448
16968
17280
16952
16712
17136
17568
17320
16984
17392
17792
17608
17256
17512
17960
17872
17504
17560
18056
18144
17696
17592
17992
18112
17648
17320
17744
17928
17408
17016
17344
17504
17120
16608
16904
17216
16952
16472
16576
16944
16832
16352
16352
16728
16792
16296
16160
16624
16736
16288
16080
16536
16840
16440
15984
16472
16824
16560
16096
16432
16808
16552
16136
16376
16752
16688
16232
16272
16712
16752
16304
16144
16600
16824
16360
16120
16552
16872
16472
16120
16488
16800
16440
16056
16400
16736
16512
16072
16256
16672
16624
16120
16168
16544
16640
16152
16072
16504
16680
16272
16000
16480
16736
16344
15920
16392
16720
16376
15952
16240
16656
16456
16032
16144
16600
16512
16080
16104
16536
16584
16104
15984
16504
16656
16216
15984
16440
16704
16272
15872
16328
16608
16328
15928
16224
16592
16376
15944
16184
16576
16496
16024
16056
16560
16600
16136
15952
16504
16632
16248
15952
16384
16576
16240
15856
16304
16680
16384
15944
16256
16656
16400
15920
16136
16520
16520
16056
16040
16440
16528
16128
15968
16424
16608
16128
15880
16384
16680
16240
15872
16328
16632
16256
15872
16160
16544
16392
15984
16216
16656
16616
16168
16136
16664
16736
16272
16112
16624
16864
16536
16264
16776
17000
16528
16208
16536
16816
16520
16168
16448
16776
16504
15928
16096
16472
16448
15952
15968
16432
16464
16064
15872
16384
16560
16072
15808
16312
16552
16144
15680
15952
16144
15816
15496
16256
17368
18120
18760
20032
20896
20416
19144
18120
17936
17488
16480
15808
16080
16040
15504
15312
15840
16200
15872
15560
16016
16424
16112
15704
15976
16392
16216
15768
16016
16424
16336
15832
15840
16352
16392
15952
15832
16272
16512
16048
15736
16216
16560
16144
15776
16144
16496
16256
15752
16096
16528
16384
15888
16104
16496
16472
16024
16016
16512
16656
16192
16112
16648
16840
16408
16200
16728
17040
16672
16360
16816
17296
17064
16656
16992
17424
17336
16976
17184
17672
17584
17256
17248
17776
17840
17456
17336
17800
18016
17592
17264
17672
17896
17448
16968
17328
17568
17160
16624
16880
17224
16960
16416
16504
16896
16792
16280
16224
16600
16688
16248
16040
16504
16680
16256
15984
16392
16728
16320
15968
16344
16720
16448
16040
16272
16728
16536
16056
16200
16672
16608
16184
16144
16640
16712
16192
16096
16584
16744
16312
16024
16480
16736
16368
15968
16336
16664
16408
16000
16248
16648
16464
15992
16168
16632
16528
16000
15992
16520
16544
16096
15944
16464
16616
16232
15904
16312
16624
16240
15888
16296
16624
16368
15936
16232
16600
16472
15936
16032
16528
16472
15984
16000
16496
16560
16128
15936
16432
16584
16200
15872
16384
16648
16288
15888
16320
16720
16408
15952
16176
16592
16408
15944
16104
16528
16448
16056
16040
16504
16592
16072
15936
16440
16632
16144
15896
16368
16664
16256
15872
16280
16648
16392
15944
16224
16608
16408
15920
16096
16576
16512
16064
16048
16528
16600
16152
15944
16440
16608
16240
15920
16352
16696
16264
15872
16296
16632
16368
15928
16200
16632
16416
15984
16112
16600
16552
16168
16184
16648
16752
16376
16184
16640
16872
16464
16248
16744
17080
16656
16224
16592
16904
16488
16176
16440
16856
16656
16160
16200
16584
16504
16016
15992
16504
16544
16056
15888
16376
16600
16176
15840
16336
16648
16248
15808
16128
16272
15848
15440
15920
16896
17544
18192
19456
20816
21040
19960
19008
18552
17968
17144
16320
16448
16392
15792
15504
15952
16272
16016
15712
16120
16504
16272
15840
16088
16512
16328
15880
15976
16480
16368
15960
15928
16408
16504
16048
15872
16376
16568
16112
15824
16296
16592
16232
15848
16240
16632
16272
15896
16192
16592
16456
15968
16128
16608
16544
16072
16080
16624
16688
16288
16184
16632
16864
16544
16248
16752
17040
16720
16424
16864
17320
17136
16768
17104
17600
17504
17088
17336
17728
17816
17416
17472
17800
18056
17672
17552
17800
18216
17760
17400
17680
18104
17648
17176
17336
17728
17368
16856
17000
17280
17056
16552
16720
16904
16960
16416
16376
16592
16864
16328
16128
16408
16768
16384
16008
16264
16728
16392
15968
16280
16664
16416
15952
16280
16616
16472
16040
16224
16512
16640
16144
16192
16424
16744
16312
16096
16376
16752
16280
16016
16296
16696
16392
15968
16296
16672
16472
15976
16280
16544
16504
16040
16208
16464
16528
16040
16104
16336
16576
16112
15968
16288
16680
16224
15872
16240
16656
16296
15832
16216
16544
16312
15920
16208
16480
16400
15928
16160
16408
16520
15992
16016
16304
16536
16120
15952
16264
16624
16160
15888
16240
16600
16288
15904
16272
16568
16384
15888
16200
16432
16384
15952
16080
16368
16480
16040
16056
16320
16528
16104
15968
16280
16616
16216
15872
16256
16592
16288
15888
16240
16592
16344
15888
16224
16512
16456
16008
16136
16384
16496
16032
16024
16344
16600
16112
15936
16280
16616
16240
15888
16208
16624
16320
15936
16280
16576
16352
15928
16256
16488
16432
15984
16168
16384
16536
16120
16080
16392
16664
16344
16160
16496
16824
16432
16128
16584
16992
16720
16336
16648
16888
16728
16208
16408
16712
16720
16288
16424
16592
16624
16080
16024
16240
16560
16064
15912
16296
16576
16160
15856
16248
16608
16264
15856
16272
16528
16304
15752
15824
15992
16008
15888
16656
17880
19080
19768
20312
20544
20184
18704
17728
17584
17376
16416
15824
15952
16152
15872
15552
16008
16304
16192
15776
16152
16392
16384
15896
16032
16312
16456
16000
15952
16288
16496
16064
15936
16272
16520
16128
15832
16296
16536
16256
15864
16264
16520
16352
15904
16232
16456
16392
15968
16168
16480
16584
16120
16120
16480
16704
16272
16072
16496
16832
16448
16144
16624
16872
16640
16328
16720
17056
16912
16576
16944
17240
17312
16904
17120
17464
17584
17248
17240
17624
17936
17584
17384
17840
18104
17760
17432
17896
18120
17808
17328
17688
17880
17648
17120
17304
17456
17360
16816
16840
17056
17112
16584
16504
16752
16928
16448
16240
16600
16848
16408
16096
16512
16752
16464
16040
16448
16672
16472
16072
16312
16552
16560
16152
16272
16560
16680
16224
16176
16536
16736
16288
16096
16544
16776
16400
16104
16552
16720
16472
16080
16472
16712
16520
16072
16376
16576
16592
16096
16224
16504
16672
16192
16112
16472
16624
16248
16040
16448
16688
16272
15976
16448
16632
16336
15960
16368
16600
16432
15936
16224
16480
16480
16024
16168
16440
16528
16096
16056
16432
16552
16152
15928
16408
16584
16208
15896
16336
16552
16320
15936
16336
16520
16392
15976
16240
16456
16440
16000
16096
16408
16552
16040
16000
16352
16592
16160
15952
16384
16600
16240
15944
16400
16560
16312
15864
16320
16456
16368
15952
16216
16456
16432
15952
16088
16376
16496
16080
15960
16384
16584
16096
15920
16408
16576
16280
15952
16432
16568
16360
15936
16344
16512
16400
16000
16224
16472
16456
16040
16128
16440
16536
16120
16024
16440
16616
16184
16000
16416
16632
16344
16048
16472
16704
16576
16168
16488
16736
16616
16272
16592
16936
16904
16360
16424
16776
16768
16248
16216
16728
16856
16432
16128
16512
16616
16240
15896
16360
16528
16264
15856
16280
16488
16384
15880
16176
16448
16440
16000
16112
16368
16256
15632
15488
16032
16448
16648
17392
18928
20104
20480
20040
19808
18976
18048
17120
17048
16672
16264
15624
15768
16064
16072
15656
15824
16232
16384
15968
15888
16328
16496
16112
15880
16336
16480
16184
15832
16320
16496
16232
15816
16248
16496
16336
15872
16104
16416
16400
16000
16080
16424
16440
16048
16000
16440
16536
16176
16000
16520
16616
16312
15968
16480
16728
16488
16096
16472
16720
16672
16216
16544
16832
16832
16472
16616
17064
17112
16728
16720
17296
17464
17144
16960
17472
17704
17424
17168
17648
17872
17736
17328
17744
18008
17896
17432
17704
17936
17872
17360
17384
17712
17656
17120
16936
17288
17304
16864
16544
16992
17056
16640
16272
16712
16840
16576
16064
16424
16648
16488
16008
16192
16560
16536
16032
16144
16544
16576
16136
16056
16560
16648
16272
16048
16536
16640
16336
16000
16392
16656
16520
16064
16408
16656
16496
16104
16312
16600
16560
16048
16184
16608
16552
16144
16072
16552
16600
16192
15968
16424
16584
16304
15960
16424
16552
16336
15904
16280
16504
16336
15896
16144
16496
16456
16000
16096
16512
16456
16072
16040
16464
16512
16136
15952
16392
16512
16208
15848
16296
16496
16280
15824
16224
16424
16352
15896
16128
16448
16440
15976
16104
16480
16464
15992
15912
16376
16480
16104
15856
16296
16424
16136
15808
16232
16392
16232
15792
16104
16384
16200
15784
15944
16360
16240
15784
15872
16296
16256
15824
15704
16200
16264
15904
15696
16200
16248
16016
15696
16128
16264
16088
15640
15952
16280
16080
15672
15896
16224
16104
15680
15704
16152
16112
15712
15648
16168
16152
15768
15560
16040
16168
15816
15440
15864
16040
15856
15496
15800
16072
15952
15584
15848
16184
16152
15736
15792
16256
16192
15920
15864
16408
16384
16032
15768
16224
16216
15928
15672
16128
16304
16008
15584
15824
16040
15880
15448
15672
16056
15960
15488
15600
16040
16016
15648
15608
16080
16080
15744
15536
15944
15848
15408
15064
15688
16376
16848
17448
18872
20080
20368
19456
18848
18288
17576
16784
16248
16208
15856
15272
15088
15720
15736
15480
15296
15864
16040
15800
15456
15872
16096
15856
15488
15840
16112
15944
15488
15744
16136
15984
15560
15656
16168
16080
15688
15632
16080
16072
15784
15600
16040
16128
15912
15584
15992
16200
16008
15608
15960
16272
16072
15672
15848
16352
16264
15920
15984
16496
16432
16096
16056
16536
16640
16328
16152
16728
16936
16648
16312
16832
17216
17008
16640
17024
17456
17224
16880
17136
17608
17472
17056
17152
17704
17640
17200
17096
17576
17608
17128
16816
17200
17360
16864
16432
16704
17048
16632
16152
16416
16720
16432
15968
16088
16464
16328
15816
15832
16280
16344
15816
15760
16184
16336
15952
15680
16136
16432
15992
15672
16072
16456
16120
15696
15984
16424
16208
15744
15960
16392
16288
15808
15872
16328
16384
15864
15824
16264
16416
15936
15728
16144
16472
16000
15672
16024
16408
16064
15640
15968
16400
16112
15648
15872
16280
16160
15640
15760
16232
16272
15720
15632
16072
16320
15856
15632
16016
16312
15880
15576
15976
16304
15976
15536
15856
16288
16096
15616
15800
16208
16128
15656
15688
16112
16200
15720
15616
16024
16224
15752
15576
16064
16296
15872
15568
15904
16288
15920
15512
15864
16304
16048
15584
15792
16216
16120
15664
15672
16176
16200
15696
15560
16120
16184
15792
15536
16008
16336
15912
15552
15960
16336
15968
15544
15920
16288
16032
15584
15736
16160
16096
15640
15720
16136
16256
15720
15664
16088
16248
15752
15552
15976
16336
15872
15528
15912
16344
16040
15552
15864
16296
16048
15632
15824
16248
16128
15648
15728
16176
16232
15776
15744
16224
16416
16064
15856
16304
16592
16136
15816
16264
16704
16408
15912
16184
16536
16368
15760
16000
16432
16384
15880
15880
16272
16232
15720
15528
15968
16256
15784
15560
15976
16296
15856
15496
15872
16232
15928
15472
15800
16224
15816
15152
15336
15824
16104
16248
17176
18680
19856
20080
19976
19704
18888
17624
16856
16792
16496
15712
15120
15416
15824
15576
15192
15560
16064
15864
15480
15672
16136
16064
15608
15624
16056
16136
15664
15560
16040
16176
15776
15544
15992
16296
15872
15576
15920
16232
15976
15584
15856
16224
16056
15648
15800
16216
16112
15720
15792
16176
16256
15832
15744
16160
16360
15984
15744
16176
16472
16168
15872
16280
16632
16400
16064
16384
16840
16664
16384
16600
17064
17024
16664
16824
17224
17336
17032
16952
17432
17608
17320
17096
17520
17832
17456
17112
17488
17776
17456
17032
17232
17480
17272
16808
16880
17168
16960
16480
16400
16760
16728
16264
16072
16432
16520
16184
15816
16232
16472
16168
15760
16136
16400
16232
15752
16080
16416
16240
15848
15984
16416
16280
15872
15952
16376
16360
16016
15888
16336
16416
16112
15904
16328
16480
16272
15848
16256
16576
16320
15888
16168
16552
16336
15880
16032
16424
16312
16016
15936
16320
16336
15976
15832
16240
16376
16032
15720
16136
16448
16168
15712
16096
16416
16176
15736
16000
16464
16248
15800
15960
16408
16272
15904
15832
16296
16336
15960
15776
16256
16368
16096
15728
16128
16408
16144
15792
16136
16480
16192
15784
16040
16456
16288
15784
15976
16392
16304
15904
15888
16328
16344
16000
15816
16248
16328
16080
15784
16216
16472
16184
15776
16128
16448
16224
15768
16064
16488
16224
15864
16024
16464
16280
16000
15976
16352
16368
16000
15840
16224
16400
16088
15768
16168
16472
16168
15784
16136
16528
16184
15808
16072
16504
16304
15840
15944
16400
16288
15936
15864
16376
16344
16024
15856
16328
16416
16048
15792
16272
16488
16152
15800
16176
16520
16256
15832
16112
16552
16416
16064
16184
16688
16528
16192
16168
16616
16680
16416
16296
16696
16768
16408
16136
16448
16768
16416
16072
16472
16832
16408
15920
16096
16488
16280
15840
16032
16448
16296
15928
15880
16392
16368
16024
15808
16248
16376
16080
15688
15864
16032
15816
15648
16624
17808
18648
19424
20432
21080
20280
18928
18192
17976
17400
16456
16088
16264
16088
15696
15576
16016
16208
15984
15712
16224
16464
16120
15680
16104
16496
16184
15824
16064
16456
16264
15872
16024
16432
16232
15968
15912
16400
16384
16024
15848
16312
16448
16136
15824
16264
16592
16224
15824
16176
16544
16240
15896
16192
16600
16384
16032
16232
16648
16488
16200
16208
16688
16720
16416
16328
16776
16992
16744
16480
16944
17264
16976
16720
17128
17592
17264
17008
17336
17792
17632
17272
17488
17904
17776
17496
17504
17952
17912
17616
17352
17720
17800
17424
17072
17400
17592
17128
16664
16952
17224
16864
16408
16592
16936
16624
16216
16344
16776
16552
16232
16184
16616
16552
16224
16064
16472
16624
16272
15936
16360
16680
16288
15968
16288
16720
16344
16032
16320
16640
16392
16048
16240
16632
16488
16208
16152
16584
16576
16256
16128
16520
16704
16328
16016
16464
16720
16384
15976
16336
16728
16392
16032
16280
16640
16368
16064
16112
16544
16368
16064
16088
16544
16520
16152
16000
16400
16600
16216
15944
16312
16696
16304
15920
16232
16616
16224
15920
16248
16576
16336
15984
16128
16552
16368
16024
16056
16480
16528
16200
15968
16384
16600
16192
15944
16360
16656
16288
15888
16312
16664
16264
15920
16216
16584
16344
16016
16120
16528
16384
16072
16064
16480
16472
16176
16008
16432
16576
16240
15912
16384
16672
16272
15936
16248
16648
16304
15992
16216
16608
16352
15992
16168
16568
16368
16056
16056
16544
16576
16144
16040
16400
16648
16224
15936
16336
16656
16312
15960
16304
16688
16296
15992
16216
16648
16376
16056
16168
16584
16440
16120
16104
16512
16568
16232
16088
16488
16744
16320
16160
16584
16896
16544
16224
16520
16952
16680
16440
16680
17032
16744
16408
16464
16800
16656
16384
16408
16816
16776
16368
16088
16488
16656
16160
15952
16352
16680
16288
15984
16304
16632
16304
15976
16256
16616
16384
16000
16064
16296
15984
15648
15872
16936
17792
18536
19448
20704
21088
20144
18976
18480
18168
17344
16424
16424
16512
15928
15560
15872
16288
16120
15872
16032
16520
16376
16104
16056
16480
16504
16136
16000
16432
16616
16216
15976
16360
16656
16240
15912
16264
16664
16288
16048
16224
16624
16440
16056
16168
16600
16504
16128
16192
16568
16616
16200
16096
16512
16768
16352
16096
16504
16888
16504
16216
16600
17000
16616
16408
16720
17096
16912
16616
16824
17280
17232
16968
17008
17440
17592
17264
17168
17632
17912
17552
17416
17824
18208
17784
17528
17880
18232
17824
17520
17760
18064
17784
17368
17432
17800
17552
17088
17008
17360
17296
16872
16648
16992
17120
16600
16304
16680
17016
16504
16184
16496
16848
16432
16176
16360
16760
16520
16160
16360
16712
16624
16216
16176
16616
16744
16288
16136
16600
16792
16344
16088
16440
16800
16392
16016
16464
16808
16504
16080
16384
16776
16600
16056
16224
16672
16640
16152
16104
16536
16640
16232
16072
16504
16784
16392
16056
16440
16784
16392
16000
16344
16768
16448
15984
16296
16712
16512
16112
16208
16632
16528
16104
16112
16560
16672
16200
16056
16536
16736
16264
15960
16392
16704
16336
15936
16264
16648
16424
16008
16296
16680
16528
16064
16232
16656
16576
16128
16072
16504
16664
16216
16016
16488
16712
16312
15976
16392
16688
16344
15904
16264
16664
16392
15936
16256
16648
16544
16008
16112
16624
16576
16112
16104
16544
16640
16168
15984
16488
16664
16248
15928
16320
16776
16312
15928
16288
16744
16408
16016
16240
16640
16512
16048
16168
16560
16528
16120
16112
16512
16648
16136
15968
16408
16680
16272
15992
16368
16728
16384
15976
16352
16712
16480
16056
16392
16848
16720
16232
16304
16808
16824
16416
16464
16920
17016
16568
16288
16792
16944
16488
16136
16664
16984
16584
16088
16368
16720
16424
15936
16160
16600
16376
15928
16072
16560
16520
16048
16072
16536
16576
16120
15888
16264
16280
15768
15408
16176
17168
17752
18416
19976
21120
21000
19936
19176
18664
17912
16896
16392
16504
16232
15592
15536
16040
16232
15864
15736
16232
16632
16224
15880
16296
16696
16320
15864
16256
16672
16392
15864
16160
16608
16472
15928
16080
16576
16552
16048
16048
16504
16696
16184
15968
16456
16736
16272
15904
16424
16768
16384
16000
16336
16840
16536
16088
16360
16832
16624
16176
16336
16856
16912
16384
16424
16904
17184
16664
16472
16960
17440
16992
16736
17240
17728
17408
16976
17440
17968
17704
17264
17632
18104
18016
17480
17640
18128
18192
17664
17608
18008
18176
17576
17296
17712
17880
17336
16960
17344
17600
17056
16528
16864
17208
16880
16288
16592
16984
16848
16304
16424
16792
16816
16240
16280
16680
16864
16296
16152
16632
16888
16344
16056
16472
16920
16472
16080
16448
16904
16592
16152
16432
16888
16704
16184
16392
16816
16816
16232
16200
16680
16928
16312
16144
16616
16904
16376
16072
16472
16960
16464
16008
16440
16840
16544
16016
16344
16784
16608
16040
16216
16688
16704
16112
16152
16608
16808
16192
16048
16528
16832
16280
15952
16464
16832
16400
15920
16376
16768
16472
15960
16296
16728
16552
16000
16200
16656
16640
16088
16120
16584
16752
16208
15960
16528
16808
16280
15920
16424
16816
16440
15944
16408
16784
16456
15936
16328
16752
16576
16016
16200
16680
16680
16096
16120
16592
16784
16192
16008
16536
16816
16272
15976
16496
16824
16344
15912
16440
16792
16472
15944
16304
16696
16576
16040
16192
16696
16656
16032
16160
16624
16744
16176
15952
16536
16864
16272
15912
16456
16856
16376
15936
16368
16776
16464
15936
16384
16736
16552
15984
16248
16680
16680
16072
16096
16632
16800
16208
16024
16560
16920
16408
16112
16664
17056
16600
16144
16632
16992
16760
16336
16776
17104
16912
16320
16560
16904
16848
16320
16400
16896
17016
16328
16120
16520
16784
16192
15888
16432
16768
16312
15840
16328
16752
16392
15896
16200
16592
16480
15944
16032
16288
16160
15560
15760
16824
17816
18296
19264
20696
21312
20320
19072
18672
18328
17448
16408
16456
16560
16064
15448
15880
16288
16224
15712
15976
16512
16504
15832
15896
16352
16568
15984
15800
16368
16544
16056
15688
16248
16584
16176
15648
16176
16592
16296
15712
16128
16576
16408
15872
16088
16528
16544
15992
15992
16496
16624
16088
15944
16552
16808
16320
15968
16536
16880
16520
16048
16592
17000
16776
16248
16680
17104
17048
16552
16800
17336
17432
16832
16896
17536
17720
17232
17064
17712
18008
17584
17224
17832
18232
17848
17376
17912
18296
18016
17440
17760
18176
18000
17288
17480
17840
17792
17120
17016
17464
17520
16864
16600
17120
17272
16688
16256
16808
17080
16648
16096
16552
16984
16688
16120
16440
16840
16744
16208
16344
16800
16800
16232
16184
16688
16848
16304
16120
16664
16936
16464
16032
16560
16936
16608
16064
16536
16920
16632
16096
16496
16872
16752
16176
16368
16848
16824
16232
16160
16712
16848
16320
16008
16600
16848
16400
15952
16560
16816
16488
15952
16424
16816
16576
15960
16288
16808
16640
16064
16152
16704
16672
16136
16104
16608
16752
16256
16016
16544
16792
16320
15928
16504
16824
16496
15976
16432
16792
16584
15992
16360
16792
16672
16136
16208
16768
16736
16176
16112
16704
16760
16320
15960
16552
16872
16392
15888
16560
16832
16544
15952
16424
16816
16584
15952
16352
16776
16568
16016
16208
16696
16704
16184
16088
16680
16720
16360
15968
16584
16744
16384
15936
16512
16816
16432
15872
16416
16784
16552
15928
16304
16744
16592
16048
16128
16712
16656
16168
16032
16624
16712
16280
15976
16608
16800
16384
15944
16496
16840
16480
15944
16384
16768
16528
15976
16328
16840
16632
16136
16288
16888
16824
16376
16256
16896
16992
16560
16320
17008
17224
16848
16296
16824
17112
16688
16120
16632
17088
16840
16272
16416
16896
16640
16080
16136
16688
16616
16136
16040
16600
16720
16296
15976
16600
16752
16336
15904
16512
16768
16192
15568
15912
16392
16472
16696
17920
19496
20392
20448
20304
20168
19120
17840
17232
17432
16920
16144
15624
16232
16408
15992
15616
16288
16632
16312
15808
16320
16656
16344
15880
16280
16736
16456
15984
16144
16696
16600
16040
16032
16616
16664
16160
15960
16576
16712
16208
15856
16552
16768
16344
15872
16464
16800
16480
15952
16304
16808
16592
16104
16216
16840
16736
16288
16224
16856
16872
16424
16184
16952
17152
16664
16328
17016
17368
16968
16528
17056
17664
17296
16848
17200
17888
17632
17168
17360
18056
17984
17472
17408
18136
18208
17664
17416
18056
18280
17712
17272
17728
18112
17616
17072
17344
17776
17312
16736
16856
17504
17120
16520
16472
17152
16952
16408
16232
16896
16944
16368
16104
16672
16944
16352
15992
16528
16976
16472
15992
16424
17056
16544
16096
16304
17000
16728
16168
16240
16912
16808
16192
16080
16808
16952
16328
16088
16640
16992
16424
16040
16528
17024
16520
16064
16384
17000
16504
15960
16264
16912
16640
16080
16128
16816
16728
16136
16024
16648
16864
16280
15984
16480
16856
16304
15936
16416
16936
16392
15872
16336
16888
16472
15912
16184
16864
16584
16056
16104
16728
16656
16080
15992
16608
16816
16208
15904
16464
16944
16264
15824
16304
16936
16368
15848
16200
16848
16488
15888
16216
16832
16640
15968
16040
16600
16728
16032
15912
16472
16904
16176
15904
16416
16992
16280
15832
16320
16920
16488
15840
16264
16760
16584
15808
16104
16624
16712
15936
16000
16544
16832
16080
15904
16456
16880
16296
15856
16416
16808
16520
15752
16280
16712
16640
15760
16096
16688
16712
15856
16008
16632
16624
16128
15984
16520
16656
16256
15880
16376
16640
16344
15856
16376
16712
16552
15912
16392
16856
16832
16112
16352
16896
16808
16240
16512
17016
17016
16320
16376
16880
16784
16232
16272
16792
16944
16376
16040
16408
16744
16256
15912
16272
16632
16344
15912
16272
16648
16376
15928
16232
16616
16536
16000
16072
16344
16152
15648
15656
16456
17264
17784
18688
20344
21200
20656
19504
18968
18440
17512
16528
16336
16584
16040
15488
15760
16312
16120
15784
15904
16528
16424
16008
15952
16504
16672
16072
15856
16368
16728
16168
15816
16304
16704
16384
15912
16176
16648
16456
15904
16128
16592
16568
16016
16088
16584
16632
16144
15992
16472
16680
16312
16008
16504
16800
16424
16072
16456
16872
16648
16168
16488
16952
16792
16376
16544
17064
17112
16560
16656
17232
17344
16888
16824
17344
17680
17200
16976
17576
17976
17512
17168
17640
18192
17880
17416
17720
18288
17976
17488
17664
18144
17960
17368
17392
17832
17784
17136
16952
17352
17512
16856
16568
16968
17264
16720
16296
16672
17096
16616
16184
16448
16952
16656
16104
16320
16848
16776
16144
16176
16728
16856
16280
16144
16672
16864
16352
16112
16584
16952
16536
16048
16504
17008
16656
16080
16464
16944
16744
16144
16336
16848
16792
16192
16208
16744
16848
16224
16112
16632
16880
16272
16040
16536
17008
16416
16000
16416
16880
16472
16016
16328
16808
16552
16016
16192
16760
16648
16072
16136
16672
16760
16128
16024
16552
16800
16192
15944
16456
16800
16336
15976
16360
16816
16408
15920
16280
16776
16544
15960
16192
16704
16608
16040
16088
16600
16696
16112
16024
16496
16768
16144
15944
16472
16904
16336
15936
16320
16856
16376
15952
16264
16792
16488
15960
16144
16704
16584
16032
16128
16648
16688
16120
16032
16544
16840
16200
16024
16440
16856
16320
15944
16344
16832
16448
16000
16288
16760
16480
15952
16144
16720
16608
16056
16096
16616
16736
16152
16024
16488
16784
16208
15984
16448
16824
16312
15968
16408
16888
16432
15952
16280
16816
16496
16048
16280
16840
16744
16264
16328
16808
16920
16320
16216
16816
17144
16576
16432
16824
17176
16664
16240
16536
17040
16632
16232
16528
17032
16664
16056
16224
16664
16544
15984
16056
16568
16696
16016
16000
16496
16728
16144
15912
16384
16792
16200
15752
15968
16320
15904
15720
16704
18120
18880
19456
20432
21056
20320
18784
17984
17912
17528
16416
16048
16240
16352
15776
15576
16112
16568
16120
15808
16248
16744
16272
15776
16080
16632
16432
15888
16080
16592
16456
15984
16008
16528
16568
16040
15960
16416
16696
16152
15920
16360
16784
16280
15896
16288
16792
16352
15912
16224
16728
16464
15984
16240
16736
16656
16072
16184
16720
16840
16304
16248
16760
17080
16544
16312
16848
17304
16808
16528
16992
17504
17160
16720
17112
17696
17504
17016
17312
17920
17840
17304
17408
17952
18088
17552
17456
17984
18272
17624
17328
17808
18184
17544
17144
17464
17880
17360
16824
17024
17464
17096
16520
16664
17104
16968
16368
16392
16848
16936
16288
16216
16600
16920
16328
16184
16488
16896
16440
16168
16376
16896
16488
16240
16320
16808
16560
16224
16192
16808
16704
16352
16128
16656
16840
16408
16128
16592
16904
16416
16144
16472
16896
16392
16064
16368
16880
16480
16128
16248
16768
16520
16232
16136
16640
16576
16296
16112
16544
16664
16304
15984
16472
16736
16360
16000
16304
16744
16344
15976
16184
16744
16416
16112
16168
16688
16440
16168
16064
16560
16544
16296
16000
16448
16640
16312
15904
16352
16688
16336
15928
16312
16712
16416
15960
16192
16752
16456
16056
16064
16640
16424
16104
15960
16600
16592
16264
15968
16472
16576
16240
15912
16384
16640
16320
15944
16336
16720
16408
16024
16176
16672
16464
16032
16040
16600
16480
16104
16000
16496
16536
16248
15920
16400
16528
16272
15864
16360
16680
16320
15840
16168
16656
16432
15888
16128
16616
16440
15920
16072
16608
16424
16032
15952
16536
16496
16128
15888
16424
16616
16280
15800
16344
16648
16328
15784
16312
16728
16512
15976
16384
16888
16664
16104
16336
17024
16912
16336
16288
16800
16784
16360
16024
16576
16824
16448
16032
16512
16696
16264
15720
16144
16664
16320
15688
16096
16616
16296
15696
15952
16440
16376
15880
15896
16392
16360
15728
15376
15816
16120
16184
16480
17968
19400
20200
20232
20448
20000
18656
17184
17120
17040
16368
15496
15504
15920
15824
15280
15464
16136
16272
15784
15632
16136
16360
15968
15600
16160
16488
16144
15552
16096
16504
16176
15488
15888
16400
16224
15520
15896
16392
16312
15680
15808
16232
16240
15784
15752
16312
16392
16016
15648
16232
16560
16136
15672
16160
16672
16400
15712
16104
16640
16440
15888
16192
16784
16688
16144
16288
16872
16976
16400
16448
16992
17272
16864
16592
17224
17576
17296
16824
17344
17808
17568
16952
17472
18008
17784
17104
17504
17976
17904
17152
17216
17768
17736
17056
16912
17320
17400
16840
16464
16912
17096
16648
16096
16488
16904
16600
15888
16280
16768
16496
15824
16112
16584
16568
15920
16024
16496
16584
15944
15952
16456
16632
16120
15832
16360
16688
16352
15800
16312
16800
16504
15824
16288
16712
16544
15816
16208
16704
16672
15960
16104
16656
16704
16032
15992
16464
16704
16208
15856
16376
16736
16328
15848
16344
16768
16464
15768
16232
16696
16472
15744
16120
16584
16592
15880
16048
16584
16592
16016
15968
16480
16656
16176
15872
16416
16720
16312
15816
16344
16776
16456
15800
16216
16728
16536
15792
16176
16680
16600
15904
16088
16624
16624
16000
15960
16480
16712
16184
15856
16408
16736
16352
15832
16304
16744
16400
15752
16280
16696
16512
15784
16144
16656
16576
15880
16048
16600
16592
16024
15984
16472
16664
16176
15872
16384
16704
16288
15824
16296
16760
16456
15744
16192
16760
16512
15768
16120
16560
16528
15856
16008
16560
16608
15968
15912
16432
16600
16048
15808
16376
16736
16232
15736
16272
16728
16440
15832
16248
16768
16624
15968
16336
16768
16688
15976
16192
16768
16880
16312
16256
16760
16888
16392
16040
16448
16816
16448
16032
16488
16744
16400
15720
16088
16520
16328
15608
15944
16464
16392
15752
15976
16432
16440
15840
15784
16312
16472
15936
15448
15792
16080
16024
16120
17568
19248
20144
20368
20976
20696
19520
17792
17480
17552
16864
15864
15752
16096
16152
15600
15576
16232
16504
16048
15752
16344
16664
16264
15728
16248
16656
16376
15768
16216
16720
16504
15808
16064
16624
16600
15864
16080
16584
16600
16008
15920
16456
16696
16200
15856
16424
16824
16376
15856
16328
16808
16536
15840
16256
16832
16648
15936
16224
16744
16744
16112
16224
16888
16984
16392
16312
16928
17208
16776
16424
17088
17512
17136
16656
17192
17792
17520
16880
17336
17960
17824
17160
17456
18056
17960
17336
17440
18016
18056
17440
17272
17792
17960
17344
16864
17376
17720
17152
16464
16856
17312
16976
16160
16568
17032
16768
16024
16256
16800
16680
15960
16000
16600
16760
16160
15928
16496
16736
16192
15880
16432
16808
16432
15824
16336
16848
16480
15832
16208
16864
16640
15904
16168
16752
16720
16032
16088
16672
16704
16120
15968
16576
16848
16304
15864
16376
16856
16448
15880
16376
16856
16480
15848
16264
16720
16512
15880
16104
16608
16512
15968
15984
16576
16624
16008
15768
16368
16632
16152
15720
16320
16704
16272
15720
16208
16672
16328
15712
16096
16696
16432
15696
15984
16496
16424
15864
15848
16408
16544
16000
15792
16272
16512
16080
15768
16304
16688
16176
15632
16112
16648
16344
15696
16048
16616
16344
15712
15960
16552
16424
15840
15888
16464
16496
16000
15760
16376
16616
16080
15680
16216
16680
16240
15680
16152
16616
16264
15680
16040
16600
16360
15776
16040
16568
16456
15856
15848
16424
16488
15968
15744
16280
16552
16112
15752
16240
16640
16216
15720
16176
16728
16416
15776
16208
16808
16632
16008
16136
16712
16752
16280
16288
16800
16824
16336
16096
16520
16760
16296
15960
16480
16928
16352
15728
16144
16664
16304
15648
16016
16536
16360
15736
15944
16504
16392
15784
15816
16416
16512
15904
15544
15840
16064
15696
15728
17016
18344
19064
19560
20528
20744
19656
18072
17688
17728
17008
15880
15832
16160
15952
15400
15440
16104
16312
15824
15696
16216
16432
16016
15712
16192
16624
16192
15632
16096
16600
16216
15672
15960
16504
16360
15728
15912
16488
16424
15872
15880
16360
16472
15968
15800
16328
16592
16144
15736
16264
16688
16264
15696
16144
16736
16472
15880
16256
16792
16576
16024
16288
16880
16792
16256
16272
16928
17016
16584
16448
17008
17408
17032
16656
17200
17720
17360
16872
17368
17912
17672
17128
17456
18040
17840
17360
17512
18008
18016
17384
17312
17816
17880
17248
16984
17400
17632
17032
16600
16952
17328
16832
16216
16504
17008
16640
15992
16280
16776
16544
15896
16088
16600
16504
16032
16024
16520
16616
16088
15896
16432
16720
16224
15896
16328
16840
16352
15824
16280
16768
16472
15872
16224
16672
16512
15936
16072
16592
16552
15992
15968
16512
16688
16152
15896
16344
16568
16144
15776
16208
16616
16256
15712
16160
16640
16248
15680
15952
16576
16344
15768
15944
16448
16424
15904
15872
16384
16416
15856
15672
16176
16488
16056
15744
16200
16544
16128
15584
16064
16480
16184
15608
15848
16400
16232
15672
15880
16368
16328
15824
15808
16328
16416
15800
15624
16128
16496
15968
15592
16024
16464
16040
15592
15912
16440
16088
15576
15840
16384
16184
15696
15824
16320
16256
15752
15736
16176
16344
15880
15592
16064
16328
15936
15640
16072
16424
16008
15504
15896
16416
16152
15600
15848
16328
16168
15600
15736
16224
16232
15744
15752
16232
16336
15792
15648
16112
16344
15872
15560
15992
16376
16032
15576
16024
16480
16216
15816
16128
16544
16320
15856
16024
16528
16568
16120
16032
16544
16656
16016
15728
16288
16576
16200
15824
16104
16392
15960
15496
15864
16368
16080
15544
15776
16256
16088
15576
15816
16112
16096
15640
15752
16024
15976
15336
15064
15544
16200
16440
17216
18856
20360
20592
19896
19432
18752
17632
16632
16464
16184
15784
15096
15296
15648
15696
15176
15392
15824
16032
15632
15600
15936
16080
15712
15472
15840
16088
15784
15448
15784
16088
15840
15376
15720
16048
15928
15456
15672
16104
16088
15584
15592
15944
16120
15768
15560
15952
16136
15784
15480
15936
16160
15792
15480
15864
16312
16128
15648
15888
16448
16296
15800
15968
16448
16504
16128
16208
16632
16768
16376
16256
16736
17016
16632
16416
16848
17304
17032
16728
17088
17528
17368
16872
17144
17584
17528
17072
17168
17536
17488
16960
16872
17328
17232
16672
16392
16792
17016
16504
16120
16432
16720
16312
15864
16160
16480
16152
15656
15864
16328
16144
15608
15728
16176
16192
15688
15600
16104
16264
15832
15632
16032
16296
15888
15608
16032
16440
16088
15608
15960
16376
16128
15600
15880
16344
16232
15736
15832
16272
16264
15744
15760
16208
16320
15872
15624
16104
16328
15912
15536
15952
16344
15992
15504
15848
16272
15984
15472
15672
16248
16088
15544
15648
16128
16072
15600
15560
16024
16200
15744
15528
16000
16224
15816
15480
15872
16264
15920
15496
15832
16288
16000
15520
15800
16232
16104
15568
15624
16152
16208
15712
15632
16072
16224
15840
15592
15984
16256
15896
15576
15936
16376
16024
15536
15864
16392
16176
15608
15816
16328
16184
15656
15800
16288
16280
15784
15768
16280
16384
15928
15744
16216
16392
16064
15680
16024
16400
16144
15688
16000
16496
16176
15616
15856
16376
16248
15744
15768
16312
16264
15768
15640
16200
16360
15872
15648
16104
16368
15928
15624
16072
16472
16152
15712
16080
16624
16312
15792
16072
16648
16600
16096
16120
16616
16680
16096
15960
16408
16672
16240
15968
16384
16664
16064
15672
16056
16504
16112
15624
15920
16408
16200
15720
15896
16416
16304
15792
15872
16376
16224
15448
15288
15800
16400
16600
17432
19160
20704
21096
20720
20248
19576
18152
17192
16976
16864
16288
15528
15624
16120
16000
15576
15760
16312
16296
15896
15832
16232
16464
15952
15736
16232
16528
16016
15656
16080
16512
16104
15672
15960
16496
16216
15712
15912
16432
16312
15736
15864
16312
16360
15776
15744
16200
16424
15904
15688
16144
16504
16040
15664
16056
16520
16312
15736
16080
16608
16424
15912
16200
16736
16696
16184
16264
16896
16936
16600
16416
17072
17336
17000
16728
17208
17536
17216
16936
17416
17848
17600
17200
17520
18040
17880
17352
17488
17992
17888
17440
17416
17704
17648
17160
17080
17296
17360
16816
16648
16824
17064
16600
16344
16496
16848
16528
16112
16320
16656
16464
15960
16112
16464
16416
15976
16144
16544
16488
16064
16064
16344
16536
16104
15944
16304
16592
16184
15912
16312
16664
16368
15944
16296
16672
16408
15944
16240
16680
16488
16008
16192
16560
16520
16072
16000
16408
16536
16112
16000
16272
16592
16216
15896
16376
16648
16312
15864
16120
16624
16328
15816
16056
16584
16440
16016
15976
16568
16432
15992
15992
16376
16432
16048
15784
16200
16384
16080
15624
16056
16408
16104
15568
15856
16344
16072
15608
15768
16280
16088
15560
15616
16200
16120
15688
15600
16096
16176
15720
15480
15960
16152
15896
15480
15848
16280
15888
15416
15744
16240
16016
15440
15616
16224
16104
15592
15712
16192
16168
15760
15664
16104
16224
15768
15536
16032
16296
15904
15528
15968
16400
15984
15504
15744
16200
16064
15544
15824
16272
16048
15584
15656
16168
16088
15728
15656
16160
16248
15816
15552
16064
16432
16112
15728
16120
16448
16216
15824
16168
16656
16464
15976
16144
16648
16456
15952
15904
16376
16440
16024
15936
16424
16400
15904
15616
16024
16296
15928
15528
15928
16336
16032
15576
15872
16360
16128
15576
15760
16280
16088
15384
15344
15840
15872
15912
16768
18472
19768
20256
20448
20384
19728
18240
17208
17112
16856
16128
15416
15552
16000
15720
15360
15568
16224
16120
15624
15720
16248
16128
15760
15664
16184
16264
15904
15632
16112
16448
16032
15664
16056
16416
16088
15592
15896
16456
16176
15728
15928
16392
16224
15760
15928
16352
16256
15896
15840
16304
16376
16040
15840
16240
16528
16200
15832
16248
16752
16416
15992
16296
16792
16592
16256
16488
17024
16864
16440
16592
17160
17168
16760
16824
17408
17560
17176
16960
17456
17848
17536
17184
17576
18016
17704
17288
17608
18128
17792
17280
17488
17856
17608
17016
17032
17456
17320
16768
16672
17072
17152
16568
16304
16648
16888
16536
16128
16440
16824
16520
15968
16288
16784
16448
15992
16240
16712
16440
15968
16104
16512
16520
16080
16016
16528
16600
16184
15992
16384
16576
16216
15888
16256
16696
16376
15928
16232
16696
16368
15904
16088
16624
16440
15920
16000
16480
16304
15960
15912
16384
16408
16040
15848
16168
16400
16016
15744
16112
16520
16136
15768
16040
16416
16144
15744
15936
16456
16192
15688
15776
16352
16304
15872
15752
16136
16184
15840
15752
16072
16408
15992
15680
16032
16392
16072
15616
15928
16392
16104
15704
15792
16344
16144
15744
15784
16256
16168
15744
15744
16176
16208
15768
15536
16008
16328
16000
15632
15984
16344
15984
15624
15888
16312
15992
15624
15880
16280
16120
15672
15728
16168
16128
15760
15760
16216
16256
15872
15688
16056
16312
15904
15688
16040
16304
15920
15576
15944
16360
15952
15632
15864
16336
16128
15672
15840
16336
16296
15880
15904
16328
16448
16072
15976
16376
16712
16272
16008
16272
16712
16232
15760
16088
16576
16288
15800
15912
16312
16056
15632
15752
16144
16040
15640
15632
16008
16096
15640
15616
16016
16296
15832
15536
15808
15944
15408
15032
15528
16440
16920
17560
18936
20400
20592
19536
18760
18264
17432
16496
15872
15912
15768
15192
15048
15552
15856
15424
15296
15712
16128
15760
15472
15640
16024
15760