-117
-122
-124
-123
-120
-120
-122
-120
-119
-120
-121
-121
-121
-122
-123
-119
-118
-123
-126
-125
-124
-123
-129
-130
-126
-124
-130
-132
-128
-124
-129
-133
-134
-131
-135
-139
-136
-137
-142
-147
-146
-140
-141
-145
-146
-143
-144
-150
-152
-152
-148
-146
-144
-139
-125
-118
-113
-112
-105
-101
-94
-89
-86
-86
-91
-100
-109
-121
-136
-144
-151
-161
-169
-170
-170
-170
-176
-174
-169
-170
-182
-183
-177
-171
-178
-183
-181
-180
-181
-190
-198
-178
-117
-34
53
168
286
413
459
315
95
-13
-58
-106
-135
-142
-143
-144
-146
-153
-153
-152
-153
-154
-155
-149
-147
-149
-151
-154
-149
-147
-147
-148
-145
-142
-143
-145
-139
-134
-135
-129
-122
-119
-120
-117
-109
-107
-111
-113
-102
-92
-90
-90
-81
-72
-62
-57
-53
-43
-33
-30
-23
-20
-14
-5
0
4
10
10
10
12
15
7
-8
-14
-22
-30
-46
-61
-77
-87
-99
-110
-116
-127
-139
-142
-145
-148
-154
-161
-163
-161
-164
-162
-161
-162
-167
-168
-166
-162
-162
-163
-161
-160
-162
-165
-160
-159
-158
-162
-164
-162
-158
-160
-162
-164
-160
-162
-164
-163
-160
-162
-165
-165
-165
-165
-169
-168
-168
-164
-166
-165
-163
-166
-171
-172
-167
-162
-157
-142
-133
-126
-125
-125
-118
-106
-103
-104
-106
-109
-119
-132
-142
-151
-158
-171
-175
-176
-177
-183
-185
-183
-179
-181
-186
-183
-181
-184
-190
-189
-185
-186
-193
-204
-206
-177
-110
-28
65
176
300
423
442
269
64
-29
-86
-134
-158
-162
-161
-163
-166
-169
-170
-169
-169
-170
-168
-164
-164
-165
-164
-161
-159
-162
-159
-155
-152
-156
-153
-148
-140
-140
-142
-140
-135
-132
-132
-128
-122
-118
-119
-114
-106
-98
-93
-91
-82
-73
-69
-63
-54
-44
-39
-33
-24
-13
-8
-4
1
6
10
12
12
11
10
3
-4
-14
-26
-41
-52
-62
-73
-87
-100
-107
-115
-127
-133
-138
-141
-148
-151
-150
-148
-152
-157
-157
-153
-153
-157
-153
-151
-150
-154
-154
-151
-147
-150
-153
-150
-144
-146
-151
-152
-149
-150
-153
-154
-150
-150
-152
-150
-149
-150
-152
-151
-151
-150
-152
-151
-149
-148
-151
-151
-150
-149
-150
-151
-149
-147
-152
-154
-152
-148
-147
-146
-140
-124
-109
-104
-96
-94
-90
-89
-76
-69
-73
-82
-91
-94
-99
-111
-122
-129
-130
-135
-138
-140
-138
-137
-138
-140
-137
-135
-136
-136
-136
-134
-135
-135
-134
-135
-146
-145
-98
-10
66
167
280
410
493
399
198
62
-5
-56
-84
-88
-88
-90
-91
-93
-94
-99
-98
-94
-92
-96
-95
-91
-87
-88
-91
-87
-82
-81
-83
-79
-75
-73
-74
-73
-67
-64
-64
-61
-56
-52
-50
-48
-43
-34
-31
-27
-21
-12
-5
2
13
21
31
38
48
57
65
70
80
89
95
98
105
110
112
109
107
104
97
83
70
60
49
33
16
5
-6
-18
-33
-39
-46
-53
-64
-67
-67
-70
-74
-76
-76
-75
-78
-80
-79
-74
-75
-77
-78
-75
-76
-74
-74
-71
-71
-73
-71
-72
-71
-74
-74
-76
-75
-77
-77
-76
-76
-78
-80
-80
-79
-81
-82
-80
-77
-83
-84
-81
-80
-82
-86
-85
-85
-85
-90
-88
-87
-85
-89
-88
-88
-86
-89
-93
-90
-87
-87
-89
-84
-79
-72
-59
-48
-38
-35
-32
-29
-22
-17
-14
-12
-18
-25
-35
-43
-54
-63
-70
-75
-80
-82
-86
-88
-85
-83
-84
-88
-85
-82
-84
-85
-83
-81
-80
-84
-85
-88
-95
-89
-29
60
141
244
355
483
530
377
179
75
22
-21
-47
-50
-46
-47
-52
-56
-57
-56
-57
-57
-54
-53
-54
-53
-52
-49
-49
-48
-45
-41
-40
-38
-34
-31
-29
-29
-26
-22
-21
-21
-17
-12
-11
-10
-6
1
7
7
13
23
34
39
45
52
64
69
75
83
94
101
104
114
123
128
130
133
137
140
132
124
119
113
99
84
71
60
45
29
16
7
-3
-15
-21
-29
-35
-42
-43
-46
-49
-52
-51
-49
-50
-54
-52
-50
-49
-52
-51
-49
-46
-49
-51
-48
-45
-49
-51
-50
-48
-50
-53
-51
-50
-49
-54
-54
-53
-53
-57
-60
-59
-57
-58
-61
-61
-58
-60
-63
-63
-58
-63
-65
-66
-64
-65
-66
-65
-65
-64
-67
-65
-65
-63
-65
-63
-60
-62
-62
-59
-55
-49
-39
-30
-17
-12
-10
-9
0
5
6
7
3
-5
-14
-26
-35
-44
-51
-62
-68
-68
-67
-73
-77
-73
-68
-70
-76
-76
-73
-74
-76
-76
-78
-78
-80
-83
-91
-89
-54
31
107
208
315
440
530
452
254
114
50
-1
-35
-47
-46
-46
-50
-54
-53
-55
-57
-59
-58
-56
-58
-63
-62
-58
-57
-60
-57
-54
-52
-59
-59
-57
-52
-52
-54
-50
-46
-48
-49
-45
-40
-39
-42
-40
-34
-33
-33
-30
-24
-16
-14
-9
-4
7
13
19
26
33
39
45
52
60
65
69
74
77
75
65
58
52
41
31
20
7
-7
-23
-33
-43
-54
-67
-75
-80
-84
-91
-97
-98
-98
-102
-108
-106
-102
-101
-108
-108
-108
-105
-106
-108
-104
-102
-105
-106
-100
-98
-99
-101
-101
-99
-99
-102
-103
-98
-95
-95
-93
-91
-90
-91
-88
-85
-84
-82
-79
-78
-79
-82
-81
-81
-86
-92
-93
-95
-95
-98
-102
-105
-104
-108
-110
-107
-110
-112
-115
-113
-109
-97
-91
-87
-81
-76
-72
-65
-53
-48
-46
-49
-56
-66
-75
-87
-99
-108
-118
-125
-126
-131
-132
-133
-132
-134
-133
-134
-134
-137
-141
-145
-146
-142
-139
-142
-146
-156
-167
-147
-83
3
100
209
331
459
484
313
102
11
-42
-91
-121
-126
-122
-119
-124
-129
-127
-125
-129
-131
-128
-128
-129
-128
-123
-120
-119
-120
-120
-117
-113
-112
-110
-110
-104
-101
-98
-94
-87
-86
-84
-78
-72
-71
-69
-63
-54
-48
-48
-40
-32
-26
-19
-8
-1
6
11
20
27
34
37
45
52
61
62
64
67
69
65
58
54
46
33
17
7
-3
-18
-34
-45
-54
-63
-74
-85
-91
-95
-101
-104
-109
-110
-113
-113
-114
-111
-112
-113
-115
-112
-114
-116
-112
-111
-109
-112
-111
-112
-111
-114
-113
-113
-112
-112
-111
-110
-110
-115
-115
-113
-112
-118
-121
-117
-114
-115
-120
-119
-116
-116
-119
-121
-119
-118
-121
-121
-119
-120
-126
-128
-125
-122
-123
-121
-117
-114
-112
-103
-92
-80
-77
-75
-68
-61
-54
-54
-49
-51
-57
-66
-72
-80
-93
-106
-112
-116
-121
-125
-130
-127
-125
-128
-128
-128
-126
-128
-131
-127
-127
-127
-128
-125
-125
-133
-147
-125
-52
34
118
223
344
472
488
314
126
36
-22
-69
-90
-88
-87
-90
-93
-93
-94
-98
-97
-98
-94
-95
-93
-93
-89
-89
-87
-85
-84
-82
-80
-75
-70
-70
-70
-66
-61
-62
-63
-58
-52
-48
-47
-41
-37
-31
-30
-22
-14
-6
-3
4
16
28
33
38
49
61
68
72
82
90
95
97
100
107
109
106
102
97
92
80
67
53
41
25
11
-1
-11
-23
-34
-39
-47
-54
-62
-66
-69
-71
-75
-76
-76
-78
-80
-77
-76
-77
-79
-76
-75
-73
-76
-76
-74
-71
-74
-75
-73
-70
-72
-77
-76
-73
-73
-78
-79
-78
-78
-80
-79
-78
-76
-80
-81
-80
-79
-79
-82
-84
-81
-82
-83
-82
-82
-84
-85
-84
-83
-84
-86
-83
-81
-82
-85
-83
-81
-82
-84
-84
-84
-83
-85
-86
-83
-83
-85
-84
-80
-77
-71
-60
-49
-38
-35
-32
-25
-16
-11
-10
-8
-12
-20
-31
-42
-51
-59
-67
-71
-77
-79
-82
-85
-86
-85
-84
-85
-86
-86
-86
-86
-84
-84
-83
-84
-85
-89
-100
-98
-50
40
116
215
328
459
535
423
219
92
29
-20
-50
-54
-51
-51
-59
-61
-62
-62
-66
-65
-64
-62
-64
-65
-62
-57
-57
-60
-57
-51
-51
-51
-50
-45
-43
-43
-40
-35
-31
-31
-27
-26
-19
-17
-13
-9
-2
3
9
15
23
28
34
44
54
60
67
77
86
95
100
109
117
122
125
132
136
138
133
129
126
120
105
93
81
69
53
36
24
14
1
-13
-20
-27
-33
-40
-45
-49
-51
-56
-58
-58
-55
-58
-59
-61
-58
-59
-59
-57
-54
-54
-57
-56
-56
-57
-60
-59
-58
-58
-60
-59
-58
-60
-63
-62
-60
-59
-63
-65
-64
-62
-66
-67
-66
-65
-69
-70
-68
-67
-69
-73
-70
-70
-71
-75
-74
-71
-71
-75
-75
-74
-72
-75
-77
-76
-73
-75
-76
-78
-74
-76
-79
-79
-77
-77
-80
-78
-78
-77
-78
-77
-77
-76
-79
-76
-71
-68
-67
-54
-40
-32
-30
-24
-19
-13
-11
-10
-5
-5
-13
-27
-33
-41
-53
-66
-69
-71
-74
-80
-81
-79
-77
-79
-82
-78
-77
-80
-84
-81
-79
-82
-82
-84
-84
-96
-102
-67
17
95
191
302
429
530
463
263
110
43
-10
-44
-55
-57
-59
-62
-63
-65
-67
-71
-69
-66
-68
-69
-66
-64
-64
-65
-64
-60
-58
-61
-57
-53
-49
-51
-51
-46
-42
-42
-43
-37
-30
-28
-27
-22
-16
-11
-9
-2
5
12
16
24
31
41
49
58
64
75
81
88
97
105
110
116
120
124
126
126
126
120
111
100
90
79
63
46
35
21
8
-6
-17
-26
-34
-47
-53
-57
-60
-67
-71
-71
-71
-72
-76
-73
-70
-73
-76
-75
-73
-72
-75
-77
-78
-75
-78
-78
-77
-75
-79
-79
-79
-79
-81
-83
-83
-84
-85
-86
-84
-86
-86
-88
-87
-88
-90
-92
-92
-92
-93
-94
-95
-94
-93
-97
-98
-97
-96
-100
-101
-101
-97
-97
-101
-99
-97
-98
-102
-102
-101
-101
-103
-102
-101
-99
-101
-103
-101
-99
-102
-104
-103
-99
-102
-103
-104
-100
-97
-95
-90
-78
-64
-60
-53
-48
-46
-40
-32
-27
-29
-39
-48
-57
-66
-78
-88
-93
-97
-104
-106
-105
-103
-108
-110
-106
-105
-107
-112
-111
-109
-110
-115
-112
-112
-115
-128
-140
-112
-34
48
136
247
366
478
464
279
107
29
-29
-69
-87
-91
-92
-94
-103
-106
-109
-109
-108
-107
-108
-108
-108
-108
-111
-113
-109
-109
-108
-106
-101
-98
-101
-100
-96
-93
-92
-93
-90
-86
-83
-84
-79
-73
-66
-64
-60
-54
-47
-45
-42
-33
-24
-18
-12
-2
7
15
20
29
36
42
47
51
56
60
60
62
59
58
49
40
32
24
7
-8
-24
-41
-54
-65
-76
-87
-98
-108
-115
-119
-127
-133
-132
-135
-135
-138
-136
-137
-140
-150
-150
-145
-139
-142
-144
-144
-144
-147
-149
-149
-147
-149
-154
-154
-153
-153
-154
-154
-155
-155
-158
-161
-160
-160
-162
-167
-168
-167
-169
-169
-165
-161
-168
-175
-175
-175
-174
-174
-173
-175
-175
-174
-176
-176
-179
-178
-170
-171
-172
-174
-176
-174
-171
-172
-169
-158
-151
-143
-138
-133
-125
-118
-112
-104
-96
-98
-109
-119
-126
-134
-148
-157
-164
-168
-173
-183
-184
-179
-176
-180
-180
-179
-182
-185
-187
-186
-182
-183
-181
-182
-187
-200
-203
-173
-96
-14
85
195
323
434
426
233
44
-34
-88
-130
-148
-157
-160
-159
-160
-163
-163
-163
-161
-163
-170
-167
-164
-162
-165
-165
-160
-155
-154
-154
-150
-146
-146
-144
-140
-136
-134
-132
-129
-124
-120
-121
-117
-113
-109
-105
-100
-94
-87
-81
-75
-69
-62
-54
-47
-36
-29
-24
-18
-9
-3
0
5
14
18
19
20
22
22
17
7
1
-7
-20
-37
-51
-61
-72
-87
-98
-104
-112
-123
-132
-135
-140
-143
-150
-151
-149
-149
-152
-154
-152
-151
-154
-154
-152
-150
-151
-150
-150
-150
-151
-151
-150
-151
-154
-154
-153
-154
-154
-154
-152
-153
-154
-156
-154
-153
-154
-156
-154
-154
-156
-160
-158
-157
-158
-164
-165
-164
-160
-165
-168
-164
-161
-163
-168
-166
-163
-161
-162
-160
-157
-149
-135
-126
-117
-114
-108
-103
-97
-91
-88
-89
-95
-103
-112
-120
-130
-139
-147
-153
-157
-159
-162
-166
-164
-163
-165
-166
-165
-164
-165
-165
-166
-167
-165
-167
-169
-171
-179
-169
-112
-21
62
168
277
406
460
325
119
10
-47
-93
-122
-129
-127
-126
-130
-133
-134
-133
-137
-136
-137
-132
-130
-129
-127
-125
-124
-123
-120
-120
-117
-114
-110
-108
-105
-104
-101
-98
-95
-93
-90
-88
-85
-81
-75
-69
-63
-60
-55
-46
-39
-34
-27
-17
-6
3
7
19
29
37
41
48
56
63
66
68
73
75
71
65
58
53
41
25
12
0
-14
-28
-40
-52
-62
-73
-81
-89
-93
-101
-103
-105
-107
-111
-113
-111
-111
-111
-112
-109
-110
-112
-113
-111
-109
-110
-109
-107
-107
-107
-110
-108
-107
-106
-112
-112
-110
-108
-112
-113
-112
-110
-110
-115
-113
-111
-113
-116
-114
-111
-112
-116
-117
-116
-116
-118
-118
-117
-116
-120
-120
-121
-117
-118
-119
-120
-117
-119
-120
-118
-118
-120
-120
-116
-114
-113
-113
-100
-85
-75
-70
-66
-61
-54
-52
-48
-43
-44
-55
-62
-69
-76
-89
-101
-104
-107
-114
-120
-122
-118
-118
-121
-119
-118
-115
-117
-118
-116
-114
-117
-118
-117
-117
-127
-134
-107
-25
53
141
253
378
486
451
260
91
15
-37
-72
-85
-86
-88
-90
-92
-96
-99
-100
-97
-96
-99
-97
-94
-92
-93
-93
-91
-88
-87
-89
-85
-82
-79
-81
-78
-73
-68
-69
-67
-62
-58
-57
-54
-49
-42
-39
-36
-31
-22
-14
-9
-1
9
19
26
34
42
51
58
66
75
84
88
94
99
104
103
102
99
95
86
75
66
53
37
22
10
-2
-18
-32
-40
-49
-59
-71
-74
-77
-79
-88
-90
-90
-89
-92
-94
-92
-90
-93
-95
-93
-90
-90
-92
-91
-89
-89
-92
-91
-90
-89
-91
-91
-91
-89
-94
-94
-96
-95
-99
-98
-95
-96
-99
-100
-99
-100
-102
-104
-102
-100
-102
-103
-102
-102
-104
-107
-106
-105
-105
-110
-109
-107
-106
-109
-109
-105
-104
-106
-111
-108
-106
-106
-110
-108
-108
-105
-104
-99
-88
-75
-67
-62
-57
-50
-47
-41
-40
-32
-36
-42
-50
-57
-68
-77
-88
-94
-99
-107
-107
-111
-113
-112
-109
-107
-109
-112
-110
-110
-112
-114
-114
-112
-111
-118
-126
-132
-115
-54
31
116
225
341
464
490
327
134
33
-19
-57
-78
-85
-86
-86
-87
-93
-96
-96
-96
-100
-99
-96
-93
-94
-92
-91
-88
-87
-88
-85
-84
-81
-81
-77
-75
-74
-72
-67
-64
-61
-59
-56
-50
-47
-44
-39
-31
-25
-25
-19
-10
-1
4
11
21
34
41
46
57
68
75
78
86
94
99
101
101
103
103
97
89
83
73
58
43
29
16
2
-12
-25
-36
-46
-58
-63
-68
-74
-80
-84
-86
-86
-91
-92
-91
-91
-92
-92
-91
-90
-92
-92
-89
-87
-88
-90
-88
-86
-88
-90
-89
-89
-91
-94
-94
-91
-89
-95
-97
-94
-91
-95
-100
-98
-96
-97
-100
-101
-101
-102
-105
-104
-102
-103
-106
-106
-107
-106
-111
-109
-111
-111
-113
-113
-112
-110
-112
-113
-112
-113
-115
-116
-118
-117
-116
-117
-114
-112
-111
-111
-108
-97
-83
-78
-72
-64
-61
-60
-53
-43
-40
-49
-59
-66
-73
-85
-99
-107
-111
-114
-119
-118
-118
-120
-123
-123
-122
-120
-124
-126
-124
-121
-125
-126
-127
-127
-133
-143
-140
-103
-19
57
157
266
392
483
412
209
65
-1
-52
-86
-101
-104
-105
-104
-108
-116
-115
-113
-113
-119
-119
-115
-115
-116
-119
-113
-110
-109
-115
-111
-107
-104
-107
-106
-100
-95
-98
-101
-95
-89
-89
-87
-82
-77
-76
-70
-67
-59
-54
-50
-43
-39
-31
-24
-13
-6
2
9
18
26
32
35
41
47
53
55
52
55
53
42
33
24
15
2
-10
-22
-37
-51
-67
-76
-86
-96
-110
-116
-118
-118
-127
-135
-138
-140
-142
-143
-143
-142
-141
-141
-141
-138
-139
-142
-143
-141
-142
-143
-143
-141
-142
-147
-146
-147
-146
-150
-153
-151
-152
-156
-154
-152
-154
-158
-161
-156
-157
-160
-161
-159
-158
-158
-162
-160
-158
-156
-164
-164
-163
-162
-165
-166
-168
-165
-168
-171
-167
-165
-166
-167
-164
-156
-142
-135
-129
-126
-120
-117
-104
-96
-91
-97
-101
-111
-115
-126
-138
-150
-154
-166
-173
-170
-169
-173
-176
-175
-179
-180
-179
-175
-172
-172
-176
-176
-175
-174
-180
-184
-194
-180
-130
-45
41
153
263
395
464
348
124
-5
-57
-103
-136
-150
-151
-150
-150
-155
-157
-155
-155
-159
-164
-165
-161
-157
-153
-153
-150
-150
-150
-147
-144
-144
-144
-140
-137
-134
-135
-130
-127
-123
-123
-118
-112
-110
-108
-104
-100
-95
-89
-81
-74
-66
-64
-56
-48
-38
-33
-29
-18
-12
-7
-5
6
12
17
16
20
24
25
16
9
4
-4
-17
-31
-42
-53
-68
-82
-95
-104
-112
-120
-126
-131
-139
-146
-147
-149
-149
-152
-154
-154
-153
-157
-158
-154
-154
-157
-156
-152
-151
-154
-154
-154
-149
-154
-157
-155
-154
-157
-160
-156
-154
-153
-161
-160
-157
-157
-162
-159
-158
-157
-160
-162
-159
-156
-159
-162
-161
-160
-160
-162
-162
-159
-159
-162
-162
-161
-160
-162
-163
-163
-156
-157
-154
-140
-126
-118
-114
-109
-108
-100
-93
-90
-88
-91
-101
-105
-110
-122
-137
-145
-148
-154
-162
-161
-161
-162
-170
-168
-164
-161
-164
-168
-164
-162
-163
-167
-163
-160
-162
-175
-181
-155
-78
2
89
199
324
441
444
263
81
-7
-65
-108
-125
-127
-125
-126
-128
-131
-134
-133
-132
-131
-133
-130
-129
-130
-130
-126
-123
-120
-122
-120
-116
-111
-113
-110
-106
-102
-105
-101
-94
-89
-88
-87
-81
-71
-70
-71
-64
-57
-51
-47
-37
-29
-18
-12
-5
5
17
22
29
38
48
54
61
66
73
75
74
75
71
67
56
48
36
24
9
-3
-16
-30
-44
-55
-62
-71
-82
-89
-92
-96
-102
-107
-105
-103
-106
-111
-109
-107
-109
-115
-112
-107
-106
-111
-109
-105
-103
-107
-108
-103
-99
-103
-107
-104
-102
-106
-109
-109
-108
-107
-111
-111
-110
-111
-113
-110
-112
-110
-113
-114
-114
-112
-116
-118
-115
-115
-117
-118
-117
-117
-118
-119
-118
-116
-118
-119
-115
-114
-116
-120
-119
-116
-115
-122
-119
-117
-113
-119
-118
-113
-108
-102
-89
-75
-66
-66
-67
-64
-53
-47
-46
-48
-51
-61
-70
-79
-87
-94
-102
-106
-111
-112
-116
-115
-114
-113
-115
-116
-114
-114
-116
-118
-115
-115
-115
-119
-117
-123
-133
-119
-48
39
122
230
349
472
491
318
130
36
-18
-64
-85
-83
-81
-85
-93
-93
-93
-93
-97
-93
-91
-91
-94
-94
-90
-86
-89
-87
-83
-77
-81
-79
-76
-72
-70
-70
-67
-64
-63
-62
-57
-54
-51
-48
-41
-34
-28
-26
-17
-11
-5
1
10
20
29
34
44
56
66
69
75
86
95
98
102
108
111
110
104
102
97
88
73
60
48
37
18
3
-8
-17
-33
-45
-52
-55
-65
-71
-75
-76
-79
-83
-84
-84
-85
-87
-84
-84
-84
-87
-87
-84
-84
-86
-86
-84
-84
-85
-85
-84
-84
-88
-89
-85
-84
-88
-91
-88
-85
-86
-91
-89
-88
-90
-94
-93
-91
-91
-94
-96
-92
-90
-94
-98
-96
-94
-97
-100
-99
-98
-99
-103
-100
-98
-97
-102
-101
-100
-98
-102
-102
-100
-98
-101
-101
-100
-101
-103
-103
-99
-99
-102
-103
-99
-97
-97
-96
-88
-72
-61
-57
-49
-49
-47
-42
-27
-25
-32
-44
-52
-57
-65
-79
-88
-89
-89
-93
-100
-99
-96
-96
-98
-99
-97
-97
-99
-99
-97
-95
-98
-97
-98
-101
-113
-118
-82
7
83
179
295
424
519
445
246
95
25
-26
-57
-68
-71
-74
-74
-73
-77
-83
-83
-81
-80
-85
-84
-81
-77
-80
-78
-75
-72
-72
-75
-67
-65
-64
-67
-62
-56
-54
-55
-53
-48
-42
-43
-41
-36
-28
-25
-20
-16
-8
-3
3
10
21
27
33
45
55
65
71
80
87
96
96
107
112
116
115
117
117
109
96
87
76
65
45
30
20
8
-8
-22
-32
-39
-50
-63
-67
-70
-75
-84
-84
-83
-82
-87
-90
-90
-88
-93
-94
-92
-89
-89
-90
-91
-87
-89
-92
-92
-90
-91
-95
-94
-94
-94
-98
-99
-99
-98
-100
-100
-99
-100
-106
-107
-103
-103
-106
-110
-108
-108
-112
-112
-110
-110
-113
-116
-114
-114
-116
-121
-120
-116
-117
-122
-123
-120
-119
-123
-125
-125
-123
-123
-128
-125
-122
-126
-129
-127
-122
-120
-116
-101
-89
-84
-88
-87
-80
-63
-58
-63
-71
-78
-88
-99
-108
-116
-122
-128
-129
-130
-133
-136
-136
-136
-139
-141
-137
-135
-132
-136
-137
-136
-135
-141
-142
-148
-155
-140
-73
13
107
216
333
459
476
301
104
20
-36
-84
-110
-113
-112
-113
-120
-124
-125
-124
-127
-124
-128
-127
-132
-130
-128
-124
-124
-122
-119
-115
-117
-120
-115
-114
-115
-117
-113
-107
-103
-103
-99
-96
-96
-95
-90
-82
-75
-77
-73
-62
-54
-49
-45
-36
-24
-18
-15
-8
2
10
15
23
30
38
36
36
40
43
38
31
29
22
7
-10
-23
-31
-46
-61
-69
-83
-95
-108
-115
-124
-129
-139
-140
-145
-145
-149
-150
-153
-153
-157
-159
-155
-154
-158
-162
-160
-155
-157
-156
-151
-149
-154
-159
-160
-157
-157
-162
-162
-159
-156
-161
-162
-162
-160
-163
-165
-162
-161
-167
-171
-168
-163
-164
-169
-169
-165
-164
-167
-167
-168
-167
-169
-167
-166
-162
-166
-164
-162
-159
-160
-161
-159
-155
-147
-136
-127
-121
-123
-119
-103
-91
-91
-101
-105
-107
-112
-123
-134
-139
-144
-157
-161
-159
-157
-160
-163
-161
-159
-163
-166
-163
-157
-157
-162
-162
-160
-162
-168
-178
-182
-159
-94
-8
83
194
306
432
470
312
103
5
-49
-101
-130
-135
-133
-135
-139
-143
-141
-140
-143
-144
-141
-139
-140
-140
-138
-133
-131
-135
-134
-127
-124
-125
-125
-121
-116
-115
-114
-108
-103
-101
-103
-98
-93
-89
-89
-86
-79
-72
-70
-64
-57
-46
-40
-35
-27
-16
-8
-3
4
13
18
23
29
36
41
43
46
47
44
37
32
25
15
-2
-14
-24
-36
-51
-64
-72
-81
-95
-101
-105
-109
-117
-122
-124
-126
-129
-134
-132
-130
-129
-135
-133
-129
-128
-130
-135
-131
-125
-127
-129
-127
-125
-128
-130
-130
-128
-131
-131
-127
-118
-107
-106
-100
-93
-83
-76
-63
-51
-33
-12
20
55
91
135
183
235
290
342
341
310
278
222
167
137
112
95
90
92
88
45
-10
-54
-84
-75
-60
-51
-60
-81
-101
-107
-99
-92
-95
-94
-93
-85
-81
-81
-82
-84
-93
-108
-120
-130
-135
-143
-142
-143
-149
-156
-158
-158
-156
-160
-160
-157
-157
-161
-164
-162
-161
-164
-164
-159
-154
-154
-154
-147
-136
-130
-128
-117
-103
-91
-85
-72
-55
-40
-31
-23
-10
2
7
7
11
11
6
-3
-10
-16
-25
-39
-52
-60
-66
-75
-82
-86
-87
-91
-96
-97
-97
-100
-101
-99
-99
-100
-102
-100
-100
-102
-105
-104
-103
-102
-107
-105
-104
-106
-109
-108
-106
-106
-110
-110
-106
-103
-108
-110
-106
-104
-106
-110
-106
-104
-105
-110
-107
-105
-104
-107
-108
-105
-102
-106
-106
-105
-102
-106
-105
-104
-101
-105
-106
-104
-101
-104
-107
-106
-103
-103
-105
-105
-105
-105
-108
-106
-102
-104
-106
-105
-102
-101
-104
-104
-101
-98
-102
-104
-101
-98
-102
-103
-99
-96
-98
-101
-98
-94
-94
-98
-96
-92
-92
-96
-96
-91
-87
-91
-95
-91
-87
-90
-92
-91
-86
-88
-90
-89
-87
-87
-90
-87
-88
-84
-88
-87
-86
-86
-88
-87
-85
-84
-85
-87
-84
-84
-86
-87
-82
-77
-80
-79
-64
-46
-40
-38
-31
-26
-22
-21
-15
-11
-12
-26
-36
-39
-47
-63
-74
-76
-79
-86
-92
-91
-88
-90
-94
-98
-95
-96
-99
-100
-98
-98
-103
-104
-114
-111
-69
21
96
195
301
421
501
408
209
71
11
-36
-66
-75
-74
-73
-78
-82
-83
-82
-84
-87
-86
-83
-81
-85
-86
-82
-76
-79
-79
-74
-69
-70
-71
-65
-61
-59
-62
-58
-53
-50
-51
-49
-42
-37
-35
-31
-23
-17
-13
-8
-1
8
13
19
29
43
51
57
69
77
85
92
104
113
120
126
135
144
148
148
150
152
149
140
132
125
114
99
83
72
61
41
25
16
8
-3
-16
-22
-24
-28
-37
-41
-41
-40
-47
-48
-45
-43
-46
-48
-45
-41
-44
-46
-45
-43
-47
-52
-52
-52
-56
-60
-60
-61
-63
-65
-66
-67
-67
-71
-73
-71
-71
-75
-76
-76
-76
-81
-83
-81
-80
-86
-89
-88
-86
-88
-93
-93
-90
-90
-96
-96
-93
-91
-95
-92
-85
-78
-69
-59
-47
-39
-36
-36
-27
-17
-17
-17
-20
-24
-34
-46
-54
-64
-74
-82
-87
-90
-91
-96
-95
-93
-94
-96
-98
-97
-95
-97
-97
-95
-94
-97
-98
-99
-105
-112
-83
2
84
180
284
410
518
464
255
97
35
-12
-50
-66
-66
-64
-68
-76
-74
-74
-76
-81
-81
-76
-76
-78
-80
-74
-71
-74
-73
-69
-62
-65
-66
-64
-58
-58
-59
-55
-51
-51
-50
-42
-38
-36
-36
-31
-25
-22
-19
-12
-3
0
2
10
24
34
34
43
55
64
66
72
81
92
96
97
105
109
106
96
91
84
71
57
44
33
19
3
-13
-26
-37
-52
-60
-67
-74
-83
-89
-93
-93
-98
-102
-103
-101
-102
-107
-105
-105
-106
-107
-108
-106
-107
-109
-109
-106
-105
-108
-109
-109
-110
-115
-115
-112
-111
-119
-121
-116
-118
-119
-123
-122
-120
-121
-128
-125
-125
-123
-126
-126
-126
-125
-130
-133
-129
-127
-130
-135
-137
-134
-133
-132
-128
-114
-104
-98
-92
-91
-85
-79
-70
-67
-63
-67
-74
-82
-84
-98
-112
-123
-133
-144
-148
-145
-145
-152
-153
-150
-148
-151
-156
-157
-150
-151
-160
-160
-156
-155
-162
-173
-174
-134
-58
19
124
237
363
459
417
214
42
-22
-76
-114
-132
-137
-138
-137
-139
-142
-144
-144
-143
-146
-147
-144
-140
-145
-146
-143
-142
-141
-138
-135
-133
-133
-130
-125
-120
-121
-123
-118
-110
-111
-113
-110
-104
-99
-100
-92
-83
-78
-78
-74
-63
-56
-49
-47
-39
-27
-20
-17
-7
4
11
12
12
19
24
26
29
31
27
17
10
4
-4
-19
-34
-49
-61
-75
-89
-100
-108
-116
-126
-132
-138
-141
-146
-146
-147
-151
-154
-154
-152
-151
-156
-157
-152
-149
-154
-153
-150
-147
-152
-154
-150
-146
-148
-153
-154
-151
-149
-152
-153
-150
-150
-153
-155
-153
-150
-154
-156
-152
-147
-152
-154
-152
-150
-153
-155
-156
-155
-153
-153
-145
-130
-115
-112
-110
-108
-103
-96
-85
-85
-88
-95
-102
-105
-115
-132
-143
-147
-148
-155
-159
-159
-154
-156
-159
-158
-155
-154
-161
-160
-156
-156
-162
-164
-160
-164
-179
-169
-109
-19
62
167
281
414
476
354
140
22
-33
-87
-119
-125
-125
-130
-131
-132
-130
-133
-134
-133
-131
-133
-131
-127
-126
-127
-126
-120
-115
-119
-117
-113
-108
-108
-108
-103
-98
-96
-98
-93
-87
-82
-82
-79
-72
-65
-66
-64
-55
-44
-43
-39
-28
-15
-10
-5
3
14
22
27
31
39
47
49
53
59
62
59
55
49
45
33
22
12
1
-15
-29
-40
-49
-61
-72
-79
-85
-95
-102
-106
-106
-110
-114
-113
-112
-111
-115
-116
-114
-113
-117
-118
-115
-113
-114
-115
-111
-107
-110
-116
-116
-112
-112
-116
-120
-116
-113
-120
-123
-119
-117
-121
-123
-124
-121
-123
-125
-124
-121
-122
-123
-121
-121
-121
-124
-123
-120
-121
-122
-123
-120
-122
-123
-122
-118
-115
-114
-106
-89
-76
-74
-69
-66
-62
-59
-52
-44
-47
-53
-64
-67
-73
-83
-96
-101
-101
-102
-107
-111
-108
-105
-108
-112
-109
-106
-109
-110
-112
-107
-109
-109
-110
-110
-120
-123
-83
4
78
172
285
415
508
426
228
86
16
-37
-69
-74
-74
-76
-80
-80
-80
-87
-89
-86
-82
-84
-84
-83
-80
-79
-84
-82
-77
-72
-75
-75
-68
-64
-66
-68
-62
-55
-54
-54
-49
-46
-44
-42
-38
-29
-25
-22
-16
-6
3
7
15
23
36
41
50
60
70
76
84
94
101
105
109
115
118
117
113
111
105
92
79
68
56
42
24
12
2
-8
-25
-35
-40
-44
-55
-61
-63
-63
-68
-72
-72
-69
-71
-75
-75
-71
-71
-74
-74
-69
-69
-71
-73
-71
-66
-69
-68
-68
-66
-69
-71
-70
-69
-72
-73
-71
-69
-70
-74
-73
-72
-74
-77
-75
-73
-77
-79
-80
-76
-76
-80
-80
-75
-75
-81
-83
-82
-79
-82
-83
-80
-79
-81
-85
-83
-77
-75
-75
-65
-48
-37
-35
-33
-26
-20
-17
-17
-12
-9
-16
-26
-34
-40
-52
-66
-72
-73
-79
-84
-87
-87
-85
-87
-87
-86
-87
-89
-89
-87
-85
-89
-90
-87
-85
-91
-103
-99
-51
34
109
210
325
453
525
418
220
92
25
-20
-46
-52
-57
-60
-61
-61
-66
-68
-66
-63
-64
-66
-68
-63
-64
-67
-68
-62
-59
-60
-57
-56
-56
-57
-57
-53
-49
-50
-50
-47
-42
-40
-36
-31
-26
-25
-25
-17
-9
-6
-2
6
16
22
28
39
50
57
59
69
81
91
92
92
99
106
103
101
104
100
87
72
62
50
36
21
5
-6
-20
-36
-48
-54
-63
-73
-79
-83
-85
-91
-96
-98
-96
-100
-102
-101
-98
-102
-106
-105
-104
-105
-109
-109
-105
-107
-108
-106
-102
-103
-104
-106
-105
-106
-112
-112
-110
-106
-111
-114
-112
-109
-112
-116
-114
-110
-111
-117
-119
-117
-118
-123
-124
-121
-121
-123
-126
-125
-123
-128
-127
-126
-122
-125
-129
-130
-127
-125
-124
-126
-125
-126
-127
-125
-122
-123
-123
-123
-119
-114
-101
-89
-81
-76
-73
-67
-56
-47
-47
-47
-46
-53
-66
-75
-85
-93
-105
-116
-121
-118
-123
-129
-130
-126
-125
-130
-133
-131
-129
-132
-135
-134
-130
-133
-136
-136
-138
-150
-138
-75
13
99
206
325
454
490
328
129
32
-20
-70
-93
-96
-96
-99
-100
-98
-99
-104
-105
-101
-97
-98
-98
-95
-89
-90
-93
-89
-82
-81
-84
-79
-74
-71
-74
-71
-66
-62
-62
-62
-57
-49
-51
-51
-46
-37
-35
-31
-25
-17
-11
-7
0
12
21
26
34
44
52
57
63
72
78
81
87
94
97
94
89
85
79
66
56
43
33
17
0
-14
-23
-35
-50
-57
-62
-68
-79
-85
-87
-89
-94
-98
-96
-92
-97
-101
-99
-95
-97
-101
-101
-96
-95
-98
-98
-93
-90
-93
-95
-95
-93
-97
-98
-98
-96
-99
-101
-100
-98
-99
-101
-99
-98
-100
-103
-103
-102
-105
-109
-108
-104
-105
-110
-109
-107
-107
-110
-110
-109
-108
-114
-116
-113
-108
-110
-113
-111
-107
-110
-114
-113
-110
-111
-114
-113
-110
-107
-109
-113
-112
-109
-113
-114
-112
-108
-107
-108
-110
-106
-108
-110
-109
-106
-103
-101
-97
-92
-81
-71
-62
-57
-50
-47
-44
-33
-30
-28
-31
-37
-45
-55
-66
-76
-82
-90
-96
-98
-95
-100
-102
-103
-100
-100
-105
-106
-101
-98
-101
-105
-103
-100
-103
-108
-112
-122
-111
-50
37
121
228
343
470
508
353
155
52
-5
-46
-71
-75
-74
-74
-81
-84
-85
-86
-88
-90
-86
-85
-86
-84
-80
-76
-79
-80
-76
-74
-75
-74
-69
-66
-65
-70
-66
-60
-54
-57
-56
-51
-45
-45
-41
-36
-28
-25
-20
-12
-2
3
7
14
27
36
41
50
62
72
77
84
90
100
101
102
103
109
106
101
93
84
73
60
47
34
15
-1
-17
-26
-41
-54
-62
-67
-75
-85
-89
-93
-96
-104
-101
-98
-98
-108
-113
-110
-108
-109
-110
-109
-105
-107
-111
-111
-108
-107
-110
-113
-109
-107
-111
-113
-111
-109
-113
-115
-114
-111
-114
-117
-117
-115
-117
-121
-121
-121
-122
-125
-125
-124
-125
-127
-128
-128
-132
-133
-134
-130
-128
-131
-131
-132
-132
-135
-136
-135
-132
-138
-139
-134
-132
-134
-137
-135
-132
-135
-139
-140
-136
-134
-135
-136
-136
-136
-135
-134
-130
-125
-116
-102
-97
-90
-93
-92
-81
-64
-65
-74
-81
-89
-94
-105
-117
-125
-129
-132
-134
-139
-145
-145
-142
-140
-137
-143
-145
-140
-138
-143
-145
-143
-137
-137
-142
-151
-162
-150
-91
0
92
204
315
448
497
354
142
31
-25
-75
-105
-119
-117
-120
-125
-130
-131
-126
-123
-129
-128
-126
-126
-128
-131
-131
-127
-131
-128
-123
-116
-114
-114
-111
-112
-116
-114
-107
-101
-101
-100
-94
-89
-87
-85
-81
-74
-67
-64
-59
-51
-42
-41
-34
-25
-14
-10
-3
6
19
25
26
31
39
41
43
49
51
47
41
37
33
24
5
-8
-20
-29
-43
-59
-74
-83
-94
-101
-110
-115
-121
-123
-128
-131
-136
-137
-135
-137
-140
-139
-139
-140
-141
-141
-138
-135
-133
-136
-137
-133
-132
-137
-133
-131
-129
-135
-136
-133
-129
-130
-133
-129
-124
-131
-136
-138
-134
-132
-134
-134
-134
-134
-135
-134
-135
-132
-137
-139
-137
-133
-135
-138
-139
-139
-142
-141
-139
-140
-139
-139
-137
-136
-138
-141
-142
-137
-138
-140
-135
-129
-116
-108
-101
-96
-91
-90
-82
-74
-71
-76
-84
-91
-97
-106
-120
-129
-132
-137
-142
-142
-140
-142
-145
-145
-143
-140
-143
-146
-145
-142
-143
-145
-145
-142
-146
-155
-162
-145
-84
3
89
195
312
444
497
362
151
35
-26
-77
-108
-116
-117
-117
-118
-124
-122
-123
-121
-126
-127
-127
-124
-121
-124
-122
-120
-118
-119
-116
-114
-109
-106
-107
-104
-104
-108
-106
-97
-89
-86
-87
-86
-81
-78
-73
-70
-63
-56
-52
-45
-37
-29
-22
-11
-3
3
8
18
28
35
41
46
55
57
57
58
60
56
51
42
34
30
15
-5
-18
-30
-40
-59
-72
-82
-88
-101
-109
-111
-115
-122
-129
-132
-130
-135
-139
-139
-135
-132
-137
-141
-139
-140
-140
-137
-136
-135
-139
-140
-137
-133
-136
-138
-138
-133
-136
-137
-138
-139
-141
-142
-140
-137
-138
-139
-139
-139
-142
-145
-142
-141
-140
-142
-142
-140
-139
-142
-141
-140
-139
-145
-144
-142
-137
-139
-142
-141
-140
-141
-142
-140
-138
-140
-143
-142
-139
-136
-138
-142
-139
-138
-138
-141
-142
-137
-138
-139
-137
-136
-136
-137
-135
-134
-133
-130
-117
-101
-92
-91
-88
-80
-72
-64
-67
-72
-79
-89
-95
-102
-109
-118
-123
-122
-123
-127
-131
-129
-125
-124
-129
-128
-124
-124
-128
-127
-124
-122
-124
-127
-131
-139
-127
-69
20
103
207
319
451
512
382
176
58
-6
-59
-88
-92
-91
-91
-96
-97
-98
-100
-103
-103
-100
-97
-100
-100
-95
-91
-95
-94
-90
-85
-87
-87
-82
-78
-78
-78
-74
-68
-66
-68
-62
-57
-52
-53
-52
-44
-36
-33
-30
-21
-11
-8
-2
7
19
29
36
43
53
62
68
78
86
93
96
101
105
109
105
103
98
90
80
68
58
44
28
12
-1
-13
-27
-37
-46
-52
-61
-69
-72
-74
-75
-80
-82
-81
-81
-86
-86
-84
-82
-86
-85
-81
-77
-81
-84
-80
-78
-79
-81
-81
-78
-78
-82
-83
-80
-80
-84
-85
-84
-80
-83
-83
-85
-83
-84
-88
-85
-84
-84
-86
-84
-85
-87
-88
-88
-89
-92
-94
-90
-90
-93
-95
-96
-95
-97
-103
-104
-101
-96
-101
-103
-102
-99
-105
-109
-108
-104
-102
-105
-105
-104
-107
-113
-115
-110
-106
-111
-111
-109
-112
-115
-117
-117
-111
-113
-113
-118
-117
-119
-118
-117
-116
-117
-119
-118
-116
-115
-113
-107
-106
-107
-97
-82
-75
-77
-78
-73
-58
-49
-57
-68
-74
-79
-95
-108
-111
-114
-121
-130
-129
-129
-132
-139
-139
-136
-135
-138
-140
-136
-134
-139
-142
-138
-139
-146
-158
-154
-108
-20
57
156
266
397
489
431
230
67
-8
-66
-102
-110
-113
-116
-115
-117
-118
-120
-120
-120
-122
-123
-119
-116
-115
-115
-111
-107
-108
-110
-105
-100
-96
-98
-93
-88
-84
-88
-85
-79
-75
-75
-74
-64
-56
-53
-51
-46
-36
-31
-24
-18
-8
0
8
17
26
39
46
55
62
69
73
81
89
95
98
102
107
107
102
95
87
75
61
46
36
21
5
-9
-22
-35
-48
-63
-71
-75
-79
-89
-93
-93
-96
-103
-106
-105
-104
-106
-108
-107
-104
-105
-108
-107
-106
-104
-107
-108
-107
-105
-107
-108
-106
-103
-105
-109
-109
-104
-106
-109
-109
-108
-108
-110
-112
-111
-110
-113
-112
-111
-109
-112
-113
-111
-111
-116
-116
-112
-113
-117
-116
-112
-106
-111
-112
-111
-108
-109
-112
-113
-110
-108
-111
-110
-111
-109
-113
-115
-109
-105
-111
-112
-110
-107
-109
-111
-110
-106
-105
-106
-104
-101
-100
-96
-87
-70
-64
-57
-55
-53
-48
-40
-36
-39
-46
-56
-63
-72
-80
-86
-90
-88
-92
-99
-105
-103
-100
-104
-107
-106
-103
-101
-102
-100
-97
-97
-101
-104
-111
-120
-102
-31
51
135
244
364
493
508
339
143
43
-19
-64
-83
-82
-79
-85
-91
-90
-93
-94
-98
-97
-98
-94
-93
-95
-93
-90
-95
-90
-81
-83
-85
-85
-77
-73
-71
-71
-65
-58
-54
-58
-50
-41
-38
-38
-34
-29
-22
-12
-2
9
16
31
50
53
59
66
79
90
103
112
118
129
142
151
156
160
163
165
161
158
158
155
143
129
115
101
82
73
64
53
42
23
14
-5
-7
-3
-3
-12
-31
-29
-27
-18
-15
-24
-22
-21
-20
-24
-20
-22
-20
-14
-15
-12
-9
-13
-6
3
0
-3
-6
-4
1
11
7
5
5
-4
0
-2
8
18
19
9
7
19
19
14
9
22
32
23
27
34
28
14
29
35
34
36
41
43
45
44
41
41
42
48
47
48
49
47
43
44
50
44
41
44
46
47
39
44
42
47
43
46
54
56
62
67
95
93
93
102
116
132
124
113
108
101
91
79
72
73
64
59
60
57
54
54
54
60
61
54
51
53
55
51
50
49
55
50
37
26
59
143
226
332
438
553
649
584
380
226
163
115
84
70
66
61
64
67
60
49
50
55
60
56
54
68
61
54
55
64
68
67
70
72
76
72
79
82
85
89
85
88
93
97
101
102
100
106
115
123
117
123
130
137
145
150
161
168
177
184
189
199
214
225
225
221
232
243
245
247
250
248
239
223
222
218
205
190
173
156
145
132
111
100
93
80
70
62
56
49
43
41
42
38
34
34
32
31
27
32
34
33
29
29
29
30
31
31
32
29
28
30
31
26
23
26
32
29
24
21
23
24
21
17
19
18
19
13
11
13
17
15
10
15
12
8
3
4
7
4
0
1
2
-2
-3
-4
-2
-5
-9
-10
-10
-9
-14
-11
-8
-7
-3
1
6
15
29
40
47
42
42
53
68
72
57
40
33
33
27
9
5
2
-3
-8
-7
-6
-6
-13
-14
-13
-9
-13
-19
-17
-14
-17
-23
-19
-16
-27
-39
-27
36
115
188
294
407
531
574
427
227
122
64
21
-5
-13
-20
-21
-23
-24
-30
-30
-30
-35
-40
-44
-43
-40
-39
-40
-39
-37
-40
-43
-48
-49
-42
-41
-42
-39
-37
-42
-37
-30
-32
-40
-37
-32
-28
-25
-23
-19
-13
-14
-8
4
13
19
16
20
35
44
48
51
56
66
74
78
82
81
78
76
79
73
65
56
51
39
23
7
-8
-25
-41
-54
-66
-74
-84
-98
-107
-114
-122
-132
-133
-132
-133
-141
-145
-146
-139
-135
-141
-141
-137
-139
-145
-143
-139
-140
-145
-146
-142
-140
-144
-146
-145
-140
-140
-137
-139
-141
-143
-146
-145
-141
-142
-144
-140
-136
-137
-141
-143
-144
-140
-139
-136
-139
-142
-142
-141
-140
-136
-135
-132
-127
-117
-109
-100
-90
-89
-86
-77
-56
-53
-67
-77
-78
-80
-92
-105
-113
-117
-120
-127
-126
-125
-123
-127
-130
-132
-127
-129
-129
-131
-128
-129
-137
-132
-134
-145
-148
-116
-38
46
137
245
364
481
481
296
109
25
-34
-78
-99
-98
-102
-104
-105
-107
-113
-112
-110
-110
-110
-111
-106
-105
-104
-107
-106
-99
-97
-99
-96
-93
-90
-88
-87
-83
-82
-77
-78
-73
-67
-69
-67
-64
-58
-54
-51
-44
-39
-30
-27
-22
-16
-3
3
11
20
26
31
39
47
53
56
61
67
73
71
70
69
68
62
52
40
30
16
-1
-13
-24
-36
-55
-67
-72
-76
-87
-94
-96
-99
-103
-108
-107
-103
-103
-109
-107
-106
-106
-106
-105
-102
-101
-101
-103
-102
-100
-98
-101
-99
-95
-98
-100
-98
-99
-99
-100
-101
-100
-98
-101
-99
-97
-99
-100
-100
-99
-99
-102
-103
-102
-101
-105
-105
-98
-100
-105
-106
-105
-102
-103
-108
-105
-102
-102
-105
-97
-89
-77
-69
-57
-51
-51
-51
-47
-39
-30
-33
-40
-46
-52
-61
-75
-86
-90
-94
-98
-100
-102
-106
-108
-106
-104
-104
-106
-104
-104
-104
-104
-105
-102
-102
-108
-118
-116
-76
1
74
173
290
418
516
461
269
104
18
-34
-60
-69
-72
-72
-74
-78
-82
-84
-82
-80
-82
-84
-80
-78
-77
-76
-75
-72
-72
-72
-69
-65
-66
-66
-60
-57
-53
-52
-50
-47
-44
-42
-40
-35
-33
-27
-23
-14
-8
-5
1
9
18
21
30
42
52
59
64
73
83
91
92
101
111
118
117
118
122
120
113
101
95
85
70
52
39
26
10
-5
-18
-27
-38
-49
-54
-60
-64
-69
-70
-72
-72
-75
-77
-77
-74
-75
-76
-74
-75
-74
-75
-72
-71
-74
-72
-72
-71
-75
-76
-75
-74
-76
-80
-80
-76
-76
-83
-86
-85
-83
-86
-86
-85
-84
-88
-91
-88
-86
-89
-93
-93
-89
-88
-93
-96
-89
-90
-91
-87
-80
-66
-58
-50
-45
-39
-40
-36
-34
-26
-25
-30
-35
-45
-55
-68
-77
-82
-88
-98
-98
-101
-105
-109
-106
-102
-101
-104
-107
-103
-102
-107
-107
-106
-102
-105
-113
-122
-110
-54
27
109
220
336
460
510
375
179
61
-5
-49
-70
-74
-75
-75
-77
-82
-87
-88
-86
-86
-87
-86
-82
-82
-82
-81
-80
-79
-79
-77
-73
-70
-70
-67
-64
-64
-63
-59
-54
-52
-54
-50
-42
-36
-36
-33
-25
-18
-14
-11
-3
7
17
20
29
40
50
56
64
73
83
87
90
100
109
110
109
112
114
109
102
94
83
71
55
43
28
14
0
-12
-22
-33
-43
-51
-57
-62
-65
-68
-69
-71
-74
-76
-73
-72
-77
-77
-71
-69
-72
-74
-72
-69
-70
-75
-72
-68
-69
-72
-72
-69
-69
-72
-76
-72
-70
-74
-78
-77
-75
-77
-80
-77
-76
-76
-80
-82
-81
-79
-82
-83
-83
-81
-83
-83
-82
-83
-86
-86
-79
-73
-66
-55
-43
-35
-35
-31
-25
-15
-16
-12
-9
-13
-24
-34
-39
-47
-62
-69
-73
-80
-79
-85
-87
-86
-87
-92
-98
-96
-93
-96
-101
-98
-97
-98
-100
-102
-106
-118
-117
-69
22
102
203
313
436
499
373
171
53
-4
-56
-91
-99
-96
-95
-101
-107
-109
-113
-115
-112
-114
-117
-122
-123
-116
-114
-117
-114
-111
-114
-118
-118
-114
-109
-104
-108
-104
-101
-103
-104
-100
-99
-94
-93
-87
-82
-76
-74
-70
-62
-55
-52
-47
-37
-27
-23
-17
-6
1
3
11
19
26
30
34
38
40
41
39
39
33
26
13
0
-14
-28
-42
-54
-62
-72
-90
-102
-110
-118
-130
-134
-133
-135
-146
-155
-157
-158
-156
-156
-156
-156
-157
-163
-161
-156
-157
-158
-158
-154
-155
-161
-167
-167
-164
-162
-166
-169
-163
-160
-164
-165
-165
-166
-167
-169
-168
-167
-169
-169
-169
-168
-169
-168
-166
-166
-170
-169
-164
-158
-145
-135
-123
-125
-124
-117
-100
-90
-94
-103
-108
-111
-121
-133
-141
-146
-152
-159
-160
-162
-159
-162
-165
-162
-159
-163
-161
-160
-159
-155
-160
-161
-161
-167
-171
-180
-153
-81
6
99
206
333
449
463
290
89
10
-47
-99
-126
-135
-138
-136
-136
-140
-147
-143
-142
-145
-145
-146
-139
-137
-144
-142
-139
-135
-135
-133
-128
-125
-127
-127
-120
-113
-112
-113
-111
-104
-103
-101
-98
-93
-88
-89
-83
-77
-71
-69
-65
-58
-47
-44
-36
-27
-19
-14
-8
0
7
12
14
19
21
23
24
29
26
22
13
3
-4
-17
-32
-41
-51
-62
-79
-91
-96
-103
-116
-125
-126
-126
-129
-138
-137
-135
-136
-142
-143
-142
-139
-144
-145
-142
-141
-143
-145
-140
-139
-144
-144
-144
-142
-143
-146
-147
-144
-145
-148
-151
-152
-150
-150
-150
-152
-153
-153
-152
-152
-153
-154
-155
-153
-153
-156
-158
-155
-153
-155
-157
-155
-153
-158
-159
-155
-150
-145
-137
-124
-112
-107
-108
-108
-98
-90
-88
-92
-93
-96
-105
-114
-121
-130
-138
-145
-148
-149
-152
-158
-159
-155
-155
-159
-159
-161
-160
-157
-159
-160
-157
-159
-160
-164
-175
-170
-117
-29
47
149
268
414
493
381
170
36
-32
-94
-127
-128
-125
-129
-136
-136
-135
-135
-142
-139
-138
-138
-140
-141
-135
-130
-134
-136
-131
-127
-127
-130
-127
-121
-121
-121
-115
-112
-108
-110
-107
-104
-95
-96
-89
-84
-80
-80
-72
-62
-58
-56
-49
-36
-29
-23
-15
-3
4
8
12
24
32
36
37
41
47
49
40
41
39
32
16
3
-6
-17
-33
-50
-58
-68
-83
-98
-101
-105
-114
-123
-125
-127
-128
-135
-133
-131
-131
-136
-134
-133
-131
-136
-133
-129
-127
-131
-130
-126
-127
-129
-131
-127
-125
-128
-133
-132
-129
-129
-135
-133
-130
-131
-137
-134
-131
-129
-137
-136
-132
-130
-137
-141
-136
-132
-135
-141
-137
-134
-136
-142
-140
-139
-138
-141
-139
-136
-133
-135
-131
-117
-103
-99
-96
-91
-83
-79
-75
-70
-63
-64
-74
-79
-84
-93
-109
-118
-121
-127
-137
-140
-139
-137
-140
-140
-135
-134
-141
-141
-137
-133
-137
-141
-137
-132
-139
-150
-156
-141
-83
-3
80
189
305
427
479
343
144
31
-31
-73
-95
-104
-106
-104
-104
-111
-116
-115
-109
-110
-117
-113
-109
-106
-109
-106
-106
-102
-104
-102
-98
-93
-95
-93
-87
-84
-85
-84
-77
-72
-74
-74
-66
-59
-59
-59
-50
-39
-34
-35
-26
-15
-7
-6
3
15
24
26
34
49
60
61
65
75
81
83
84
88
90
85
74
66
59
48
31
18
7
-6
-22
-32
-40
-49
-61
-71
-72
-77
-84
-88
-88
-88
-88
-92
-90
-87
-90
-98
-96
-91
-93
-96
-89
-86
-87
-94
-92
-87
-86
-94
-96
-91
-88
-92
-94
-90
-89
-93
-98
-94
-91
-92
-99
-98
-96
-95
-100
-98
-95
-92
-98
-98
-96
-95
-99
-101
-99
-97
-102
-104
-102
-102
-102
-103
-100
-98
-98
-103
-100
-98
-98
-102
-97
-86
-70
-67
-59
-50
-41
-42
-35
-27
-22
-23
-27
-31
-38
-49
-64
-71
-79
-85
-98
-100
-97
-97
-103
-105
-101
-99
-104
-105
-101
-99
-103
-105
-103
-99
-103
-107
-112
-120
-103
-38
50
134
243
355
480
494
321
126
39
-8
-46
-70
-76
-72
-72
-80
-85
-83
-82
-87
-86
-82
-79
-81
-86
-83
-79
-78
-83
-74
-69
-68
-75
-73
-66
-61
-64
-65
-58
-52
-53
-52
-44
-37
-38
-37
-31
-22
-19
-17
-6
3
9
11
21
31
40
42
53
64
76
79
83
94
100
101
102
109
112
109
101
100
95
80
65
56
44
29
11
2
-6
-16
-34
-42
-45
-49
-62
-66
-64
-64
-71
-78
-74
-73
-76
-79
-74
-73
-73
-79
-78
-74
-72
-79
-77
-72
-70
-78
-79
-76
-73
-79
-81
-77
-76
-79
-82
-78
-79
-82
-87
-83
-83
-82
-89
-85
-81
-83
-90
-88
-85
-85
-92
-91
-87
-85
-92
-96
-91
-91
-95
-100
-96
-94
-96
-102
-97
-94
-95
-105
-101
-95
-94
-103
-105
-104
-104
-108
-104
-96
-87
-81
-76
-67
-58
-56
-56
-42
-34
-34
-34
-34
-42
-53
-69
-79
-88
-95
-105
-111
-110
-113
-119
-119
-116
-115
-121
-126
-123
-121
-124
-127
-122
-117
-120
-131
-132
-138
-145
-125
-46
41
135
237
361
478
459
261
85
13
-42
-88
-109
-106
-101
-106
-114
-116
-118
-122
-130
-125
-120
-120
-128
-126
-123
-120
-124
-124
-122
-120
-122
-121
-112
-108
-111
-112
-106
-103
-103
-106
-100
-92
-91
-96
-87
-79
-75
-81
-72
-61
-53
-55
-50
-36
-25
-25
-21
-7
4
6
7
18
26
26
21
27
39
42
37
34
35
24
6
-4
-12
-19
-37
-49
-60
-69
-88
-101
-106
-112
-122
-134
-134
-138
-144
-150
-147
-144
-148
-159
-154
-150
-156
-162
-161
-157
-152
-164
-163
-155
-153
-162
-165
-162
-160
-166
-173
-166
-160
-164
-169
-170
-168
-167
-177
-176
-171
-169
-174
-177
-175
-172
-180
-183
-178
-174
-175
-180
-181
-179
-183
-188
-178
-172
-174
-169
-152
-144
-139
-146
-137
-124
-114
-115
-110
-106
-105
-118
-127
-128
-141
-162
-171
-171
-177
-185
-193
-187
-182
-181
-189
-186
-182
-182
-189
-184
-180
-180
-189
-190
-186
-190
-203
-190
-130
-44
37
144
260
397
468
353
134
9
-45
-107
-137
-146
-146
-152
-151
-153
-152
-159
-159
-155
-151
-154
-154
-146
-142
-145
-146
-139
-137
-142
-147
-139
-131
-129
-135
-131
-124
-125
-131
-126
-117
-110
-120
-117
-107
-101
-103
-103
-94
-87
-84
-81
-69
-58
-52
-51
-41
-27
-19
-25
-17
-8
-2
-3
5
13
16
12
9
8
3
-9
-19
-25
-37
-54
-71
-74
-85
-99
-115
-118
-122
-131
-145
-145
-145
-151
-161
-157
-155
-158
-169
-171
-164
-163
-170
-178
-171
-170
-174
-184
-179
-180
-184
-194
-191
-188
-187
-192
-194
-190
-189
-197
-194
-189
-185
-191
-193
-191
-189
-191
-192
-187
-186
-189
-192
-186
-185
-184
-190
-187
-183
-180
-184
-183
-179
-178
-183
-182
-175
-171
-172
-169
-151
-133
-131
-132
-121
-110
-103
-104
-102
-91
-90
-102
-109
-111
-118
-135
-146
-145
-152
-165
-169
-166
-164
-168
-171
-171
-168
-169
-173
-173
-170
-170
-171
-169
-168
-170
-185
-188
-158
-78
-3
88
198
324
438
430
247
66
-15
-74
-114
-131
-134
-134
-131
-130
-134
-139
-135
-130
-131
-134
-131
-129
-123
-125
-124
-120
-114
-113
-116
-110
-105
-105
-108
-104
-98
-94
-94
-89
-85
-82
-81
-77
-71
-66
-62
-56
-49
-42
-39
-32
-22
-14
-10
-4
5
14
21
27
36
44
49
53
62
66
66
67
71
72
65
56
49
40
30
15
4
-8
-20
-36
-49
-59
-67
-78
-91
-92
-93
-101
-110
-110
-109
-112
-119
-119
-116
-116
-120
-122
-120
-119
-121
-122
-120
-117
-116
-118
-119
-116
-116
-118
-116
-115
-115
-116
-114
-115
-114
-114
-114
-110
-112
-115
-114
-112
-112
-115
-114
-113
-113
-118
-117
-112
-111
-113
-118
-113
-108
-110
-117
-115
-112
-108
-110
-106
-100
-84
-75
-68
-60
-54
-54
-47
-41
-34
-29
-33
-41
-48
-57
-69
-81
-88
-92
-99
-102
-106
-108
-111
-110
-108
-107
-109
-108
-106
-107
-109
-109
-108
-107
-110
-113
-118
-120
-95
-19
62
153
260
380
496
471
279
106
31
-22
-58
-78
-79
-76
-75
-82
-87
-87
-86
-90
-94
-91
-86
-86
-88
-87
-82
-83
-84
-81
-77
-74
-76
-72
-70
-66
-66
-64
-62
-57
-54
-51
-46
-41
-38
-33
-26
-20
-17
-13
0
7
9
15
26
36
43
47
61
69
77
78
85
93
98
96
98
103
106
101
90
84
77
64
46
33
21
7
-9
-20
-28
-37
-51
-59
-64
-67
-74
-78
-78
-75
-81
-84
-81
-78
-80
-83
-80
-78
-80
-80
-74
-72
-74
-78
-73
-68
-71
-76
-74
-69
-69
-75
-76
-71
-71
-79
-81
-74
-68
-74
-80
-76
-72
-75
-81
-79
-76
-77
-83
-81
-75
-76
-82
-84
-79
-76
-82
-85
-80
-76
-79
-81
-79
-75
-78
-80
-71
-64
-55
-50
-37
-28
-24
-26
-17
-9
-10
-9
-10
-12
-21
-36
-47
-51
-60
-76
-86
-82
-82
-91
-95
-90
-86
-89
-97
-93
-85
-85
-94
-94
-90
-88
-96
-98
-101
-108
-90
-18
68
157
260
376
498
499
312
128
50
4
-36
-62
-62
-58
-58
-68
-70
-67
-65
-72
-72
-68
-67
-71
-70
-65
-62
-65
-67
-60
-55
-60
-65
-58
-51
-53
-56
-51
-43
-40
-47
-41
-32
-27
-32
-30
-19
-8
-8
-8
4
15
17
17
31
43
47
52
64
79
86
86
93
103
110
108
113
118
123
114
106
102
98
85
69
61
48
32
16
7
-3
-16
-30
-34
-38
-49
-60
-61
-57
-58
-68
-69
-63
-62
-71
-72
-67
-64
-71
-72
-66
-63
-68
-75
-67
-62
-65
-72
-68
-64
-65
-73
-74
-69
-70
-77
-77
-73
-69
-77
-79
-76
-73
-79
-84
-79
-75
-79
-86
-80
-76
-77
-85
-84
-82
-81
-89
-87
-82
-83
-90
-90
-86
-85
-89
-90
-83
-77
-80
-72
-52
-40
-40
-43
-30
-17
-12
-23
-13
-7
-13
-32
-40
-47
-55
-73
-78
-76
-83
-92
-99
-94
-91
-95
-98
-96
-91
-96
-103
-99
-94
-96
-100
-95
-96
-105
-124
-111
-50
38
113
217
335
464
505
356
163
64
0
-53
-73
-75
-81
-85
-83
-85
-91
-105
-103
-95
-95
-102
-100
-93
-88
-98
-101
-95
-91
-98
-99
-91
-87
-91
-94
-87
-82
-84
-89
-83
-73
-71
-75
-68
-60
-59
-61
-54
-46
-39
-36
-31
-22
-12
-13
-10
1
13
19
26
40
45
42
42
51
60
63
57
54
56
49
30
25
21
7
-17
-32
-41
-48
-68
-88
-94
-94
-104
-119
-123
-123
-129
-140
-140
-140
-144
-151
-150
-148
-148
-155
-156
-155
-153
-155
-156
-153
-149
-156
-163
-163
-158
-161
-167
-165
-162
-162
-170
-171
-169
-172
-174
-172
-169
-171
-183
-184
-178
-173
-180
-184
-184
-183
-191
-192
-186
-178
-181
-189
-183
-181
-188
-198
-192
-187
-186
-193
-187
-169
-158
-157
-155
-141
-127
-126
-120
-115
-106
-112
-121
-127
-125
-142
-158
-168
-176
-176
-186
-188
-186
-191
-197
-190
-183
-181
-185
-190
-186
-185
-190
-194
-184
-184
-197
-208
-208
-167
-87
-6
100
207
330
429
423
229
44
-37
-89
-129
-149
-162
-170
-167
-161
-166
-168
-162
-166
-173
-171
-165
-157
-159
-169
-162
-153
-153
-159
-156
-150
-146
-149
-146
-145
-142
-141
-135
-124
-120
-127
-122
-113
-111
-113
-115
-107
-96
-93
-93
-86
-78
-75
-71
-60
-49
-46
-49
-41
-26
-15
-15
-17
-13
-5
-5
-8
2
7
-4
-18
-25
-30
-37
-54
-63
-71
-81
-98
-108
-113
-120
-136
-143
-141
-138
-147
-155
-154
-151
-162
-164
-157
-153