-26
-27
-32
-31
-28
-26
-31
-32
-32
-27
-29
-35
-32
-30
-31
-33
-33
-32
-31
-33
-37
-32
-31
-33
-36
-32
-31
-32
-36
-37
-33
-34
-36
-36
-34
-34
-35
-36
-36
-38
-37
-37
-37
-35
-38
-35
-32
-32
-34
-37
-32
-34
-36
-37
-34
-32
-32
-31
-30
-25
-30
-32
-31
-28
-32
-38
-35
-31
-33
-40
-37
-33
-26
-27
-30
-29
-28
-28
-31
-31
-27
-27
-29
-32
-30
-31
-35
-35
-29
-30
-34
-36
-36
-30
-32
-31
-31
-31
-33
-32
-28
-30
-26
-24
-24
-23
-23
-23
-17
-9
-11
-12
-8
-3
0
7
19
28
32
29
22
23
29
23
11
13
15
13
4
-1
-5
-14
-27
-32
-32
-37
-41
-44
-35
-38
-43
-50
-49
-45
-56
-73
-81
-79
-78
-57
61
248
489
707
740
688
566
403
240
104
29
-13
-60
-71
-57
-45
-50
-58
-64
-69
-66
-63
-61
-66
-67
-67
-67
-63
-62
-68
-66
-65
-68
-65
-65
-61
-62
-59
-58
-58
-58
-56
-53
-53
-56
-54
-48
-43
-44
-45
-44
-38
-41
-36
-36
-34
-23
-18
-12
-10
-10
-5
3
13
19
22
31
44
53
62
70
80
90
99
109
123
132
134
140
141
142
135
133
128
117
101
86
74
63
51
36
23
13
1
-9
-20
-20
-22
-28
-34
-38
-39
-40
-42
-41
-38
-45
-49
-52
-50
-50
-52
-54
-55
-53
-54
-54
-52
-50
-50
-51
-49
-50
-50
-50
-44
-43
-47
-47
-45
-42
-41
-40
-35
-31
-30
-35
-32
-27
-26
-28
-26
-25
-27
-26
-30
-29
-25
-25
-29
-27
-26
-27
-30
-35
-33
-31
-36
-36
-30
-31
-34
-35
-32
-34
-39
-37
-37
-36
-36
-37
-39
-38
-38
-40
-39
-39
-38
-38
-41
-40
-42
-43
-41
-38
-40
-43
-43
-40
-42
-45
-44
-44
-44
-45
-45
-43
-45
-48
-50
-44
-44
-47
-49
-48
-46
-47
-46
-47
-46
-47
-49
-52
-45
-44
-48
-48
-47
-43
-43
-46
-45
-43
-44
-47
-47
-48
-47
-50
-50
-50
-46
-49
-50
-49
-54
-54
-56
-52
-53
-54
-56
-53
-53
-56
-56
-49
-44
-42
-36
-29
-26
-26
-27
-15
-1
8
11
15
19
20
18
17
18
10
7
5
4
0
-8
-15
-25
-28
-38
-44
-45
-42
-47
-52
-51
-50
-49
-52
-55
-62
-72
-86
-84
-83
-85
1
171
407
658
758
719
627
468
304
157
54
7
-43
-72
-68
-49
-50
-61
-66
-71
-71
-74
-77
-75
-76
-76
-78
-76
-73
-78
-82
-79
-76
-79
-82
-84
-80
-81
-82
-81
-76
-76
-72
-69
-66
-65
-64
-62
-60
-58
-55
-54
-49
-46
-41
-39
-35
-32
-29
-26
-22
-14
-12
-8
1
12
20
25
37
52
61
68
81
91
101
106
110
119
126
131
128
129
129
124
113
102
89
76
61
44
36
24
12
2
-2
-6
-13
-20
-24
-26
-31
-34
-38
-40
-43
-48
-47
-47
-47
-50
-50
-51
-53
-55
-56
-55
-59
-59
-58
-54
-57
-59
-58
-56
-54
-60
-58
-55
-53
-54
-57
-51
-46
-49
-49
-48
-41
-40
-42
-42
-38
-36
-37
-42
-36
-36
-40
-41
-38
-36
-37
-40
-43
-37
-42
-43
-42
-40
-41
-44
-44
-45
-45
-43
-43
-44
-47
-48
-49
-46
-48
-48
-48
-45
-41
-47
-50
-48
-50
-52
-52
-51
-48
-47
-48
-46
-41
-41
-48
-47
-42
-40
-43
-46
-43
-44
-47
-52
-46
-43
-45
-49
-50
-45
-44
-45
-49
-44
-46
-47
-43
-43
-42
-44
-43
-44
-41
-41
-40
-40
-42
-41
-43
-43
-43
-46
-47
-48
-44
-47
-49
-49
-46
-49
-49
-48
-45
-47
-52
-49
-46
-46
-49
-47
-45
-46
-49
-52
-48
-48
-51
-53
-51
-48
-48
-51
-51
-44
-40
-36
-33
-26
-27
-30
-29
-24
-9
-2
5
6
9
2
1
7
3
-6
-9
-8
-9
-12
-23
-27
-33
-44
-51
-57
-57
-61
-61
-62
-62
-64
-67
-65
-63
-71
-86
-96
-93
-90
-91
-19
146
376
628
740
706
618
456
296
148
45
-1
-45
-78
-77
-62
-63
-67
-74
-74
-79
-82
-82
-79
-81
-81
-81
-83
-80
-80
-82
-81
-79
-82
-80
-78
-79
-80
-79
-77
-79
-79
-78
-74
-71
-72
-70
-63
-59
-64
-61
-60
-57
-56
-57
-51
-47
-43
-41
-37
-30
-25
-22
-21
-9
0
7
15
26
39
43
50
57
74
84
93
100
111
115
115
118
122
121
115
103
89
77
63
49
42
27
14
2
-4
-13
-23
-27
-26
-30
-44
-50
-53
-55
-61
-64
-62
-59
-61
-67
-66
-64
-64
-66
-68
-66
-66
-70
-70
-71
-67
-67
-68
-66
-68
-70
-69
-67
-65
-65
-68
-69
-64
-62
-66
-67
-60
-55
-57
-58
-58
-55
-54
-51
-48
-48
-51
-52
-54
-49
-48
-49
-52
-50
-51
-57
-58
-51
-52
-52
-55
-58
-61
-63
-59
-56
-58
-67
-65
-59
-54
-58
-63
-60
-60
-65
-68
-66
-63
-61
-61
-62
-59
-60
-67
-65
-61
-58
-64
-67
-65
-62
-66
-65
-59
-56
-60
-61
-61
-63
-61
-60
-63
-60
-61
-65
-66
-62
-63
-61
-59
-55
-55
-63
-64
-65
-62
-67
-64
-64
-63
-65
-68
-63
-60
-63
-71
-70
-68
-67
-68
-70
-62
-62
-65
-68
-65
-64
-63
-64
-65
-61
-67
-67
-67
-65
-66
-65
-64
-68
-66
-64
-60
-55
-47
-50
-49
-47
-52
-48
-33
-20
-13
-11
-12
-10
-10
-13
-13
-21
-23
-26
-26
-30
-31
-40
-53
-62
-66
-69
-77
-79
-76
-78
-81
-83
-84
-80
-82
-91
-97
-106
-112
-113
-118
-63
83
293
544
723
705
627
472
310
148
23
-42
-98
-122
-111
-87
-75
-81
-91
-96
-97
-99
-98
-100
-99
-98
-100
-99
-98
-92
-94
-100
-97
-93
-91
-95
-93
-88
-87
-89
-91
-89
-87
-85
-85
-81
-78
-80
-79
-72
-68
-67
-68
-66
-59
-55
-56
-54
-44
-41
-38
-33
-26
-18
-15
-8
2
13
22
30
38
46
57
65
77
84
90
97
103
111
109
109
108
104
97
83
74
66
52
32
17
6
-4
-18
-23
-26
-30
-38
-45
-46
-45
-51
-55
-57
-55
-58
-60
-62
-60
-59
-62
-65
-62
-61
-63
-66
-63
-60
-59
-59
-59
-57
-57
-57
-58
-58
-54
-55
-53
-51
-50
-50
-49
-46
-48
-44
-44
-43
-41
-42
-43
-40
-37
-42
-42
-40
-37
-38
-43
-41
-36
-39
-44
-41
-42
-42
-45
-44
-41
-40
-44
-48
-43
-44
-44
-49
-47
-42
-42
-42
-45
-41
-41
-45
-49
-47
-46
-49
-47
-45
-46
-49
-48
-48
-49
-52
-52
-49
-49
-47
-48
-46
-44
-46
-47
-48
-45
-50
-49
-49
-45
-46
-50
-49
-46
-47
-52
-50
-47
-45
-50
-48
-43
-42
-45
-49
-48
-46
-46
-49
-49
-45
-44
-47
-49
-42
-45
-48
-48
-42
-43
-47
-45
-44
-43
-46
-49
-48
-47
-45
-45
-43
-45
-45
-45
-45
-43
-44
-43
-45
-40
-39
-35
-31
-24
-21
-23
-24
-20
-15
-10
0
9
14
13
9
9
14
10
0
-3
2
1
-5
-13
-16
-22
-35
-45
-44
-43
-46
-50
-49
-49
-53
-53
-54
-54
-62
-75
-85
-83
-83
-76
17
189
427
673
767
729
626
457
302
161
57
17
-23
-54
-56
-47
-48
-50
-55
-64
-66
-64
-63
-65
-67
-64
-63
-63
-66
-65
-61
-62
-65
-65
-61
-58
-61
-63
-59
-56
-57
-59
-59
-53
-53
-54
-55
-48
-48
-47
-44
-40
-38
-37
-32
-27
-24
-24
-21
-11
-9
-6
-1
9
17
22
29
39
50
56
66
79
92
98
108
116
126
131
133
139
146
144
137
134
127
116
103
87
78
65
50
33
26
17
10
0
-7
-8
-17
-21
-25
-24
-27
-34
-34
-33
-34
-37
-38
-39
-39
-40
-40
-40
-42
-42
-42
-42
-42
-43
-44
-42
-40
-44
-44
-43
-41
-41
-41
-40
-36
-36
-39
-37
-36
-36
-40
-36
-33
-34
-35
-35
-30
-29
-31
-31
-30
-28
-29
-29
-31
-26
-28
-29
-31
-27
-29
-34
-33
-31
-29
-33
-33
-32
-30
-33
-34
-36
-35
-34
-34
-35
-37
-32
-31
-34
-33
-34
-34
-32
-29
-35
-40
-37
-34
-34
-40
-39
-34
-32
-37
-37
-37
-35
-36
-37
-36
-34
-36
-40
-37
-34
-33
-36
-42
-40
-37
-41
-41
-39
-36
-38
-41
-42
-38
-40
-43
-44
-43
-45
-43
-41
-43
-43
-46
-44
-43
-44
-43
-43
-43
-46
-46
-45
-42
-42
-45
-44
-44
-47
-51
-50
-45
-42
-42
-43
-41
-38
-40
-45
-46
-43
-40
-42
-40
-38
-40
-40
-40
-36
-31
-24
-20
-16
-16
-18
-16
-9
4
12
14
17
19
13
13
15
7
2
1
-1
-4
-14
-20
-26
-33
-40
-45
-46
-45
-47
-51
-51
-55
-55
-57
-58
-60
-65
-83
-89
-82
-85
-57
65
266
523
725
726
658
522
365
202
73
8
-44
-87
-90
-66
-53
-57
-67
-76
-73
-75
-75
-77
-74
-72
-71
-72
-73
-72
-77
-76
-71
-67
-66
-69
-70
-70
-70
-69
-68
-64
-62
-61
-61
-59
-60
-57
-55
-51
-50
-54
-48
-43
-44
-46
-43
-36
-30
-27
-24
-18
-12
-10
-5
6
17
24
33
43
56
65
73
81
96
105
108
112
118
127
127
129
130
128
117
108
98
87
72
56
43
29
17
7
-3
-6
-17
-23
-27
-28
-36
-39
-42
-44
-47
-54
-54
-54
-55
-59
-59
-58
-56
-59
-62
-59
-58
-60
-64
-61
-57
-57
-58
-57
-52
-52
-57
-59
-53
-51
-51
-50
-51
-49
-51
-49
-48
-44
-44
-46
-46
-43
-43
-41
-39
-40
-40
-42
-43
-38
-41
-42
-42
-41
-44
-43
-45
-44
-44
-48
-48
-47
-47
-51
-53
-55
-50
-53
-57
-55
-49
-49
-54
-56
-52
-51
-54
-54
-53
-52
-50
-53
-52
-52
-55
-54
-54
-51
-53
-54
-57
-53
-52
-56
-56
-56
-53
-55
-56
-56
-55
-57
-56
-53
-54
-54
-51
-53
-54
-54
-53
-51
-49
-52
-52
-52
-50
-53
-54
-51
-50
-48
-51
-52
-50
-49
-56
-55
-52
-51
-55
-57
-52
-49
-52
-53
-52
-51
-53
-55
-56
-52
-50
-53
-55
-53
-51
-53
-53
-50
-47
-51
-52
-49
-49
-49
-49
-46
-42
-40
-35
-28
-26
-29
-30
-28
-13
-6
1
7
9
8
3
1
7
4
-7
-9
-5
-2
-16
-24
-27
-35
-47
-54
-55
-55
-58
-61
-61
-57
-59
-60
-62
-61
-65
-77
-92
-92
-90
-89
-8
161
394
642
754
718
629
462
302
159
54
7
-33
-66
-71
-58
-59
-61
-67
-70
-75
-78
-79
-79
-82
-81
-81
-79
-82
-81
-79
-74
-78
-80
-78
-76
-77
-81
-77
-70
-69
-71
-69
-64
-64
-63
-65
-64
-60
-59
-57
-56
-50
-46
-46
-47
-40
-38
-36
-30
-23
-19
-16
-6
2
9
14
23
35
44
55
65
77
86
94
102
109
116
121
125
127
129
123
119
112
105
93
76
65
53
37
20
13
6
-3
-15
-22
-21
-26
-33
-37
-38
-40
-46
-49
-51
-50
-52
-53
-57
-54
-53
-54
-55
-56
-56
-60
-61
-61
-61
-61
-59
-59
-62
-63
-61
-59
-60
-58
-59
-59
-53
-56
-53
-49
-46
-48
-48
-47
-43
-45
-46
-47
-40
-40
-46
-45
-43
-37
-40
-43
-43
-41
-44
-47
-43
-43
-42
-46
-47
-45
-47
-48
-52
-50
-48
-50
-52
-52
-51
-52
-52
-53
-49
-51
-54
-53
-53
-53
-54
-49
-48
-49
-50
-47
-47
-50
-52
-49
-50
-53
-52
-49
-45
-43
-48
-52
-54
-49
-50
-47
-45
-46
-49
-52
-48
-47
-46
-49
-48
-48
-52
-54
-52
-48
-49
-51
-54
-54
-49
-49
-56
-55
-54
-53
-51
-52
-54
-59
-61
-58
-52
-50
-48
-51
-49
-50
-53
-52
-49
-53
-54
-53
-52
-54
-55
-57
-57
-55
-59
-59
-57
-53
-57
-55
-52
-51
-54
-62
-59
-50
-50
-54
-50
-42
-35
-36
-40
-36
-35
-28
-19
-9
-1
-2
-4
-8
-2
2
-2
-11
-12
-13
-17
-16
-22
-30
-45
-49
-54
-56
-61
-65
-69
-74
-70
-69
-72
-76
-77
-80
-88
-101
-108
-106
-112
-55
92
305
565
728
699
611
463
306
150
28
-34
-83
-107
-100
-76
-63
-67
-80
-87
-90
-89
-90
-89
-91
-87
-86
-88
-88
-87
-84
-83
-84
-84
-80
-81
-80
-79
-76
-73
-71
-67
-67
-70
-66
-62
-61
-59
-58
-55
-56
-56
-52
-50
-44
-41
-42
-40
-32
-28
-25
-18
-12
-6
0
6
17
29
33
39
51
60
69
75
85
96
103
109
113
121
121
120
117
114
107
96
83
68
58
42
27
15
3
-8
-17
-21
-27
-32
-39
-43
-48
-52
-55
-56
-55
-59
-62
-64
-64
-66
-72
-72
-72
-71
-74
-76
-74
-68
-72
-74
-71
-67
-68
-70
-68
-65
-68
-70
-68
-63
-62
-65
-65
-59
-59
-59
-57
-57
-54
-54
-54
-55
-50
-51
-52
-52
-50
-47
-49
-49
-48
-47
-50
-53
-52
-53
-55
-53
-49
-52
-53
-54
-55
-56
-59
-57
-57
-54
-56
-56
-58
-59
-60
-63
-60
-56
-57
-60
-60
-57
-56
-62
-63
-61
-63
-66
-65
-63
-62
-62
-63
-66
-63
-64
-64
-66
-62
-62
-61
-62
-65
-64
-65
-66
-64
-62
-64
-65
-64
-66
-67
-62
-61
-61
-62
-61
-61
-58
-62
-60
-61
-57
-61
-59
-55
-52
-55
-59
-60
-57
-54
-58
-56
-55
-53
-54
-58
-55
-50
-53
-57
-54
-52
-53
-52
-54
-53
-54
-56
-57
-55
-54
-56
-55
-55
-51
-54
-54
-54
-51
-51
-48
-41
-35
-34
-35
-34
-33
-26
-18
-6
0
-3
0
0
-2
-2
-5
-11
-13
-13
-15
-20
-27
-31
-40
-50
-57
-58
-62
-68
-65
-62
-64
-67
-67
-65
-69
-74
-86
-99
-101
-99
-102
-23
142
371
627
752
720
634
468
309
165
53
4
-36
-69
-77
-66
-66
-67
-73
-80
-81
-80
-83
-87
-87
-83
-85
-88
-86
-81
-81
-85
-84
-84
-82
-83
-83
-82
-80
-80
-84
-82
-76
-74
-76
-75
-74
-71
-70
-72
-66
-64
-63
-62
-61
-55
-53
-50
-47
-41
-38
-35
-28
-19
-12
-6
2
12
21
30
41
53
64
73
83
94
102
107
112
116
118
119
117
113
107
92
81
68
56
40
26
17
11
-1
-15
-19
-24
-27
-33
-36
-36
-38
-44
-45
-44
-43
-46
-49
-52
-52
-54
-58
-57
-54
-56
-57
-58
-57
-58
-62
-61
-58
-56
-55
-56
-54
-51
-49
-52
-52
-51
-49
-47
-46
-46
-48
-45
-44
-41
-41
-39
-39
-38
-38
-40
-37
-36
-39
-42
-40
-39
-36
-37
-41
-40
-40
-41
-45
-41
-40
-40
-41
-44
-41
-42
-41
-42
-39
-40
-45
-42
-37
-37
-40
-42
-42
-41
-41
-38
-36
-38
-40
-41
-43
-43
-38
-41
-40
-38
-43
-47
-44
-40
-41
-44
-41
-38
-40
-47
-49
-46
-40
-45
-42
-39
-36
-40
-46
-44
-41
-41
-43
-42
-37
-34
-38
-43
-40
-41
-45
-45
-39
-42
-48
-48
-50
-47
-43
-41
-46
-45
-45
-42
-42
-41
-44
-49
-50
-47
-44
-45
-45
-45
-46
-47
-46
-41
-40
-42
-49
-45
-45
-50
-49
-48
-46
-50
-47
-42
-37
-35
-36
-34
-31
-29
-31
-21
-6
4
9
5
5
7
5
5
2
-2
-5
-9
-13
-16
-23
-31
-37
-39
-50
-56
-61
-62
-59
-60
-56
-54
-57
-63
-64
-70
-78
-90
-93
-93
-91
0
176
414
662
737
681
572
418
252
105
11
-44
-94
-108
-87
-61
-64
-77
-86
-84
-83
-85
-88
-86
-84
-87
-88
-84
-79
-79
-84
-86
-79
-79
-75
-74
-71
-74
-79
-77
-73
-67
-67
-69
-71
-64
-61
-61
-62
-60
-58
-56
-52
-50
-52
-51
-46
-37
-33
-28
-30
-23
-18
-12
-3
4
14
19
32
46
52
56
65
78
92
104
109
115
122
124
124
124
124
119
106
92
85
73
57
42
30
16
1
-9
-19
-25
-31
-36
-40
-40
-47
-50
-52
-55
-55
-57
-59
-63
-66
-69
-70
-66
-68
-69
-71
-68
-67
-68
-63
-62
-62
-68
-66
-65
-64
-66
-62
-56
-54
-58
-60
-59
-55
-56
-55
-53
-50
-45
-47
-49
-46
-43
-45
-47
-46
-43
-42
-42
-44
-39
-42
-41
-43
-41
-40
-41
-45
-48
-48
-52
-49
-44
-42
-48
-49
-49
-50
-52
-53
-51
-53
-57
-56
-55
-50
-54
-54
-52
-47
-48
-51
-54
-52
-52
-56
-55
-51
-49
-50
-48
-44
-42
-44
-48
-45
-38
-39
-42
-39
-34
-35
-38
-38
-35
-36
-40
-40
-38
-37
-39
-42
-44
-40
-42
-42
-41
-41
-42
-43
-40
-43
-44
-45
-45
-42
-44
-45
-44
-43
-46
-50
-49
-46
-47
-50
-48
-45
-46
-50
-47
-47
-47
-49
-49
-45
-38
-35
-34
-27
-25
-26
-31
-31
-16
-6
-1
1
5
4
1
3
4
-4
-9
-7
-9
-8
-16
-21
-28
-40
-48
-50
-51
-50
-52
-53
-54
-54
-54
-56
-57
-58
-74
-90
-90
-87
-86
-22
139
368
631
774
749
671
510
349
193
78
22
-23
-64
-70
-50
-52
-58
-67
-67
-67
-71
-73
-72
-72
-72
-72
-71
-68
-68
-66
-66
-63
-63
-63
-64
-65
-62
-59
-59
-57
-58
-60
-59
-57
-57
-56
-56
-53
-50
-50
-46
-43
-39
-40
-37
-34
-30
-30
-26
-20
-13
-9
-8
1
13
20
26
33
44
57
66
74
89
102
110
115
123
131
134
139
136
140
134
124
112
103
89
73
59
45
34
24
12
1
-4
-10
-17
-21
-27
-29
-31
-33
-34
-34
-37
-37
-39
-43
-42
-43
-40
-47
-48
-48
-44
-45
-51
-47
-47
-47
-50
-51
-50
-48
-47
-50
-44
-41
-44
-45
-44
-37
-37
-41
-40
-32
-31
-32
-32
-28
-29
-30
-30
-28
-25
-26
-26
-27
-26
-26
-26
-26
-27
-26
-29
-31
-30
-27
-32
-34
-32
-36
-36
-37
-32
-34
-36
-36
-34
-30
-33
-34
-31
-28
-33
-36
-33
-33
-35
-37
-35
-33
-32
-34
-34
-29
-29
-31
-33
-30
-29
-32
-33
-30
-30
-32
-33
-34
-33
-34
-34
-31
-30
-32
-30
-31
-33
-31
-31
-31
-29
-30
-33
-32
-32
-34
-33
-34
-32
-30
-31
-33
-31
-27
-33
-34
-32
-31
-34
-36
-36
-31
-35
-35
-34
-31
-31
-34
-35
-32
-31
-33
-35
-32
-29
-31
-32
-31
-29
-27
-26
-20
-11
-7
-10
-10
-10
-8
0
10
20
23
24
26
24
25
25
20
14
15
13
10
3
-2
-12
-20
-27
-28
-35
-37
-36
-34
-36
-39
-38
-38
-39
-50
-55
-66
-77
-76
-78
-54
70
266
515
737
773
716
582
419
268
135
52
14
-24
-53
-47
-41
-41
-47
-56
-60
-62
-60
-63
-62
-59
-59
-60
-62
-61
-62
-60
-59
-61
-57
-59
-57
-58
-54
-55
-54
-54
-51
-51
-52
-50
-45
-42
-45
-42
-37
-33
-35
-34
-32
-24
-22
-22
-19
-13
-11
-9
-8
4
10
15
20
35
43
49
60
71
84
92
102
114
127
130
136
143
148
151
150
148
141
132
121
109
95
78
65
52
42
29
20
12
9
5
-4
-7
-10
-12
-19
-21
-18
-20
-23
-27
-25
-25
-28
-33
-35
-34
-34
-36
-38
-33
-32
-35
-39
-37
-37
-36
-36
-38
-36
-37
-37
-40
-34
-37
-36
-34
-33
-31
-34
-32
-31
-28
-28
-25
-23
-26
-27
-24
-19
-19
-23
-23
-22
-21
-27
-27
-24
-19
-23
-24
-24
-23
-21
-20
-22
-22
-25
-29
-26
-20
-22
-25
-30
-29
-29
-27
-30
-29
-24
-22
-22
-25
-22
-23
-25
-26
-22
-25
-29
-25
-23
-21
-24
-27
-26
-26
-30
-28
-28
-28
-28
-30
-30
-32
-31
-26
-22
-25
-30
-28
-27
-27
-35
-38
-34
-30
-33
-38
-32
-26
-27
-35
-35
-34
-34
-32
-27
-28
-30
-30
-34
-41
-38
-31
-30
-32
-32
-36
-37
-41
-38
-36
-37
-36
-35
-28
-25
-30
-35
-36
-35
-33
-30
-32
-25
-19
-15
-15
-14
-12
-10
-1
5
13
17
20
22
17
18
23
16
5
8
13
7
-2
-8
-11
-19
-25
-31
-34
-34
-39
-41
-44
-42
-39
-41
-47
-47
-52
-65
-79
-72
-69
-73
11
180
412
663
760
713
617
459
294
148
48
-12
-71
-88
-69
-49
-46
-51
-55
-60
-64
-69
-63
-61
-64
-64
-64
-62
-68
-72
-66
-62
-64
-65
-60
-57
-60
-66
-65
-61
-60
-61
-61
-57
-56
-57
-55
-51
-50
-49
-46
-42
-36
-31
-31
-35
-28
-28
-25
-19
-12
-6
-4
2
11
16
22
33
45
54
62
75
88
96
104
116
124
133
136
136
138
141
135
130
123
116
100
81
68
57
44
29
21
13
1
-12
-19
-21
-26
-32
-39
-40
-41
-43
-46
-47
-47
-51
-52
-53
-51
-52
-55
-54
-55
-54
-53
-55
-53
-51
-51
-51
-49
-51
-51
-49
-49
-48
-46
-45
-44
-39
-40
-40
-39
-33
-35
-33
-35
-34
-34
-38
-37
-32
-30
-34
-32
-31
-29
-34
-39
-34
-32
-36
-39
-35
-35
-36
-37
-42
-37
-37
-40
-39
-38
-36
-39
-40
-39
-37
-40
-45
-44
-42
-42
-41
-41
-44
-42
-39
-41
-40
-40
-41
-42
-41
-43
-43
-44
-42
-45
-46
-45
-42
-41
-43
-44
-43
-37
-41
-43
-40
-37
-37
-42
-41
-39
-39
-44
-44
-39
-41
-42
-45
-41
-39
-41
-44
-41
-40
-40
-43
-44
-42
-45
-48
-44
-42
-45
-45
-44
-43
-43
-43
-44
-42
-42
-43
-42
-42
-45
-44
-43
-40
-42
-42
-39
-38
-37
-41
-39
-36
-31
-30
-27
-20
-16
-17
-22
-16
-5
3
9
17
19
20
16
14
23
19
7
4
9
11
1
-10
-18
-24
-33
-40
-45
-43
-44
-46
-47
-45
-45
-49
-49
-51
-57
-74
-88
-86
-88
-82
12
195
435
687
784
746
650
482
324
176
74
25
-23
-56
-55
-42
-47
-51
-56
-61
-66
-68
-64
-65
-66
-70
-70
-67
-70
-72
-71
-67
-66
-66
-69
-65
-64
-65
-67
-63
-62
-66
-64
-62
-57
-58
-57
-54
-52
-50
-49
-45
-46
-43
-39
-34
-29
-26
-25
-18
-11
-8
-4
2
11
20
26
36
46
56
63
73
87
99
104
112
125
132
136
138
144
147
143
136
127
119
107
90
74
62
48
35
20
12
5
-3
-12
-13
-16
-26
-31
-33
-33
-37
-40
-41
-40
-42
-44
-43
-46
-49
-49
-49
-47
-50
-49
-50
-50
-51
-54
-53
-52
-52
-56
-56
-55
-49
-49
-51
-50
-45
-44
-44
-42
-41
-40
-43
-45
-42
-38
-39
-41
-36
-36
-36
-37
-35
-33
-32
-33
-37
-32
-31
-33
-33
-34
-33
-34
-35
-38
-38
-38
-37
-34
-41
-39
-39
-36
-38
-40
-42
-40
-40
-44
-40
-39
-38
-43
-43
-43
-41
-41
-44
-41
-38
-38
-41
-40
-35
-36
-40
-42
-35
-32
-36
-40
-41
-41
-43
-41
-42
-36
-35
-40
-44
-42
-43
-43
-44
-41
-38
-42
-44
-42
-41
-41
-41
-42
-40
-40
-37
-37
-40
-43
-44
-39
-34
-41
-42
-41
-36
-39
-41
-41
-39
-41
-43
-43
-38
-35
-41
-41
-41
-40
-42
-46
-41
-38
-42
-49
-45
-41
-39
-40
-41
-40
-40
-38
-38
-35
-29
-25
-18
-15
-13
-16
-18
-15
-2
6
9
13
16
12
7
13
9
7
10
4
0
-12
-15
-19
-24
-35
-42
-48
-54
-59
-60
-56
-57
-56
-57
-56
-49
-53
-73
-88
-87
-90
-87
-2
174
415
669
757
708
618
459
292
139
40
-17
-73
-88
-72
-47
-45
-57
-67
-69
-76
-76
-76
-77
-75
-76
-80
-79
-77
-76
-70
-67
-76
-84
-75
-63
-67
-69
-69
-72
-70
-68
-66
-65
-67
-73
-69
-62
-53
-52
-60
-60
-41
-42
-54
-53
-41
-44
-42
-28
-21
-20
-18
-8
-4
8
19
30
40
50
57
61
67
80
90
102
114
117
124
131
132
130
133
135
125
106
96
76
51
41
33
20
5
-9
-14
-22
-30
-38
-39
-40
-50
-50
-50
-50
-55
-52
-62
-76
-76
-71
-61
-61
-69
-84
-73
-68
-76
-77
-78
-82
-83
-81
-80
-62
-52
-60
-71
-88
-81
-62
-57
-68
-64
-57
-54
-51
-59
-66
-58
-46
-42
-50
-52
-52
-48
-51
-50
-50
-46
-55
-55
-62
-57
-56
-47
-34
-41
-60
-66
-62
-59
-58
-52
-50
-56
-49
-47
-56
-62
-62
-64
-65
-63
-51
-50
-66
-73
-61
-48
-50
-69
-53
-49
-53
-60
-65
-69
-82
-88
-77
-60
-54
-55
-55
-47
-50
-66
-62
-58
-59
-58
-63
-63
-69
-81
-71
-45
-48
-65
-66
-71
-61
-56
-56
-64
-57
-57
-65
-80
-86
-68
-61
-63
-57
-62
-66
-72
-75
-67
-59
-70
-68
-66
-69
-66
-58
-59
-56
-66
-71
-69
-65
-46
-43
-61
-55
-52
-53
-44
-22
-18
-15
-21
-27
-19
-19
-20
-14
-30
-34
-15
-8
-27
-31
-50
-50
-63
-62
-66
-57
-74
-82
-82
-76
-68
-60
-67
-92
-90
-112
-131
-146
-144
-132
-52
127
380
675
828
802
726
559
369
186
53
-39
-98
-125
-96
-63
-61
-74
-82
-101
-108
-98
-98
-116
-102
-83
-82
-104
-113
-105
-93
-93
-82
-96
-99
-113
-106
-90
-95
-92
-86
-78
-78
-92
-97
-99
-88
-75
-79
-79
-95
-68
-40
-74
-92
-62
-37
-57
-74
-65
-47
-26
-24
-31
-28
-30
-24
6
47
46
51
42
58
89
84
72
95
136
144
137
137
134
133
112
125
103
86
83
54
45
27
12
-7
-19
-13
-18
-35
-47
-32
-64
-74
-69
-73
-63
-74
-65
-75
-80
-76
-74
-65
-88
-102
-105
-81
-97
-95
-105
-101
-88
-106
-96
-67
-79
-107
-108
-100
-88
-93
-81
-86
-91
-80
-72
-72
-67
-60
-68
-66
-55
-65
-56
-57
-60
-55
-49
-55
-60
-60
-55
-50
-59
-58
-64
-64
-54
-56
-65
-71
-68
-60
-65
-73
-74
-70
-74
-77
-79
-72
-68
-71
-80
-79
-84
-86
-82
-82
-79
-80
-85
-86
-82
-77
-81
-85
-81
-77
-82
-86
-83
-80
-81
-79
-77
-79
-83
-82
-78
-77
-76
-79
-79
-74
-76
-79
-84
-85
-76
-76
-79
-82
-83
-85
-83
-78
-75
-82
-86
-82
-82
-81
-78
-75
-75
-80
-79
-78
-71
-74
-80
-79
-71
-61
-53
-56
-57
-56
-57
-52
-39
-31
-28
-26
-24
-27
-25
-20
-26
-33
-32
-31
-34
-40
-47
-54
-65
-69
-79
-80
-81
-79
-83
-88
-87
-84
-83
-86
-85
-84
-91
-109
-131
-128
-121
-109
-14
173
432
698
806
768
675
504
331
163
38
-33
-89
-110
-93
-75
-75
-82
-89
-90
-91
-92
-90
-92
-94
-98
-94
-95
-94
-96
-95
-90
-91
-91
-92
-87
-89
-92
-91
-88
-86
-89
-87
-83
-84
-87
-84
-81
-77
-78
-78
-70
-62
-61
-61
-56
-51
-46
-44
-45
-35
-30
-27
-20
-9
1
8
19
26
39
50
60
70
85
94
103
112
119
128
133
136
136
131
127
116
107
91
77
64
50
34
20
7
-1
-5
-18
-24
-30
-32
-37
-43
-44
-45
-47
-52
-55
-54
-52
-58
-61
-60
-59
-60
-66
-62
-61
-64
-66
-64
-60
-62
-63
-66
-60
-59
-58
-62
-57
-59
-58
-57
-58
-56
-58
-56
-55
-51
-50
-48
-48
-47
-47
-49
-48
-43
-43
-44
-42
-39
-43
-41
-42
-42
-43
-43
-45
-44
-46
-45
-44
-43
-39
-44
-44
-44
-40
-40
-44
-42
-38
-40
-43
-42
-39
-40
-43
-47
-42
-43
-44
-44
-42
-39
-39
-38
-40
-39
-43
-45
-47
-44
-45
-44
-45
-42
-45
-46
-46
-46
-48
-50
-50
-46
-49
-46
-46
-44
-45
-48
-50
-45
-43
-47
-44
-43
-41
-45
-44
-42
-38
-39
-42
-41
-39
-38
-45
-47
-40
-39
-42
-46
-38
-39
-40
-39
-37
-35
-37
-37
-35
-32
-34
-36
-38
-35
-34
-29
-26
-20
-19
-23
-22
-20
-14
-2
9
12
14
12
9
8
12
9
-2
-2
2
-2
-8
-17
-18
-29
-40
-49
-52
-53
-55
-57
-56
-54
-58
-63
-59
-59
-66
-82
-101
-100
-102
-98
-24
148
379
646
795
779
707
540
378
224
101
36
-13
-55
-66
-56
-57
-61
-67
-74
-80
-80
-80
-81
-83
-81
-81
-81
-82
-82
-80
-84
-83
-82
-79
-82
-86
-84
-81
-77
-81
-80
-76
-75
-75
-77
-71
-67
-68
-70
-65
-62
-61
-60
-59
-52
-50
-48
-46
-39
-32
-28
-23
-18
-9
-2
4
11
23
33
42
54
65
75
83
95
103
112
117
123
129
127
127
123
117
108
93
80
68
52
36
26
14
4
-8
-15
-23
-28
-33
-39
-41
-42
-44
-50
-50
-49
-49
-52
-56
-52
-53
-59
-64
-58
-55
-61
-64
-64
-62
-64
-66
-68
-64
-65
-66
-66
-66
-64
-65
-66
-64
-60
-62
-61
-55
-55
-55
-56
-51
-55
-55
-54
-51
-47
-51
-49
-47
-48
-49
-50
-44
-45
-44
-47
-46
-44
-47
-50
-48
-46
-44
-46
-49
-47
-47
-46
-49
-46
-44
-44
-47
-50
-47
-45
-48
-48
-47
-47
-48
-51
-50
-48
-50
-50
-49
-44
-48
-47
-45
-45
-44
-46
-44
-43
-46
-46
-44
-43
-47
-48
-46
-44
-50
-52
-53
-49
-52
-55
-51
-51
-51
-54
-53
-52
-52
-53
-54
-53
-50
-50
-52
-50
-46
-46
-48
-50
-46
-49
-50
-52
-51
-53
-54
-54
-54
-52
-54
-55
-57
-56
-57
-55
-54
-54
-53
-55
-54
-49
-46
-45
-39
-29
-27
-29
-28
-24
-19
-15
-7
3
4
1
-1
1
4
0
-9
-11
-9
-9
-17
-22
-27
-34
-45
-51
-54
-57
-59
-62
-59
-61
-64
-66
-64
-62
-67
-83
-99
-99
-99
-88
8
189
431
681
777
740
644
474
312
165
59
9
-34
-63
-66
-56
-56
-59
-63
-71
-75
-73
-72
-77
-77
-77
-75
-77
-80
-75
-74
-76
-76
-72
-72
-71
-73
-75
-74
-70
-72
-75
-70
-66
-70
-68
-63
-57
-57
-57
-55
-51
-49
-47
-42
-38
-35
-33
-28
-26
-21
-17
-13
-7
1
6
14
24
34
46
54
64
77
83
93
106
115
120
124
128
133
133
127
122
119
109
93
82
70
56
41
28
18
9
1
-10
-13
-18
-22
-28
-33
-30
-34
-38
-42
-40
-43
-44
-45
-48
-50
-49
-48
-49
-52
-52
-51
-49
-52
-50
-51
-49
-51
-50
-54
-51
-49
-50
-50
-49
-47
-48
-49
-48
-45
-45
-47
-46
-44
-42
-47
-44
-38
-35
-35
-40
-37
-34
-36
-41
-39
-35
-36
-36
-39
-38
-37
-38
-39
-37
-35
-38
-39
-37
-36
-38
-40
-42
-41
-44
-43
-42
-41
-40
-42
-40
-41
-41
-42
-41
-39
-41
-40
-43
-40
-43
-42
-44
-42
-41
-45
-46
-44
-44
-47
-46
-44
-42
-43
-46
-43
-43
-41
-45
-46
-43
-42
-43
-47
-44
-41
-44
-46
-44
-42
-44
-43
-44
-41
-43
-46
-45
-44
-45
-47
-44
-45
-47
-47
-48
-49
-46
-45
-44
-44
-43
-41
-43
-45
-46
-44
-46
-45
-39
-41
-41
-40
-41
-44
-44
-39
-37
-38
-40
-36
-30
-24
-21
-21
-21
-19
-17
-11
1
9
11
9
10
13
12
12
8
6
6
4
1
-5
-13
-18
-29
-36
-40
-43
-43
-46
-50
-50
-53
-51
-52
-52
-53
-61
-76
-85
-83
-84
-54
71
271
519
723
739
679
545
392
234
97
23
-18
-58
-76
-60
-48
-50
-57
-68
-68
-68
-70
-72
-74
-73
-73
-75
-74
-71
-72
-74
-75
-71
-73
-73
-71
-70
-68
-70
-70
-69
-68
-68
-68
-66
-66
-64
-62
-59
-57
-56
-54
-49
-45
-44
-43
-44
-39
-34
-33
-26
-19
-12
-12
-1
8
15
20
29
40
51
60
65
78
88
95
100
105
111
117
116
114
114
108
100
89
79
69
54
39
26
18
8
1
-4
-11
-18
-25
-28
-35
-36
-38
-39
-43
-46
-47
-49
-52
-55
-55
-57
-53
-49
-54
-57
-57
-54
-58
-57
-53
-53
-55
-59
-56
-52
-52
-53
-49
-49
-51
-51
-55
-50
-48
-47
-49
-45
-46
-46
-44
-41
-37
-37
-41
-43
-41
-42
-43
-39
-35
-35
-37
-39
-37
-36
-38
-39
-39
-43
-44
-43
-40
-42
-44
-45
-44
-47
-51
-49
-45
-41
-46
-51
-48
-47
-50
-52
-49
-48
-48
-52
-52
-48
-51
-52
-54
-51
-52
-53
-54
-52
-51
-52
-53
-54
-49
-51
-51
-51
-46
-46
-48
-45
-47
-45
-45
-46
-47
-46
-47
-46
-45
-49
-48
-49
-49
-48
-49
-49
-47
-46
-52
-50
-48
-47
-50
-53
-52
-49
-50
-53
-53
-50
-53
-56
-54
-49
-50
-48
-51
-48
-49
-52
-55
-52
-52
-54
-54
-54
-50
-48
-44
-43
-35
-32
-31
-32
-30
-30
-23
-12
-2
4
2
2
3
1
4
-6
-11
-14
-14
-15
-22
-25
-36
-45
-57
-58
-64
-66
-67
-65
-66
-71
-71
-68
-68
-76
-83
-96
-101
-104
-108
-82
42
232
476
699
734
681
550
386
227
89
4
-44
-84
-92
-77
-67
-68
-69
-77
-80
-81
-81
-85
-85
-84
-85
-87
-89
-88
-86
-86
-88
-86
-83
-86
-83
-83
-77
-79
-79
-75
-74
-72
-77
-74
-69
-68
-70
-65
-58
-52
-53
-56
-50
-45
-42
-44
-39
-32
-27
-24
-22
-15
-12
-8
-4
6
14
25
34
42
54
65
74
85
94
97
100
102
106
112
112
111
111
103
92
81
72
55
41
31
23
12
2
-5
-11
-17
-24
-29
-32
-32
-36
-41
-41
-41
-45
-50
-52
-51
-53
-56
-56
-53
-54
-60
-64
-60
-55
-54
-54
-56
-57
-59
-59
-58
-52
-51
-49
-48
-49
-50
-52
-53
-52
-46
-42
-40
-38
-47
-50
-46
-39
-40
-40
-37
-39
-39
-46
-46
-43
-42
-47
-50
-48
-47
-48
-49
-50
-47
-47
-49
-51
-51
-49
-51
-58
-57
-53
-55
-57
-51
-51
-51
-55
-56
-54
-59
-58
-59
-54
-54
-54
-55
-55
-53
-52
-54
-54
-52
-51
-52
-52
-53
-52
-54
-54
-55
-55
-56
-57
-55
-55
-54
-55
-53
-56
-53
-52
-51
-50
-54
-56
-53
-52
-50
-51
-48
-47
-48
-50
-49
-47
-48
-53
-52
-51
-54
-57
-56
-52
-51
-49
-55
-56
-55
-53
-55
-56
-53
-53
-54
-52
-50
-49
-52
-51
-51
-46
-45
-40
-34
-31
-32
-31
-30
-27
-16
-6
1
1
4
3
2
6
-2
-10
-10
-9
-12
-16
-24
-30
-39
-50
-54
-58
-58
-62
-61
-60
-63
-66
-69
-66
-68
-74
-89
-100
-99
-99
-78
39
230
471
698
746
692
565
404
241
97
12
-43
-90
-98
-77
-65
-66
-73
-79
-80
-81
-80
-80
-80
-84
-81
-78
-85
-83
-80
-81
-80
-76
-70
-81
-81
-80
-77
-77
-74
-72
-73
-70
-71
-69
-75
-68
-66
-64
-66
-57
-54
-54
-50
-48
-45
-40
-35
-33
-29
-23
-18
-11
-8
3
10
17
26
36
45
54
65
73
81
88
99
105
112
116
118
124
126
121
115
111
99
87
73
62
57
37
23
16
8
-1
-8
-16
-19
-23
-30
-29
-31
-37
-40
-42
-43
-42
-42
-45
-44
-47
-49
-50
-48
-47
-42
-48
-48
-43
-40
-42
-43
-44
-43
-42
-42
-45
-40
-40
-39
-35
-38
-39
-38
-33
-37
-33
-31
-28
-29
-30
-29
-28
-26
-29
-27
-25
-25
-27
-26
-23
-26
-25
-30
-28
-25
-29
-34
-34
-30
-33
-37
-37
-30
-30
-32
-36
-32
-31
-34
-35
-34
-31
-33
-34
-34
-36
-33
-34
-38
-37
-35
-31
-30
-29
-28
-32
-31
-25
-29
-26
-29
-27
-30
-31
-29
-30
-29
-30
-29
-29
-27
-26
-24
-26
-26
-25
-28
-24
-22
-23
-30
-30
-20
-18
-23
-27
-23
-22
-21
-26
-26
-26
-25
-24
-22
-20
-22
-22
-26
-22
-19
-20
-23
-25
-28
-25
-25
-24
-25
-23
-22
-19
-26
-23
-26
-20
-16
-17
-22
-19
-18
-25
-18
-6
-5
0
2
2
11
15
14
24
27
36
38
31
32
39
40
30
30
28
30
27
17
11
5
1
-12
-17
-20
-24
-26
-31
-33
-30
-32
-30
-32
-38
-38
-48
-69
-72
-72
-65
12
180
407
666
802
767
685
525
373
227
111
63
28
-16
-31
-26
-31
-33
-46
-49
-49
-50
-55
-54
-55
-54
-55
-61
-55
-55
-52
-53
-57
-55
-57
-53
-56
-57
-60
-54
-52
-56
-54
-56
-57
-59
-52
-49
-47
-44
-44
-40
-38
-36
-36
-31
-28
-28
-23
-15
-6
-4
1
4
13
16
26
33
37
47
65
68
79
88
99
109
117
121
127
126
136
137
137
136
125
116
108
97
86
69
57
49
33
25
21
9
5
0
-6
-10
-15
-23
-22
-23
-28
-29
-32
-39
-36
-35
-35
-32
-35
-37
-39
-44
-42
-44
-46
-45
-50
-55
-53
-40
-44
-48
-48
-39
-42
-43
-44
-44
-42
-42
-40
-42
-38
-34
-32
-33
-36
-33
-29
-29
-34
-35
-33
-29
-28
-32
-30
-28
-32
-30
-32
-29
-29
-31
-40
-35
-28
-34
-38
-36
-33
-35
-31
-35
-38
-39
-40
-42
-43
-44
-48
-45
-46
-41
-40
-41
-44
-39
-47
-45
-43
-46
-45
-45
-44
-48
-43
-38
-43
-44
-44
-41
-43
-46
-48
-45
-45
-44
-45
-45
-44
-50
-49
-49
-49
-49
-47
-48
-47
-43
-49
-51
-48
-54
-52
-49
-47
-53
-51
-47
-46
-48
-49
-48
-48
-47
-49
-47
-46
-44
-47
-51
-52
-49
-43
-52
-52
-50
-48
-50
-48
-43
-41
-39
-38
-27
-25
-27
-30
-32
-22
-5
1
1
6
13
8
4
5
2
-9
-8
-5
-10
-15
-22
-31
-41
-51
-56
-60
-60
-56
-57
-63
-62
-60
-64
-66
-64
-71
-86
-95
-90
-95
-87
12
195
431
660
731
684
560
406
256
115
29
-21
-75
-89
-74
-59
-59
-69
-69
-74
-77
-79
-77
-78
-80
-81
-81
-76
-80
-79
-80
-76
-77
-77
-80
-79
-78
-78
-75
-76
-71
-76
-71
-67
-69
-67
-67
-63
-62
-60
-58
-55
-52
-48
-45
-46
-38
-36
-33
-29
-22
-21
-17
-9
1
7
15
19
30
39
49
56
70
74
81
87
99
104
108
109
109
113
109
102
94
90
81
65
53
39
27
18
15
-1
-6
-12
-21
-25
-27
-32
-35
-36
-42
-44
-45
-46
-48
-52
-51
-51
-49
-55
-52
-51
-50
-55
-57
-50
-47
-50
-53
-52
-50
-46
-47
-49
-46
-41
-39
-44
-40
-39
-37
-32
-36
-35
-34
-38
-42
-36
-33
-32
-35
-37
-35
-35
-35
-38
-35
-35
-40
-39
-36
-39
-42
-41
-40
-38
-40
-38
-40
-43
-44
-44
-37
-46
-43
-45
-43
-42
-47
-45
-45
-40
-43
-45
-42
-38
-43
-49
-43
-40
-37
-43
-45
-40
-38
-37
-44
-43
-45
-45
-49
-43
-45
-46
-44
-44
-44
-49
-47
-46
-44
-47
-51
-47
-50
-49
-51
-47
-46
-52
-55
-50
-47
-48
-46
-47
-48
-48
-49
-50
-43
-44
-47
-43
-44
-42
-45
-46
-42
-42
-44
-46
-42
-39
-40
-46
-43
-44
-43
-45
-47
-47
-47
-44
-44
-41
-39
-32
-31
-27
-23
-24
-21
-19
-8
-3
0
6
11
10
6
11
16
7
4
4
1
-5
-14
-18
-19
-26
-38
-45
-46
-46
-53
-55
-59
-52
-52
-56
-55
-59
-68
-88
-85
-85
-88
-44
102
317
573
747
726
657
503
347
199
80
26
-14
-47
-69
-53
-53
-53
-61
-67
-64
-66
-67
-70
-74
-77
-68
-70
-74
-72
-70
-69
-71
-69
-67
-66
-65
-68
-68
-69
-64
-65
-67
-66
-61
-61
-66
-67
-56
-51
-53
-53
-47
-47
-48
-43
-33
-36
-33
-30
-25
-23
-21
-16
-7
4
8
20
19
35
46
54
62
73
82
87
96
101
106
111
114
117
114
108
105
98
87
75
62
46
41
28
15
9
-1
-9
-13
-25
-30
-31
-39
-41
-42
-39
-43
-44
-47
-48
-49
-54
-54
-54
-56
-59
-57
-53
-54
-56
-58
-52
-49
-49
-51
-48
-47
-46
-47
-50
-48
-51
-51
-46
-38
-43
-42
-40
-39
-36
-37
-37
-38
-38
-36
-30
-31
-32
-30
-32
-33
-35
-36
-37
-36
-40
-44
-39
-36
-35
-39
-41
-36
-35
-43
-48
-47
-36
-31
-37
-35
-35
-41
-45
-47
-42
-44
-47
-41
-38
-43
-45
-46
-46
-47
-44
-45
-44
-40
-45
-47
-45
-46
-48
-49
-48
-44
-44
-47
-49
-41
-40
-43
-46
-49
-49
-45
-46
-47
-42
-44
-41
-39
-43
-50
-49
-50
-47
-46
-56
-49
-40
-44
-50
-50
-41
-42
-50
-53
-45
-43
-47
-52
-53
-49
-49
-51
-57
-53
-52
-54
-57
-50
-55
-62
-60
-52
-48
-40
-37
-35
-38
-38
-38
-30
-21
-9
-3
3
0
-9
-5
0
-8
-21
-24
-22
-18
-22
-35
-41
-45
-54
-64
-59
-62
-62
-63
-63
-62
-63
-69
-73
-70
-73
-89
-92
-91
-93
-73
40
222
463
669
679
605
478
336
184
52
-19
-74
-112
-104
-82
-62
-63
-76
-84
-86
-83
-82
-82
-81
-81
-82
-84
-88
-89
-87
-85
-82
-82
-82
-84
-84
-80
-83
-84
-80
-77
-82
-79
-75
-72
-75
-77
-70
-63
-63
-67
-67
-61
-52
-54
-53
-50
-46
-42
-41
-33
-28
-23
-16
-13
-5
0
5
15
24
30
38
47
53
62
65
72
82
88
84
86
85
79
79
78
70
57
39
34
22
11
0
-7
-16
-21
-32
-42
-47
-45
-44
-56
-58
-57
-53
-56
-59
-56
-59
-61
-63
-60
-61
-61
-59
-63
-58
-54
-57
-58
-52
-51
-53
-53
-45
-44
-46
-46
-44
-42
-48
-46
-43
-49
-53
-50
-44
-44
-47
-43
-42
-47
-45
-45
-47
-46
-47
-51
-53
-50
-50
-57
-57
-52
-51
-59
-57
-55
-52
-57
-56
-53
-57
-61
-64
-59
-57
-60
-59
-62
-60
-60
-59
-60
-61
-65
-67
-65
-64
-60
-66
-66
-68
-64
-66
-67
-66
-63
-68
-65
-63
-65
-67
-67
-65
-67
-69
-66
-64
-62
-64
-62
-62
-59
-62
-65
-66
-63
-59
-64
-59
-58
-55
-59
-58
-57
-57
-57
-62
-57
-53
-54
-54
-54
-55
-59
-56
-57
-54
-54
-52
-52
-53
-52
-51
-48
-49
-50
-53
-52
-51
-53
-49
-50
-47
-44
-38
-32
-28
-28
-30
-29
-21
-9
-7
-4
0
1
-3
-8
-1
-2
-11
-13
-9
-6
-11
-19
-29
-35
-43
-50
-58
-57
-56
-57
-61
-62
-60
-61
-61
-65
-74
-93
-100
-100
-99
-41
109
323
581
760
747
672
521
369
226
105
46
0
-41
-55
-47
-48
-52
-59
-64
-63
-70
-73
-75
-74
-71
-69
-63
-67
-66
-67
-66
-63
-63
-65
-68
-64
-59
-58
-64
-61
-57
-56
-58
-57
-51
-48
-49
-46
-43
-38
-42
-41
-37
-30
-30
-23
-20
-15
-13
-11
-6
0
7
10
14
22
32
36
49
60
65
74
84
98
102
104
110
117
123
123
126
127
127
116
107
99
91
75
61
48
37
24
12
5
-2
-10
-18
-27
-25
-28
-36
-39
-37
-36
-39
-42
-43
-40
-45
-46
-47
-44
-45
-48
-47
-46
-44
-48
-47
-41
-38
-44
-41
-36
-37
-41
-42
-39
-32
-39
-40
-38
-33
-36
-36
-31
-29
-29
-32
-32
-29
-27
-32
-32
-30
-26
-32
-35
-30
-26
-30
-35
-32
-27
-27
-33
-35
-31
-29
-36
-37
-32
-31
-34
-36
-35
-34
-37
-38
-37
-37
-37
-39
-40
-38
-37
-39
-40
-39
-37
-40
-40
-35
-38
-37
-37
-34
-37
-38
-38
-36
-39
-41
-37
-38
-37
-43
-41
-40
-39
-39
-43
-42
-40
-40
-44
-39
-34
-34
-37
-40
-37
-35
-37
-42
-39
-35
-37
-36
-37
-34
-35
-37
-39
-36
-37
-38
-39
-40
-37
-41
-41
-38
-35
-39
-38
-36
-37
-40
-40
-33
-34
-35
-33
-28
-21
-20
-14
-17
-15
-17
-15
-4
6
10
9
10
12
10
9
10
4
7
4
0
-1
-7
-16
-27
-32
-37
-45
-49
-51
-48
-49
-50
-53
-50
-52
-56
-63
-78
-85
-85
-84
-54
74
267
505
717
743
677
536
386
240
114
37
-3
-40
-59
-49
-47
-48
-57
-63
-64
-64
-66
-70
-69
-70
-67
-72
-72
-71
-70
-73
-79
-74
-69
-69
-72
-68
-64
-64
-64
-67
-62
-59
-61
-60
-54
-53
-54
-53
-53
-48
-47
-47
-42
-38
-36
-32
-28
-24
-22
-20
-13
-4
1
4
13
23
29
33
42
53
60
69
77
86
92
91
95
102
107
105
107
107
106
97
82
78
69
55
37
27
20
11
0
-7
-11
-17
-27
-32
-32
-32
-37
-39
-38
-42
-43
-43
-44
-44
-46
-47
-47
-47
-44
-43
-45
-43
-43
-46
-46
-43
-44
-45
-44
-40
-42
-43
-39
-37
-37
-40
-40
-37
-33
-36
-38
-35
-33
-35
-38
-37
-32
-32
-36
-34
-27
-30
-36
-38
-35
-34
-37
-41
-39
-37
-41
-42
-42
-37
-38
-38
-39
-40
-40
-41
-39
-40
-38
-42
-42
-37
-38
-40
-42
-38
-41
-39
-40
-39
-38
-40
-41
-36
-36
-38
-40
-39
-38
-40
-41
-40
-38
-40
-42
-43
-38
-38
-40
-43
-38
-33
-37
-40
-37
-35
-36
-42
-42
-37
-39
-38
-39
-38
-37
-37
-39
-39
-36
-37
-39
-38
-38
-40
-38
-39
-39
-39
-41
-39
-39
-39
-39
-37
-34
-40
-41
-39
-36
-40
-38
-40
-37
-37
-37
-33
-28
-23
-19
-16
-16
-15
-16
-13
0
11
16
14
16
19
14
11
9
7
7
5
0
-3
-10
-17
-24
-29
-38
-44
-44
-46
-43
-44
-48
-48
-47
-47
-52
-56
-64
-71
-74
-75
-40
87
282
518
716
721
645
504
357
207
77
9
-42
-74
-76
-54
-47
-49
-59
-66
-67
-66
-68
-74
-74
-71
-72
-75
-77
-71
-72
-73
-74
-69
-67
-71
-68
-66
-64
-66
-66
-65
-61
-60
-60
-57
-54
-51
-54
-52
-47
-41
-47
-44
-39
-39
-33
-29
-24
-22
-20
-16
-8
-4
-1
5
13
26
34
42
47
57
65
68
76
86
93
95
99
105
108
108
105
107
102
92
80
74
66
52
38
27
19
13
0
-9
-11
-17
-25
-28
-30
-30
-36
-40
-43
-42
-45
-46
-44
-42
-43
-46
-44
-44
-45
-48
-45
-43
-45
-47
-45
-43
-43
-46
-43
-39
-37
-41
-40
-34
-32
-40
-39
-39
-33
-35
-39
-34
-28
-29
-35
-33
-30
-31
-36
-37
-32
-31
-36
-37
-35
-32
-36
-39
-39
-36
-41
-42
-41
-39
-39
-42
-40
-39
-41
-47
-43
-41
-40
-47
-44
-38
-41
-43
-43
-37
-38
-42
-42
-39
-40
-45
-45
-42
-40
-45
-46
-41
-38
-42
-47
-42
-38
-41
-46
-45
-39
-38
-46
-45
-40
-40
-44
-48
-45
-41
-47
-49
-49
-45
-47
-50
-48
-43
-44
-48
-45
-41
-37
-40
-40
-37
-37
-41
-40
-35
-40
-43
-43
-40
-39
-43
-42
-37
-37
-44
-43
-40
-36
-40
-45
-42
-34
-32
-33
-28
-20
-20
-25
-24
-18
-6
-2
3
14
16
12
8
10
17
7
-1
0
3
-2
-13
-17
-18
-27
-39
-44
-43
-42
-47
-47
-47
-47
-51
-51
-48
-51
-64
-77
-72
-72
-77
-4
166
385
617
733
689
593
437
283
137
41
-12
-69
-83
-66
-43
-47
-56
-59
-58
-66
-72
-69
-66
-69
-74
-73
-66
-68
-69
-67
-64
-66
-68
-66
-63
-62
-67
-64
-63
-60
-62
-62
-57
-55
-55
-57
-51
-45
-44
-43
-41
-35
-36
-34
-29
-24
-21
-19
-13
-6
-4
-3
4
14
22
24
33
44
55
58
66
80
87
93
95
106
114
114
114
117
123
122
111
105
104
95
79
68
55
47
32
20
12
8
1
-5
-10
-13
-19
-24
-25
-28
-30
-34
-36
-34
-37
-40
-37
-32
-36
-39
-37
-34
-31
-39
-37
-33
-28
-37
-35
-29
-27
-31
-33
-30
-25
-28
-30
-25
-22
-22
-26
-26
-18
-16
-23
-23
-18
-19
-24
-24
-24
-19
-26
-25
-29
-24
-26
-28
-25
-24
-24
-27
-28
-27
-25
-31
-32
-28
-28
-30
-30
-26
-27
-29
-31
-27
-26
-34
-34
-30
-27
-32
-34
-31
-28
-29
-34
-30
-27
-27
-37
-32
-28
-30
-35
-37
-32
-29
-35
-38
-33
-27
-32
-34
-33
-30
-33
-38
-39
-32
-33
-38
-36
-32
-32
-32
-33
-32
-29
-31
-30
-27
-29
-31
-33
-30
-29
-32
-32
-26
-23
-28
-31
-30
-26
-31
-31
-31
-25
-27
-31
-27
-24
-26
-33
-32
-28
-27
-31
-33
-30
-24
-28
-32
-28
-22
-16
-14
-10
-3
-5
-11
-12
1
9
13
19
26
27
22
22
25
20
11
9
9
10
3
-3
-6
-14
-25
-32
-33
-31
-35
-38
-37
-35
-38
-45
-44
-43
-48
-64
-62
-60
-63
-29
102
303
546
724
712
645
507
355
199
76
14
-37
-73
-68
-38
-24
-37
-50
-51
-52
-57
-58
-53
-53
-58
-56
-56
-56
-54
-55
-52
-52
-54
-58
-54
-50
-54
-55
-53
-47
-47
-49
-49
-46
-44
-47
-43
-37
-34
-39
-34
-26
-21
-24
-24
-18
-14
-14
-15
-6
4
8
8
12
20
29
36
40
55
64
70
77
86
98
99
105
112
123
122
121
125
126
121
112
107
99
88
75
62
53
44
33
21
16
7
0
-7
-8
-12
-19
-22
-21
-22
-29
-30
-30
-27
-31
-37
-32
-30
-33
-40
-35
-31
-31
-36
-34
-28
-26
-29
-33
-28
-24
-24
-26
-25
-20
-21
-23
-23
-17
-17
-20
-20
-16
-13
-18
-19
-17
-13
-17
-20
-14
-15
-18
-19
-19
-19
-19
-22
-18
-15
-20
-21
-21
-17
-20
-25
-25
-23
-25
-32
-30
-29
-27
-35
-34
-27
-28
-33
-35
-32
-29
-31
-35
-32
-29
-30
-33
-35
-30
-30
-34
-37
-31
-31
-35
-36
-33
-28
-32
-31
-30
-28
-31
-36
-32
-33
-34
-37
-34
-33
-33
-36
-33
-30
-33
-35
-35
-29
-32
-32
-34
-30
-28
-35
-35
-30
-29
-35
-32
-28
-25
-29
-34
-29
-25
-25
-30
-28
-24
-27
-31
-32
-28
-30
-34
-35
-30
-27
-32
-32
-29
-26
-27
-27
-21
-9
-5
-8
-6
-8
-7
-3
11
19
24
23
25
28
25
26
21
16
18
12
11
9
4
-8
-16
-22
-24
-34
-37
-36
-31
-34
-39
-38
-33
-37
-46
-51
-61
-64
-66
-73
-20
128
332
571
745
737
664
514
359
209
86
22
-25
-52
-55
-40
-34
-35
-41
-52
-54
-54
-53
-57
-56
-55
-54
-59
-58
-54
-54
-57
-60
-57
-55
-57
-57
-53
-49
-52
-56
-52
-43
-44
-49
-45
-38
-38
-41
-38
-30
-27
-28
-30
-21
-17
-18
-18
-11
-6
-3
-1
6
16
23
24
31
44
53
57
66
76
87
93
97
106
112
117
121
127
130
129
125
126
121
110
97
89
81
65
51
40
35
23
12
6
2
-2
-12
-15
-15
-12
-19
-26
-24
-24
-29
-35
-31
-29
-32
-37
-34
-29
-30
-34
-36
-30
-28
-35
-36
-33
-29
-31
-30
-28
-24
-28
-30
-27
-20
-23
-24
-23
-23
-21
-25
-22
-19
-22
-26
-23
-18
-20
-21
-22
-18
-19
-23
-24
-21
-19
-24
-28
-25
-22
-25
-29
-27
-21
-25
-31
-27
-23
-20
-27
-28
-22
-22
-28
-31
-27
-27
-29
-31
-29
-27
-31
-32
-31
-25
-29
-32
-30
-28
-30
-35
-35
-32
-30
-35
-35
-31
-33
-36
-34
-31
-29
-31
-34
-31
-30
-33
-34
-32
-30
-32
-32
-29
-26
-31
-35
-35
-29
-30
-36
-33
-28
-26
-27
-30
-29
-30
-34
-36
-30
-28
-27
-28
-29
-26
-27
-30
-33
-28
-27
-27
-27
-23
-20
-25
-25
-20
-23
-28
-27
-22
-21
-22
-18
-10
-7
-5
-7
-6
-3
-2
6
16
25
27
28
28
33
34
28
19
16
18
10
7
3
-1
-16
-29
-32
-33
-36
-39
-36
-34
-38
-43
-47
-46
-49
-54
-63
-67
-62
-67
-74
-3
156
366
606
729
691
596
445
293
147
45
-15
-66
-84
-70
-49
-44
-46
-57
-64
-68
-63
-64
-66
-67
-62
-61
-66
-66
-65
-61
-64
-66
-62
-59
-59
-63
-61
-54
-58
-60
-58
-52
-51
-53
-57
-50
-45
-44
-47
-40
-36
-38
-36
-32
-23
-24
-24
-18
-7
-6
-5
0
13
19
18
28
38
46
48
57
70
76
81
89
98
102
108
109
115
120
116
115
110
105
97
84
73
65
54
36
28
20
12
-3
-8
-6
-12
-22
-30
-26
-27
-36
-39
-38
-38
-40
-44
-46
-41
-42
-44
-44
-39
-39
-45
-47
-43
-40
-42
-43
-38
-34
-38
-37
-32
-32
-36
-36
-31
-28
-30
-32
-29
-24
-27
-29
-26
-21
-24
-25
-24
-22
-23
-30
-30
-27
-26
-31
-32
-27
-27
-32
-35
-33
-29
-31
-36
-34
-30
-32
-35
-36
-32
-33
-38
-39
-35
-33
-36
-39
-37
-35
-40
-43
-40
-37
-40
-42
-36
-36
-37
-39
-37
-35
-39
-40
-38
-32
-37
-40
-40
-37
-38
-41
-41
-37
-35
-40
-40
-36
-32
-34
-37
-34
-29
-33
-40
-38
-34
-36
-40
-40
-33
-34
-37
-41
-39
-40
-42
-44
-41
-40
-42
-43
-40
-36
-39
-42
-39
-37
-35
-40
-40
-38
-39
-42
-41
-36
-40
-41
-40
-36
-37
-38
-40
-35
-28
-31
-28
-19
-14
-19
-19
-17
-10
-4
-1
8
16
18
13
14
21
19
5
-1
8
7
0
-10
-10
-18
-30
-40
-44
-41
-45
-48
-49
-46
-48
-51
-54
-53
-58
-76
-87
-84
-84
-73
36
226
462
692
753
710
591
429
271
136
50
1
-45
-63
-49
-45
-52
-54
-56
-63
-71
-71
-70
-70
-75
-75
-74
-73
-76
-79
-72
-68
-73
-76
-70
-67
-71
-73
-73
-67
-67
-68
-67
-60
-59
-61
-60
-57
-52
-54
-52
-46
-43
-44
-44
-36
-30
-30
-29
-21
-14
-13
-9
-2
9
12
15
26
39
45
54
62
74
85
87
94
104
113
112
115
123
124
116
106
102
97
82
64
54
45
31
15
3
1
-7
-16
-24
-21
-26
-34
-40
-42
-42
-43
-49
-47
-43
-46
-52
-51
-50
-51
-54
-54
-50
-51
-55
-54
-49
-52
-54
-52
-47
-49
-50
-51
-47
-45
-45
-46
-44
-42
-43
-44
-40
-35
-37
-39
-37
-34
-33
-37
-37
-30
-31
-35
-38
-35
-33
-37
-41
-39
-38
-40
-42
-41
-36
-41
-42
-41
-37
-39
-42
-42
-40
-38
-43
-44
-41
-42
-45
-44
-40
-40
-44
-45