15904
15872
15928
15984
15928
15816
15872
16016
16032
15928
15928
15976
15952
15880
15848
15920
15976
15872
15800
15960
16000
15920
15920
15976
15936
15904
15856
15904
16088
16024
16008
16000
16064
16128
16168
16312
16488
16424
16352
16240
16392
16416
16328
16328
16272
16208
16064
15992
16072
16184
16184
15912
15864
15952
15928
15832
15840
15840
15904
15840
15848
15960
15984
15904
15808
15928
15904
15864
15824
15936
15992
15984
15968
16040
16056
16040
15992
16024
16120
15992
15896
15888
15816
15608
15512
15720
16720
18800
21592
24432
26928
27136
24120
19584
16600
15840
15680
15664
15744
16152
16456
16368
16336
16400
16328
16152
16136
16216
16256
16240
16296
16336
16280
16256
16216
16360
16392
16304
16280
16384
16512
16456
16368
16472
16512
16496
16408
16544
16544
16600
16528
16568
16760
16800
16696
16632
16800
16904
16856
16904
16984
17080
17080
17112
17232
17368
17360
17432
17664
17776
17752
17904
18016
18304
18368
18480
18552
18696
18760
18632
18576
18616
18440
18264
17928
17744
17576
17344
17104
16920
16840
16688
16512
16512
16504
16328
16224
16136
16208
16112
16096
16080
16224
16232
16000
15992
16064
16072
16080
16000
16080
16016
15992
15976
16080
16144
16024
15888
15920
16056
15960
15944
16032
16048
16024
15928
15992
16008
16016
15952
15984
16072
16088
16008
15928
15976
16056
15912
15872
16016
16080
15984
15864
15944
15960
15928
15936
15984
16016
15984
15896
15872
16000
16000
15904
15896
15944
16000
15824
15848
16048
16136
15904
15936
16032
16288
16344
16304
16272
16376
16336
16280
16384
16472
16352
16280
16232
16264
16184
16096
16064
16120
16192
16056
15920
15912
15992
15912
15856
15928
15920
15840
15848
15880
15880
15888
15800
15872
16024
16072
15944
15880
15912
15952
15944
15992
16016
16056
15896
15872
15920
16000
15800
15504
15480
15664
16456
18304
21200
24144
26536
26952
24256
20040
16752
15608
15568
15688
15888
16008
16360
16480
16400
16328
16280
16584
16592
16440
16360
16552
16440
16344
16448
16272
16120
16048
15952
16112
16216
16296
16304
16640
17160
16960
16896
17064
17104
16784
16336
16216
16320
16288
16384
16480
16688
16912
16952
17040
17152
17128
17000
17064
17352
17808
17840
17992
18080
18176
18192
17936
17824
17984
18200
18328
18544
18720
18848
19120
19184
18904
18664
18576
18296
18264
18024
17632
17520
17472
17512
17392
17136
16560
16368
16472
16376
16256
16272
16208
16104
16112
16352
16144
16072
16024
16016
15976
15968
15984
16112
16192
16088
16216
16144
16048
16056
16024
16120
16176
16216
16232
16104
16016
15960
15792
15752
16080
16256
16240
16464
16320
16368
16264
16160
16136
15960
15912
16208
16448
16472
16288
16160
16008
16112
16152
16176
16288
16336
16000
15808
15800
16048
16240
15968
15928
15976
15992
15920
16048
16160
16384
16296
16064
15848
15832
15928
15576
15408
15440
15528
15640
15736
15904
15616
15296
15592
16104
16072
15424
15384
15904
16152
16168
16240
16176
15856
15848
15904
16200
16304
16032
15768
15952
15856
15520
15568
15848
16184
15800
15336
15376
15800
16000
15856
15704
15952
15632
15440
15664
15712
15944
16128
15888
15408
15400
15552
15648
15408
15576
15832
15888
15472
15464
15728
16064
16352
15728
15504
15048
14688
15032
16088
18104
20832
23592
26160
27272
24800
20304
17008
15784
15456
15416
15520
15864
15928
15960
16056
16056
16008
15896
15976
16360
16648
15944
15640
15976
16536
16344
16080
15896
15760
15960
16392
16488
16064
15976
16216
16592
16488
16272
16616
16840
16368
16104
16120
16344
16424
16536
16600
16264
16296
16776
17000
16936
16952
16736
17248
17656
17120
16272
16392
16776
17328
17704
17784
17616
18016
18448
17984
18144
18600
18920
18720
18816
19168
18488
17792
17496
17720
17680
17408
17336
16840
17080
16920
16344
16240
16640
16384
15960
16168
16464
16152
15512
15456
15592
16192
16360
15912
15960
16056
15528
15480
15624
15808
15952
15944
15832
15448
15368
15624
16136
16688
16376
15320
15592
15800
15720
15664
15624
15648
15792
15800
15552
15752
15848
16176
16256
16256
16264
15528
15120
15456
15640
15792
15840
16016
15960
15680
15480
15360
15896
16344
16032
15488
15288
15432
15832
16008
16440
16888
15664
14928
15512
15392
15312
15696
16056
15832
15296
15280
15368
15544
15736
15600
15992
16560
16264
15600
15472
15352
15632
15936
15792
15760
16016
15888
16024
16520
16584
16368
16184
15632
15504
15944
16128
15912
15912
15872
15904
15864
15680
15952
15512
15384
15512
15784
15424
15304
15568
15712
15304
15416
15720
15848
15752
15488
15312
15400
15584
15696
15416
15592
15816
15664
15608
15784
15408
15456
15592
15952
15840
15168
14928
15144
15792
16800
18952
21944
25104
27064
26080
22808
18496
16000
15536
15512
16032
15544
15216
15680
16168
16328
15784
15632
15888
16168
16320
16376
16120
15800
16080
15968
15816
15952
16312
16096
15824
15872
16136
16256
16360
16264
15968
15832
16184
16432
16352
16240
16584
16696
16232
16384
16568
16592
16552
16584
16432
16744
16704
16320
16504
17104
17168
16944
17192
17488
17584
17472
17344
17776
18416
18016
17864
18304
18624
18448
18080
18208
18496
18784
18600
18184
17672
17456
17208
17320
17328
16976
16568
16368
16296
16192
16008
16048
16552
16224
15744
15512
15816
15936
15624
15600
15736
15776
15952
16016
15824
15704
15952
15848
15760
15792
16024
15848
15568
15432
15752
15952
16080
16040
15840
15840
15680
15408
15480
15696
15808
16256
16216
15856
15880
15824
15624
15720
15600
15544
15816
16160
15984
15624
15616
15704
15856
16136
15832
15400
15816
15872
15808
15800
15904
15768
15584
15736
15904
15664
15688
16160
15792
15424
15840
15848
15408
15384
15520
15592
15880
15880
15704
15840
15952
15760
15656
15872
15848
16040
16192
16072
15416
15152
15408
15624
15752
15928
15920
15608
15864
16064
15992
15976
16096
16160
16064
16096
16240
16328
16168
16048
15952
15936
16048
15640
15664
16096
16288
15792
15392
15624
15928
15744
15680
15872
15776
15728
15472
15264
15432
15992
15880
15504
15456
15448
15408
15536
15792
16128
16184
15648
15336
15720
15776
15704
15832
15768
15416
15408
15576
15712
15576
15360
15184
15512
15896
17568
20192
22336
24736
27016
26464
23504
19088
16280
15632
15520
15448
15792
16304
16656
16744
16024
15728
15904
16224
16208
15664
15656
15856
16200
16432
15968
15960
16200
16048
16184
16592
16280
15944
15888
16040
16184
16088
15928
16064
16240
16384
16376
16592
16584
16384
16232
16312
16696
16648
16320
16184
16360
16720
16704
16600
16816
17072
16888
16840
17296
17776
17520
17216
17584
17824
17792
17888
18080
18344
18544
18472
18304
18624
18608
18528
18184
18032
17728
17280
17208
17264
17184
16672
16520
16640
16624
16216
15992
16232
16128
15632
15472
15688
15976
16160
15864
15776
15840
15752
15840
15984
16040
15832
15744
15688
16128
16152
15968
15904
15504
15464
15560
15824
16024
16128
16000
15680
15552
15600
15640
15640
15816
16368
16328
15576
15592
15808
15720
15416
15496
15640
15952
15848
15744
15640
15680
15648
15640
15704
15944
16112
15720
15712
15704
15720
15664
15656
15704
15952
15776
15544
15424
15560
15664
15608
15728
15936
15952
15536
15568
15856
15752
15776
15960
15712
15312
15392
15512
15680
15856
15736
15544
15512
15472
15712
15648
15552
15688
15880
15792
15720
15640
15832
15840
15536
15488
15496
15592
15736
15736
15688
15656
15560
15592
15624
15760
15840
15928
15480
15424
15720
15856
15688
15616
15624
15736
15608
15512
15568
15712
15712
15656
15744
15792
15664
15664
15680
15832
15576
15640
15544
15592
15696
15960
15816
15480
15448
15560
15552
15648
15832
15904
15792
15648
15696
15808
15768
15880
15768
15680
15456
15464
15728
15792
15584
15632
15696
16064
15776
15512
15720
16168
16360
16072
15872
15928
16288
16272
16184
16144
16128
16096
15976
15984
15976
15872
15992
15648
15448
15512
15848
15912
15536
15368
15408
15392
15672
15640
15632
15840
15992
15712
15488
15656
15912
15576
15224
15472
15488
15512
15416
15512
15648
15704
15864
15816
15640
15664
15592
15480
15456
15344
16256
18584
21800
24576
26608
26608
23888
19576
16648
15472
15296
15432
15680
15768
16008
16104
16048
15992
16136
16296
16216
15848
15672
15656
16128
16256
16024
15744
15720
16064
16272
16040
15872
15936
15824
15904
16120
16512
16392
15760
16008
16368
16368
16208
15976
16232
16360
16416
16584
16456
16288
16312
16232
16568
16768
16672
16784
16904
16808
16880
16928
16952
17264
17176
17200
17480
17856
18096
17752
17640
18032
18248
18312
18312
18456
18632
18456
18168
18024
17968
17728
17128
17032
17144
16984
16528
16264
16280
16200
16048
15976
16048
16184
16040
15776
15776
15888
15912
15992
15912
15968
15904
15752
15744
15704
15784
15712
15576
15744
15784
15856
15824
15824
15680
15776
15688
15728
15864
15848
16056
16032
15944
15824
15208
15408
15672
15720
15712
15704
15624
15568
15680
15824
15824
15656
15904
16040
16000
15888
15776
15696
15424
15528
15440
15376
15448
15576
15504
15472
15640
15792
15608
15544
15584
15928
16016
16248
15656
15456
15256
15216
15488
15688
15504
15360
15368
15600
15560
15408
15840
16080
15760
15360
15120
15536
15752
15496
15400
15448
15712
15752
15600
15384
15488
15440
15392
15488
15648
15752
15704
15568
15616
15480
15528
15768
15456
15320
15432
15576
15512
15560
15560
15416
15552
15576
15432
15360
15544
15656
15680
15728
15600
15600
15432
15168
15256
15440
15656
15744
15728
15744
15480
15240
15424
15536
15496
15600
15784
16168
16304
15912
15792
15904
15768
15792
15960
16280
15920
15624
15720
15792
15688
15544
15608
15592
15752
15688
15448
15272
15432
15520
15616
15440
15464
15472
15472
15408
15336
15584
15320
15176
15392
15768
15632
15416
15456
15496
15544
15400
15544
15800
15488
15256
15336
15472
15520
15512
15384
15136
15096
15160
16240
18528
21424
24224
26624
26928
24504
19856
16040
15008
15008
15192
15320
15544
15960
16024
16152
16096
15848
15936
15704
15696
15896
16240
16048
15792
15776
15936
16184
16120
16016
15928
15832
16032
16168
16048
16200
16224
16016
16056
16120
16456
16448
16264
16472
16464
16296
16304
16216
16512
16576
16552
16600
16584
16552
16664
16776
16760
16768
17048
17256
17288
17344
17824
17840
17600
17704
17936
17920
18048
18112
18168
18440
18600
18608
18464
18504
18496
18304
17840
17576
17240
16760
16632
16560
16368
16272
16192
16176
16144
15784
15816
15824
16152
16216
16064
15792
15456
15528
15736
15800
15840
15896
15608
15472
15504
15704
15864
15648
15664
15752
15792
15960
15688
15560
15496
15456
15720
15992
15848
15712
15648
15600
15760
15672
15584
15664
16008
15976
15632
15568
15448
15536
15608
15712
15640
15528
15648
15832
15824
15704
15504
15584
15904
15880
15392
15168
15432
15800
15792
15568
15432
15576
15592
15448
15720
15912
15648
15368
15520
15568
15504
15624
15560
15448
15568
15728
15816
15696
15496
15392
15280
15720
15880
15552
15392
15608
15680
15320
15552
15864
15760
15552
15408
15544
15648
15512
15408
15520
15656
15496
15480
15592
15712
15736
15824
15864
15608
15480
15360
15512
15640
15768
15672
15360
15480
15784
15592
15424
15504
15704
15784
15520
15392
15560
15640
15560
15704
15616
15640
15640
15688
15856
16056
16352
15976
15496
15592
15880
15952
15992
16072
15808
15696
15664
16064
15880
15360
15584
15944
15784
15608
15576
15640
15600
15344
15360
15384
15384
15432
15736
15848
15640
15424
15464
15672
15544
15472
15560
15632
15720
15480
15328
15456
15600
15816
15592
15464
15584
15760
15664
15632
15368
15352
15464
16864
19392
22424
25120
26840
26312
23528
19160
16232
15432
15496
15656
15888
15928
16112
16088
16192
16224
16080
16040
15864
15776
15912
16120
16280
16128
16048
15936
15864
15888
16128
16240
16048
15912
15960
16304
16592
16280
15944
16104
16120
16048
16344
16472
16408
16192
16232
16664
16744
16512
16216
16584
16952
16960
16688
16376
16528
16728
16744
17008
17416
17768
17424
17248
17504
17632
17872
18272
18216
18064
18080
18424
18432
18392
18672
18728
18624
18248
17952
17984
17768
17376
17088
16680
16464
16464
16648
16728
16464
16160
15928
15904
15920
16096
16312
15992
15912
15872
15800
15760
15752
15832
15944
15848
15752
15744
16040
15928
15832
15768
15920
16104
16056
15824
15728
15768
15648
15760
16032
16144
15752
15472
15584
15808
15984
15936
16096
16256
16104
16176
16024
15712
15616
15640
15528
15832
16128
16040
15576
15584
15640
15888
15912
15688
15672
15688
15824
15848
15928
16072
15944
15880
16016
15880
15648
15560
15688
15640
15672
15608
15616
15712
15848
15728
15944
15976
15816
15896
15864
15760
15824
15648
15648
15720
15680
15632
15592
15776
16008
15960
15944
15784
15560
15624
15760
15808
15768
15664
15568
15872
15920
16016
15680
15688
15760
15824
15936
15736
15680
15768
15776
15800
15824
15848
15992
15600
15728
15824
15928
15768
15584
15608
15624
15672
15824
16048
15896
15848
15984
15648
15608
15680
16128
16128
15568
15544
15576
15712
15776
15888
15896
15880
15760
15736
15864
15920
15968
15888
15688
15808
15824
15688
15568
15696
16024
16000
15688
15616
15912
16128
16224
16392
16344
16464
16488
15992
15792
16080
16224
16304
15992
15848
15856
15736
15896
16080
16000
15824
16016
16080
15608
15480
15600
15872
15776
15648
15728
15760
15448
15616
15752
15936
15992
15672
15496
15712
15976
15808
15696
15872
15808
15656
15752
16000
16016
15840
15592
15712
15384
15392
16720
19352
22344
25032
27176
26680
23936
19504
16248
15592
15680
15712
15712
16248
16584
16576
16328
16152
16192
16040
15952
15984
16304
16560
16080
15856
15872
16000
16072
16040
16064
16360
16304
16112
16192
16248
16184
16128
16192
16328
16232
16456
16752
16576
16448
16304
16216
16496
16512
16512
16808
16760
16552
16416
16480
16896
16928
16656
16792
17264
17440
17144
17128
17368
17744
17688
17768
18016
18328
18224
18008
18056
18536
18752
18600
18440
18720
18648
18240
17936
17664
17424
17248
17072
16824
16720
16744
16664
16392
16264
16360
16384
16160
16096
16040
15824
15680
15800
16024
15864
15904
15808
16040
16032
15944
15744
15944
15880
15816
15768
15896
15904
15896
15704
15744
15904
15840
15864
15736
15680
15856
15776
15848
16032
15712
15824
16040
15952
15632
15424
15672
15920
15952
15800
15664
15688
15640
15656
15904
15872
15768
15648
15544
15736
15880
15840
15736
15736
15712
15672
15584
15680
15736
15664
15616
15768
15792
15728
15712
15464
15592
15744
15816
15680
15528
15544
15520
15688
15664
15600
15648
15632
15736
15760
15664
15600
15608
15536
15576
15768
15920
15520
15432
15432
15560
15712
15656
15624
15664
15664
15656
15664
15648
15720
15856
15672
15664
15488
15672
15752
15472
15528
15736
15800
15504
15608
15696
15640
15632
15720
15600
15512
15504
15512
15640
15624
15560
15576
15904
15688
15472
15736
16200
16352
16304
16376
16056
15864
15720
15712
15920
15808
15656
15680
15784
15800
15760
15728
15848
15992
15832
15520
15456
15680
15920
15776
15696
15536
15488
15448
15496
15592
15624
15536
15616
15784
15576
15560
15632
15688
15736
15720
15376
15408
16008
16200
15792
15440
15496
15424
15264
15408
15344
15600
17088
19760
22832
25712
27376
26144
22776
18256
15776
15120
15304
15576
15744
16016
16232
16264
15912
15824
15784
16024
16128
16056
16232
16304
16128
15856
15832
16000
15896
15776
15848
15960
16160
16192
16040
16040
16240
16192
16176
16440
16624
16664
16080
15920
16176
16192
16304
16568
16688
16680
16520
16296
16456
16656
16536
16752
17264
17184
17144
16952
16968
17248
17408
17360
17432
17712
18096
18216
18144
18176
18328
18608
18776
18592
18488
18648
18616
18096
17808
17608
17504
17424
17232
16824
16472
16376
16280
16376
16152
16048
16104
15952
15672
15600
15768
15848
16032
15928
15816
15744
15616
15632
15784
15720
15544
15576
15928
15872
15656
15592
15520
15632
15696
15648
15816
15832
15904
15656
15440
15528
15792
15880
15608
15848
15792
15504
15632
15880
15936
15688
15648
15800
15872
15632
15360
15640
15696
15504
15680
15912
16144
15640
15288
15336
15384
15584
15744
15816
15768
15640
15528
15440
15696
15752
15704
15552
15520
15856
15960
15512
15288
15464
15672
15528
15392
15656
15832
15808
15680
15432
15416
15408
15520
15592
15656
15512
15648
15608
15584
15488
15392
15504
15744
15696
15640
15672
15568
15720
15664
15504
15512
15792
15832
15552
15480
15544
15736
15984
16120
16024
15800
15696
16184
16144
15944
15560
15584
15832
15760
15760
15768
15944
15720
15600
15504
15608
15824
15512
15136
15288
15392
15360
15760
15664
15576
15616
15616
15760
15576
15480
15464
15448
15520
15440
15424
15520
15600
15520
15416
15456
15608
15704
15760
15632
15376
15408
15360
15872
17216
19608
22672
25496
27128
25944
22288
17816
15576
15144
14952
15056
15376
15904
16424
16296
15864
15904
16080
16032
15880
16120
16040
15784
15824
16080
16296
16008
15960
15936
16232
16136
16136
16040
16208
16160
16416
16224
16096
16096
16184
16416
16712
16448
16184
16168
16296
16472
16768
16464
16456
16744
16624
16632
16864
16984
16808
16768
17240
17496
17352
17264
17304
17712
17744
17800
17992
18040
18264
18632
18720
18504
18736
18712
18744
18696
18264
18048
17952
17704
17304
17008
16880
16848
16600
16288
16096
16120
16376
16408
15992
15864
15864
15784
15920
15720
15872
15840
15616
15656
15608
15696
16032
15808
15696
15768
15544
15600
15808
15776
15848
15840
15920
15888
15792
15640
15544
15568
15840
15792
15720
15744
15944
16112
15992
15752
15792
15808
15600
15744
15728
15704
15896
16104
15936
15856
15776
15552
15616
15840
15848
15704
15712
15680
15664
15488
15600
15864
16072
15624
15520
15632
15720
15640
15824
15936
15672
15432
15528
15728
15752
15720
15600
15736
15840
15720
15504
15440
15616
15648
15616
15792
15880
15768
15528
15616
15536
15568
15560
15616
15760
15816
15744
15648
15568
15528
15648
15728
15800
15544
15360
15440
15680
15808
15624
15984
15992
15768
15672
15344
15424
15640
15568
15608
15776
15904
15992
16104
16168
16304
15952
15704
15816
16168
16248
16112
15832
15728
15608
15592
15768
15744
15784
15752
15616
15480
15600
15480
15480
15640
15784
15928
15912
15960
15384
15264
15528
15560
15440
15624
15480
15512
15544
15568
15704
15848
15680
15488
15664
15968
15936
15752
15688
15304
15040
15464
16384
18000
20624
23472
26264
27344
25176
21536
17656
15600
15504
15392
15712
16168
16272
16216
16008
15888
15928
15936
16192
16312
16144
16040
16184
15960
15960
16160
16120
16072
15960
15832
15944
16152
16328
16328
16392
16344
16200
16400
16696
16248
15896
15928
16112
16664
16840
16368
16264
16456
16504
16912
16696
16592
16688
16712
16680
16904
16928
16720
16864
17248
17680
17592
17664
17704
18232
18160
17960
18024
18440
18768
18544
18424
18560
18624
18728
18576
18128
17800
17664
17808
17592
16912
16528
16536
16664
16648
16440
16176
16008
15952
15936
15928
15928
15944
16304
16096
15704
15616
15584
15880
15888
15832
15880
15704
15840
15888
15736
15672
16024
16224
15992
15872
16040
15952
15616
15472
15608
15912
15960
15776
15744
15872
15928
15880
15696
15976
16104
15872
15752
15656
15744
15856
15680
15616
15744
15760
15552
15640
16000
15944
15992
15936
15800
15808
15864
15672
15664
15792
15968
15736
15536
15608
15560
15680
15832
15936
15808
15616
15688
15696
15832
15912
15768
15528
15576
15608
15680
15792
16000
15816
15744
15888
15752
15600
15576
15480
15608
15848
15992
15920
15776
15728
15672
15616
15552
15768
15624
15640
15808
15824
15864
15656
15456
15656
15800
15832
15896
15944
15664
15520
15632
15736
15584
15608
15832
16032
15880
15496
15432
15688
15856
15752
15800
16088
15984
15464
15472
15496
15568
15808
15880
15816
15688
15616
15608
15664
15912
16064
15952
15736
15736
15560
15544
15688
15944
16032
15928
16064
16072
15808
15744
15800
15784
15984
16160
16400
16328
16080
15920
15864
16064
16584
16328
15872
15568
15872
16104
15888
15928
16096
15840
15616
15584
15792
16072
16096
15784
15480
15568
15672
15632
15488
15840
15824
15696
15704
15976
15792
15648
15936
15848
15528
15616
15720
15800
15800
15744
15672
15448
15296
15464
16104
17024
19040
22016
24560
27152
27152
24144
19760
16760
15656
15344
15288
15760
16472
16544
16216
16176
16472
16384
15944
16000
16216
15864
15984
16168
16104
16024
15960
16152
16488
16592
16056
15800
16168
16600
16464
16320
16496
16240
15984
15912
16080
16328
16488
16736
16656
16488
16496
16544
16632
16696
16992
16776
16648
16864
16720
16880
17152
17248
17096
16928
17064
17360
17656
17896
17872
17832
17960
18440
18440
18608
18920
18848
18632
18936
19064
18592
18256
18144
18240
18184
17640
17256
17224
17184
17120
17168
16728
16464
16232
16136
16200
16296
16128
16240
16064
15888
15936
15936
16112
16048
15856
16040
15944
15960
15968
16208
16136
16112
16040
15896
15992
15936
15808
15864
15976
15920
15784
15968
15928
15920
16024
16008
15864
15728
15928
16168
16120
16008
15816
15664
15728
15832
15984
16120
16008
16016
16056
16120
15808
15504
15720
15968
15992
15944
15832
15704
15976
15952
15688
15752
15720
15640
15680
15904
16016
15936
15768
15672
15768
15648
15672
15800
15656
15792
15816
15864
15880
15840
15440
15528
15656
15696
15872
15856
15872
15824
15416
15480
15960
16128
15760
15528
15728
15832
15936
16016
15600
15560
15600
15560
15680
15744
15736
15760
15608
15600
15672
16016
15968
15936
15904
15632
15600
15664
15768
15928
15840
15888
15728
15584
15696
15656
15776
15880
15680
15744
16032
16368
16504
16168
16000
15848
15832
15808
16080
16352
16256
16296
16240
16096
15696
15544
15744
16024
15848
15784
15840
15872
15848
15600
15400
15400
15480
15656
15680
16008
16008
15872
15848
15776
15536
15336
15576
16000
16096
15616
15504
15576
15728
15712
15880
16016
15800
15792
15440
15232
15296
15472
16344
18096
21136
24080
26472
27384
25264
21192
17224
15728
15512
15720
15720
15856
16232
16320
16248
15960
15800
15960
16080
16192
16232
16136
16384
16288
16072
16048
16384
16312
16120
16032
16160
16456
16536
16432
16344
16048
16200
16312
16448
16312
16184
16312
16760
16792
16416
16248
16648
16960
17152
17064
16904
16672
16448
16544
16792
17304
17288
17312
17304
17504
17488
17552
17768
17952
17952
18304
18536
18568
18648
18960
19144
19008
18600
18632
18784
18792
18240
17952
17688
17576
17424
17144
16920
16760
16960
17008
16896
16552
16040
15744
15936
16000
16064
16104
15848
15800
15976
16088
16024
15744
15768
15832
15840
16056
16200
16456
16304
15696
15592
15832
15912
15880
16088
16128
15760
15640
15648
15848
16040
15960
15720
16024
15968
15984
15944
15928
16320
16160
15800
15976
16048
15888
15888
15944
15952
15752
15656
15840
16016
15824
15752
15696
15848
15904
15760
15704
15896
15944
15952
15944
15904
15704
15608
15712
15968
15896
15616
15584
15712
15840
15816
15768
15584
15528
15640
15920
16216
15864
15536
15600
15912
16024
15808
15592
15744
15744
15672
15768
15776
15704
15904
15824
15672
15840
15872
15760
15552
15520
15848
15888
15616
15888
16040
15792
15440
15536
15896
15888
15752
15936
15776
15816
15976
15888
16040
16024
16168
16344
16168
15944
16024
15984
16056
16056
15800
15848
15904
16064
16088
15864
15656
15744
15704
15664
15768
15800
15736
15736
15744
15872
15704
15568
15472
15528
15656
15776
15872
15688
15720
15760
15720
15704
15816
15744
15688
15848
15664
16208
16120
15664
15448
15320
15304
15520
15944
16928
19328
22184
24944
26960
26656
23992
19456
16024
15200
15128
15488
15512
15784
16272
16472
16504
16304
16064
15968
15864
15968
16184
16384
16160
16296
16256
16144
16272
16272
16384
16192
16352
16648
16440
16216
16064
16136
16304
16456
16688
16640
16600
16528
16288
16600
16816
16592
16568
16944
17112
16960
16624
16736
16920
16960
17008
17256
17352
17432
17456
17400
17552
17944
17952
18184
18568
18464
18352
18528
18848
19112
18896
18616
18688
18784
18640
18120
17928
17744
17696
17752
17672
17424
16928
16416
16384
16664
16504
16280
15880
15928
16120
15928
15848
15928
16064
16200
16112
16064
16096
16008
15952
16016
16280
16208
15800
15584
15784
15912
15920
15896
16008
16000
15936
16040
15896
15752
15952
15912
15840
15984
16104
16000
15920
16008
16128
15896
16056
16328
16104
15920
15856
15784
15616
15992
16320
16056
15768
15768
15880
16128
16144
15840
15656
15992
16280
16072
15616
15520
15936
15912
15824
15920
16008
15992
15880
15656
15792
16040
16152
16056
15960
15728
15672
15800
15992
16048
15816
15856
15928
15840
15888
15856
15920
15808
15728
15864
16032
16104
15920
15800
15848
16032
16072
15792
16160
16016
15640
15784
15760
15800
15864
16088
16136
15896
15632
15824
16128
16200
15928
15720
15696
15904
16064
16104
15896
15984
15960
16152
16144
16456
16424
16120
15896
15952
16304
16328
16192
16224
16208
16296
16320
16040
15936
16072
15952
16016
16008
15832
15600
15616
15776
15880
15816
15712
15808
16048
16024
15816
15600
15976
16248
15952
15560
15480
15672
15744
15696
15984
16144
15976
15832
15880
15840
15984
15752
15800
15560
15352
15552
16112
17848
20592
23488
26024
27528
26024
22424
18192
15872
15720
15672
15536
15968
16488
16400
16344
16288
16288
16440
16544
16544
16152
15784
15864
16168
16336
16296
16032
15992
16232
16320
16368
16552
16544
16408
16584
16544
16144
16160
16312
16320
16400
16400
16408
16480
16680
16728
16616
16752
16688
16848
16832
16552
16704
16808
17024
17024
17184
17176
17040
17080
17264
17568
18208
18320
17960
17880
18024
18288
18528
18744
18848
18928
18960
18856
18544
18536
18528
18296
17904
17712
17680
17192
16856
16592
16640
16672
16480
16312
16424
16216
16232
16480
16208
15904
15976
16024
15808
15672
15984
16056
16208
16144
15880
15808
15920
16248
16296
16400
16320
15656
15600
15720
15864
15928
15896
16056
16080
15920
15872
15824
15864
16168
16456
16480
16056
15864
15680
15744
15696
15840
15992
16200
16160
15856
15680
15696
15744
15840
16016
16256
16200
15872
15816
15904
15888
15872
15752
15736
15752
16040
15760
15816
15816
15896
15760
15544
15792
16032
16160
16152
15752
15696
15728
15680
15856
15808
15928
15808
15648
15928
16144
16000
15752
15680
15880
15984
15760
15664
15600
15712
15752
15712
15744
15872
15904
15832
15936
16080
15792
15656
15880
16024
15944
15952
16312
15888
15536
15432
15528
15640
15712
15880
16152
16144
15672
15592
15904
16080
15896
16040
15912
15896
15576
15496
15632
15864
15992
15864
15896
15856
15712
15568
15808
15848
15760
16008
15720
15744
15824
15936
16080
16200
15880
15768
15584
15568
15928
16096
16192
15848
15688
15648
15728
15880
15840
15616
15656
15848
16144
16136
15864
15688
15592
15624
15800
15832
15840
16064
15920
15832
15800
16000
16168
16296
16352
16432
16224
16112
16256
16400
16480
16232
16056
16000
15872
15728
15768
15800
15952
16032
15824
15824
15992
16120
15592
15424
15680
15896
15992
16096
15896
15624
15344
15432
15728
15920
15936
15736
15680
15736
15784
15696
15720
15856
15928
15992
16168
15912
15456
15200
15288
15752
17200
19376
22144
25024
27136
26624
23776
19384
16376
15512
15544
15840
16216
16360
16144
16032
16200
16168
16192
16400
16048
15984
15960
16032
16216
16240
16208
16000
16040
16272
16432
16264
16080
16256
16048
16088
16184
16272
16376
16328
16488
16512
16464
16368
16376
16336
16336
16424
16456
16600
16936
16992
16704
16368
16528
16688
16912
17040
16960
16976
17104
17336
17576
17584
17600
17792
17944
17888
17896
18248
18576
18744
18584
18464
18696
18744
18728
18560
18280
18288
18096
17888
17592
17216
16840
16752
16760
16696
16640
16608
16368
16176
16208
16152
16056
15888
15960
16080
15832
15896
16056
16000
15776
15800
15912
15960
16040
15888
16000
16184
16048
15880
15968
16096
16040
15952
16064
16240
16048
15824
15864
15872
15832
15632
15760
15824
15768
15712
15832
16112
16096
16056
15856
15848
15880
16000
15816
15960
16128
16120
16040
16216
15984
15568
15528
15640
15728
15784
15768
16008
16064
15816
15648
15672
15768
15920
15776
15752
15960
16072
16032
15984
15952
15840
15720
15480
15848
16032
15840
15680
15576
15704
15872
15712
15792
15856
15920
15896
15824
15880
16000
16088
16224
15936
15464
15480
15640
15904
16056
15776
15544
15624
15656
15784
15784
15912
15968
15752
15624
15872
15904
15968
15984
16000
16136
15936
15464
15536
15816
15984
15912
15888
15616
15616
15720
15560
15712
16072
15760
15840
15952
15704
15536
15640
15856
16032
16048
15944
15864
15904
15824
15728
15912
16208
15760
15640
15928
16440
16568
16136
15912
16016
16216
16056
16048
16160
16064
15952
16056
16024
16000
16080
16168
15992
15632
15488
15568
15672
15752
15720
15712
15744
15752
15896
15760
15616
15712
15968
15920
15832
15960
15848
15632
15624
15832
15704
15560
15616
15832
15968
15768
15736
15848
15832
15600
15432
15528
16392
17976
20480
23360
25968
27272
25592
21824
17688
15808
15608
15792
15904
16040
16032
16136
16712
16456
16088
15992
16080
16152
16368
16296
15976
16112
16152
16224
16112
16304
16376
16448
16400
16288
16200
16264
16176
16376
16504
16552
16608
16560
16416
16272
16336
16432
16624
16728
16688
16584
16664
16768
16784
16688
17032
17152
17152
17128
17032
17152
17320
17336
17736
17640
17488
17600
17912
18152
18312
18456
18448
18832
19104
18952
18992
18984
18976
18864
18544
18208
17728
17592
17752
17544
17104
16976
16712
16664
16552
16448
16360
16456
16472
16344
16168
15984
15824
16016
16288
16376
16088
15904
15960
15960
16232
16256
15928
15976
16248
16000
15840
15800
16048
16264
16008
16024
15968
16008
16032
16056
15968
15856
15920
16104
16552
16472
16064
15776
15696
16016
16136
16200
16104
16008
16032
15976
15808
15928
16200
16112
15888
16136
16416
15992
15824
15752
15944
16152
15960
15744
15960
15880
15896
15920
16064
16008
15880
15936
15968
15944
15856
16080
16336
16456
16104
15976
15840
15656
15600
15824
15840
15896
15888
16000
15944
16016
16016
15968
15840
16120
16184
16144
16192
16352
15768
15552
15624
15944
15904
15824
15704
15792
16160
16176
15832
15928
16080
16112
16016
15856
16096
15824
15728
15840
16008
15824
15744
16112
16248
16184
15800
15688
16088
16184
16200
16184
16008
16120
16056
15960
16160
16376
16216
16480
16424
16368
15960
15864
15944
16128
16048
16104
16640
16304
15712
15608
15632
15792
15984
15976
15944
15920
15984
16120
15920
15752
15696
15792
16080
15920
16136
16064
15888
15728
15688
15768
15848
16080
16192
16112
15952
15984
16064
16192
16224
15584
15352
15664
16440
18160
21064
24000
26608
27576
25664
21776
17496
15664
15872
16048
16040
15912
16304
16640
16816
16616
16320
16224
16152
16224
16352
16568
16512
16232
16272
16328
16528
16504
16384
16248
16336
16360
16424
16560
16544
16432
16600
16552
16664
16656
16624
16584
16896
16704
16344
16560
16888
16992
16760
16784
16728
16704
16984
16992
17056
17336
17408
17320
17432
17528
17688
17744
17880
18008
18064
18080
18320
18856
18680
18680
18768
18896
18984
18808
18720
18912
18816
18320
18024
17584
17272
17520
17360
16912
16680
16496
16712
16672
16248
16128
16216
16400
16312
16072
16000
16072
16384
16248
15752
15688
16072
16240
16168
16056
15896
16064
16384
15984
15824
15816
15928
16192
15976
16016
16208
16216
16128
16144
15992
15864
15960
16216
16320
16112
15784
15848
16256
16040
16040
15888
16040
16184
16072
15864
15968
16056
16032
16232
16296
16000
15648
15552
15944
16224
15976
15904
15984
15928
15904
15952
16192
16160
16176
15824
15736
15960
16008
15784
15792
15872
15928
15976
15960
16000
15896
15992
15992
16248
15976
15608
15640
15936
15944
15872
15936
16104
16104
15944
15792
15984
16064
16272
15976
15552
15696
15856
16024
15872
15704
15792
15896
15792
16008
16184
16016
15856
16032
15928
16112
16416
16096
15672
15616
15576
15672
15736
15952
16024
15976
15992
15960
15672
15832
16192
16080
15824
15656
16000
16128
15784
15528
15760
15992
15824
15856
15952
16008
15848
15672
15736
15952
16016
16056
15880
15736
15880
15720
15616
15640
16016
16024
15728
16024
15952
15840
15840
15984
16104
15864
15576
15648
16072
16096
15872
15760
16088
16048
15728
15744
15896
16176
16208
16168
16264
16184
16360
16264
16416
16560
16424
15888
15632
15976
16072
16112
16056
15920
15704
15632
15728
15648
15600
15864
15808
15792
15784
15624
15720
15712
15984
16120
15832
15664
15656
15720
15704
15800
15816
15664
15816
16072
16304
16184
15680
15440
15384
15304
15464
16216
17912
20208
22704
25288
27312
26288
23080
19056
16336
15704
15536
15672
16080
16232
16280
16280
16376
16832
16880
16160
15616
15776
15792
15896
16184
16688
16592
16136
15880
15888
15976
15968
16016
16224
16272
16344
16320
16424
16496
16200
15928
16120
16304
16376
16528
16784
16688
16328
16184
16240
16576
16760
16616
16456
16584
16720
17088
17248
16888
16840
16880
16864
17120
17328
17552
17672
17672
17824
18096
18176
18408
18608
18608
18488
18536
18720
18744
18560
18280
18072
17896
17888
17496
17160
16896
16768
16464
16400
16416
16208
16032
16016
16000
15920
15872
15848
16008
15904
15848
15856
15984
16032
15848
15816
15784
15848
15864
16072
16288
16032
15640
15432
15488
15672
15952
15840
15768
15712
15368
15264
15392
15600
15680
15832
16048
16176
15944
15416
15376
15560
15608
15400
15536
15664
15784
15624
14896
14768
15104
15336
15712
15672
15424
15464
15440
15528
15424
15528
15496
15448
15504
15536
15528
15544
15576
15656
15600
15528
15648
15576
15416
15296
15304
15416
15728
16000
15936
15728
15568
15376
15464
15608
15632
15656
15720
16056
16168
15736
15608
15536
15520
15536
15552
15792
15848
15680
15712
15784
15880
15960
15880
15792
15912
15920
15816
15880
15984
15912
15872
15856
15952
16032
15952
15936
15984
15920
15960
16088
16056
15984
15896
15856
15872
16024
15976
15872
15968
16048
16008
15896
15904
16024
16000
15896
15912
15944
15912
15912
15888
15880
15960
15896
15872
16000
16000
15896
15864
15960
16008
15960
15904
15936
16016
15984
15944
16056
16080
16048
16080
16240
16456
16496
16320
16280
16344
16384
16240
16232
16208
16184
16080
15960
16008
16040
16008
16016
16040
16032
15856
15792
15792
15848
15872
15768
15808
15832
15872
15776
15784
15848
15856
15816
15792
15912
15928
15872
15744
15848
15912
15808
15872
15856
15920
15904
15888
15904
15808
15616
15472
15792
16960
18984
21632
24144
26552
26792
23984
19800
16832
16024
15896
15824
16144
16520
16536
16496
16400
16360
16328
16120
16208
16280
16224
16216
16184
16224
16320
16224
16160
16344
16360
16264
16288
16304
16368
16320
16304
16344
16448
16352
16384
16440
16504
16496
16440
16488
16600
16592
16568
16656
16728
16672
16688
16680
16824
16888
16880
16912
17040
17160
17144
17232
17344
17496
17552
17640
17752
17984
18048
18056
18216
18504
18592
18528
18648
18704
18688
18440
18352
18192
18104
17752
17512
17312
17184
16936
16720
16616
16568
16432
16264
16192
16208
16136
15976
16016
16048
16032
15952
15944
16000
15976
15904
15920
16040
16048
15928
15880
15976
15984
15928
15928
15936
16016
15904
15880
15896
15928
15880
15880
15912
15920
15872
15840
15824
15944
15880
15768
15800
15848
15872
15832
15736
15816
15832
15776
15720
15840
15832
15744
15776
15744
15792
15784
15696
15640
15728
15816
15696
15672
15720
15752
15680
15712
15728
15808
15712
15640
15752
15752
15744
15680
15664
15704
15704
15648
15624
15768
15688
15616
15648
15760
15736
15640
15632
15672
15720
15648
15608
15680
15680
15704
15624
15680
15760
15632
15568
15704
15720
15736
15656
15680
15768
15784
15680
15688
15728
15704
15656
15632
15720
15656
15616
15592
15696
15712
15720
15648
15648
15808
15672
15600
15696
15728
15688
15656
15672
15712
15672
15688
15640
15728
15768
15760
15728
15816
15920
15992
16160
16176
16216
16128
16008
16096
16088
16144
16024
15912
15848
15768
15768
15744
15904
15864
15800
15744
15752
15600
15592
15632
15648
15696
15600
15552
15640
15720
15552
15592
15632
15640
15592
15592
15616
15760
15688
15608
15640
15712
15728
15672
15672
15704
15712
15680
15584
15440
15232
15208
15592
16960
19240
22000
24592
26632
25672
22144
17968
15888
15568
15448
15448
15656
15960
16160
16088
16088
16112
16080
15992
15920
16000
16088
16000
15928
16088
16104
16096
15992
16104
16192
16112
16088
16152
16264
16240
16152
16232
16232
16216
16160
16288
16384
16376
16320
16376
16408
16488
16416
16448
16496
16616
16544
16520
16720
16760
16816
16824
16944
17104
17136
17112
17272
17456
17552
17608
17768
17952
18080
18112
18264
18456
18560
18568
18544
18600
18536
18344
18080
17920
17736
17448
17240
17072
16928
16752
16512
16344
16344
16240
16040
16000
16016
15952
15848
15832
15896
15856
15832
15784
15840
15848
15752
15744
15800
15888
15848
15768
15808
15880
15800
15784
15872
15856
15816
15784
15784
15880
15832
15784
15800
15848
15848
15800
15704
15840
15800
15720
15800
15864
15864
15872
15784
15848
15936
15856
15744
15800
15816
15800
15744
15792
15840
15816
15712
15688
15720
15728
15680
15624
15696
15648
15680
15648
15648
15632
15624
15624
15568
15680
15656
15512
15640
15632
15616
15600
15600
15712
15712
15600
15568
15688
15656
15608
15656
15720
15688
15672
15600
15664
15696
15656
15608
15664
15680
15664
15616
15680
15776
15768
15704
15856
16056
16152
16016
15984
15920
15976
15968
15992
16112
16024
15840
15712
15760
15744
15752
15736
15784
15768
15680
15616
15536
15592
15576
15464
15480
15568
15560
15480
15480
15528
15560
15528
15536
15608
15552
15520
15528
15584
15600
15560
15584
15608
15632
15624
15544
15640
15712
15696
15440
15288
15248
15496
16424
18504
21352
24200
26536
26640
23736
19312
16288
15408
15376
15416
15504
15760
16080
16144
16096
15968
15888
15928
15960
15912
15920
15968
15976
15952
15872
15992
15960
15976
16000
16056
16112
16128
16080
16192
16224
16192
16160
16200
16304
16264
16216
16272
16408
16344
16360
16336
16472
16448
16456
16480
16560
16656
16624
16640
16792
16864
16848
16896
17048
17176
17248
17344
17472
17672
17752
17792
17968
18152
18312
18416
18440
18584
18616
18488
18312
18240
18120
17784
17616
17392
17152
16880
16624
16528
16440
16240
16064
16024
15976
15880
15824
15824
15816
15792
15744
15696
15784
15712
15672
15704
15752
15776
15712
15680
15720
15768
15688
15616
15752
15768
15688
15656
15752
15720
15680
15624
15704
15768
15728
15696
15688
15712
15800
15704
15688
15744
15776
15680
15680
15728
15712
15664
15632
15696
15688
15608
15632
15648
15640
15688
15512
15640
15672
15640
15600
15616
15640
15672
15632
15600
15696
15696
15600
15584
15648
15688
15624
15576
15624
15608
15600
15552
15584
15608
15576
15528
15576
15640
15632
15584
15552
15640
15584
15544
15592
15648
15664
15576
15632
15616
15648
15568
15576
15680
15736
15648
15704
15824
16024
16088
16032
15976
15992
15992
15944
15984
16008
15944
15816
15728
15784
15776
15664
15704
15760
15744
15656
15496
15568
15552
15496
15432
15488
15536
15536
15424
15560
15592
15520
15496
15520
15568
15544
15472
15496
15592
15576
15520
15552
15608
15584
15576
15600
15664
15664
15440
15208
15264
15616
16736
18856
21664
24424
26632
25944
22808
18528
15976
15384
15352
15480
15728
15992
16112
16056
16088
15960
15896
15880
15944
15912
15872
15968
15968
15936
15896
15912
16032
16048
15968
15976
16024
16080
16032
16032
16080
16128
16096
16072
16152
16168
16112
16136
16216
16288
16288
16256
16360
16376
16416
16416
16512
16568
16600
16544
16656
16720
16776
16864
16936
17104
17232
17304
17296
17536
17704
17800
17856
18024
18248
18296
18312
18384
18472
18360
18168
18080
17936
17704
17432
17232
17040
16832
16576
16392
16336
16240
16096
15944
15992
15960
15856
15752
15816
15816
15704
15648
15680
15736
15744
15664
15744
15728
15704
15728
15688
15776
15720
15736
15752
15752
15744
15720
15656
15720
15680
15568
15616
15712
15664
15640
15632
15656
15672
15576
15536
15600
15672
15680
15568
15552
15608
15624
15560
15552
15632
15640
15536
15576
15632
15576
15592
15480
15576
15648
15624
15504
15600
15608
15584
15528
15568
15624
15568
15544
15496
15608
15584
15496
15504
15576
15584
15576
15472
15536
15568
15560
15480
15576
15568
15528
15568
15560
15592
15552
15464
15512
15608
15600
15520
15528
15576
15600
15488
15528
15544
15568
15520
15496
15584
15592
15512
15496
15576
15592
15552
15488
15552
15616
15576
15528
15560
15600
15568
15576
15552
15568
15584
15544
15576
15632
15704
15592
15600
15672
15784
15872
16040
16080
16032
15920
15856
15944
15968
15936
15840
15848
15808
15744
15648
15640
15704
15712
15592
15616
15608
15552
15496
15448
15512
15504
15504
15456
15488
15560
15536
15472
15544
15544
15528
15448
15520
15528
15552
15544
15536
15552
15632
15568
15544
15712
15720
15560
15368
15312
15320
15752
16952
19280
22072
24496
26448
25456
22160
18016
15712
15480
15472
15544
15800
16072
16192
16088
15968
16000
15984
15904
15896
15912
15952
15896
15928
15880
15968
16016
15976
15984
16016
16048
16080
16088
16080
16160
16104
16056
16096
16200
16176
16088
16128
16216
16264
16216
16216
16312
16360
16280
16264
16384
16480
16440
16432
16512
16632
16664
16648
16752
16960
17024
17016
17152
17352
17432
17504
17656
17800
17968
17984
18136
18304
18328
18328
18272
18256
18184
17968
17712
17560
17408
17152
16912
16760
16656
16440
16216
16152
16168
15984
15896
15872
15888
15856
15736
15736
15728
15760
15752
15720
15752
15824
15752
15720
15776
15776
15768
15680
15736
15800
15776
15696
15688
15792
15720
15712
15712
15720
15744
15672
15656
15712
15784
15672
15672
15728
15744
15680
15624
15672
15744
15720
15616
15712
15784
15720
15600
15624
15672
15640
15608
15584
15632
15688
15600
15568
15616
15632
15600
15520
15600
15648
15560
15568
15608
15648
15600
15536
15560
15640
15592
15488
15520
15600
15584
15504
15512
15584
15584
15496
15512
15600
15656
15552
15560
15560
15600
15528
15544
15504
15576
15536
15536
15584
15640
15632
15568
15576
15736
15856
15992
15968
15960
15896
15840
15872
15912
16032
15944
15872
15792
15656
15624
15624
15624
15704
15696
15584
15576
15576
15480
15408
15408
15512
15496
15448
15416
15512
15448
15424
15384
15480
15448
15440
15352
15520
15472
15400
15408
15464
15528
15512
15520
15472
15616
15560
15472
15176
15064
15120
15632
17000
19472
22424
24992
26600
24888
21152
17184
15560
15368
15296
15336
15432
15712
16000
15984
15936
15824
15944
15840
15776
15784
15848
15848
15784
15808
15864
15928
15896
15856
15976
15944
15944
15960
16024
15984
16016
16000
16128
16104
16096
16056
16136
16160
16192
16128
16176
16272
16288
16256
16328
16416
16432
16440
16528
16576
16640
16752
16776
16808
16968
16968
17056
17200
17352
17496
17576
17696
17856
17984
18064
18152
18312
18352
18264
18224
18128
18032
17704
17480
17272
17120
16872
16728
16584
16488
16272
16096
16048
15976
15912
15784
15768
15728
15656
15624
15640
15664
15632
15520
15592
15712
15624
15528
15560
15576
15672
15576
15552
15672
15664
15608
15608
15640
15632
15696
15656
15672
15736
15744
15632
15616
15784
15760
15632
15688
15704
15760
15656
15680
15760
15664
15592
15584
15600
15736
15648
15656
16496
16776
16488
16488
16200
16016
15848
15712
15736
15720
15720
15632
15608
15680
15680
15512
15536
15552
15672
15648
15584
15568
15744
15624
15584
15592
15608
15520
15560
15624
15672
15536
15512
15480
15672
15624
15520
15536
15704
15704
15688
15728
15880
16112
16040
15952
15920
16000
15928
15944
15992
16032
15896
15792
15728
15848
15760
15752
15720
15744
15728
15624
15584
15544
15592
15552
15504
15520
15568
15432
15480
15600
15616
15568
15584
15520
15640
15584
15576
15576
15592
15584
15568
15648
15704
15712
15640
15680
15720
15656
15384
15184
15192
15592
16752
19040
21984
24872
26864
25984
22424
18128
15872
15472
15440
15480
15536
15752
16000
16176
16088
15944
15968
15968
15928
15912
15920
15960
16040
15952
15928
15952
16048
16032
16024
16008
16112
16096
16096
16072
16176
16088
16056
16136
16280
16280
16224
16288
16336
16344
16352
16344
16464
16496
16496
16504
16592
16704
16608
16632
16744
16864
16904
16928
17096
17264
17328
17400
17528
17728
17800
17904
18072
18224
18424
18456
18480
18592
18568
18448
18304
18176
18016
17736
17520
17336
17208
16976
16792
16648
16600
16456
16312
16232
16224
16120
16088
16008
16024
16048
15896
15936
15952
15944
15864
15848
15888
15904
15896
15816
15880
15896
15824
15784
15776
15832
15800
15736
15720
15832
15840
15784
15712
15744
15752
15696
15720
15744
15808
15704
15752
15832
15840
15832
15840
15928
15952
15936
15832
15816
15888
15864
15776
15856
15832
15800
15800
15704
15768
15864
15712
15704
15800
15864
15760
15696
15792
15816
15752
15720
15800
15792
15808
15784
15784
15824
15832
15744
15808
15992
16000
16032
16160
16352
16360
16304
16320
16360
16384
16344
16328
16400
16416
16280
16144
16160
16160
16176
16104
16112
16144
16032
15904
15888
15920
15912
15800
15800
15856
15872
15784
15728
15800
15832
15800
15792
15816
15856
15808
15760
15792
15880
15872
15864
15824
15896
15928
15880
15872
15848
15584
15424
15712
16760
18848
21632
24408
26872
27032
24056
19696
16616
15760
15648
15664
15824
16328
16480
16392
16336
16296
16256
16176
16168
16240
16272
16216
16128
16240
16256
16176
16256
16272
16280
16272
16232
16288
16424
16360
16280
16360
16464
16456
16432
16472
16576
16520
16536
16568
16616
16672
16664
16648
16744
16792
16744
16744
16888
16984
16944
17048
17184
17264
17336
17384
17568
17800
17784
17848
18000
18264
18344
18440
18584
18768
18816
18824
18808
18728
18576
18352
18096
17936
17808
17432
17192
17088
16944
16688
16544
16488
16440
16312
16272
16224
16184
16176
16056
16032
16144
16056
16064
16032
16072
16048
16096
16032
16088
16096
16032
15920
16072
16112
16104
15992
16136
16160
16064
16008
16048
16040
15968
16040
16096
16048
15944
15888
15968
16064
16032
16096
15992
15984
16256
16032
16032
16000
16160
16072
15960
16056
15992
15952
15952
15984
16016
16144
16088
16064
16096
16008
15944
15952
15952
15984
15952
15984
16136
16024
16024
15936
15832
16240
16296
16320
16544
16528
16608
16480
16400
16560
16520
16488
16416
16488
16360
16144
16192
16376
16152
15784
16024
16128
16056
15904
15824
15816
15840
15920
15984
15984
15896
15712
15752
15920
15976
16032
15984
15832
15720
15768
16016
15992
15976
16176
15952
16040
16184
16072
15904
15848
15632
15376
15824
16368
18168
21072
23880
26512
27608
25416
20952
17008
15920
15848
16080
16136
16160
16560
16296
16664
16640
16504
16536
16432
16568
16472
16392
16432
16520
16624
16640
16656
16640
16456
16472
16568
16592
16736
16728
16688
16704
16680
16768
16776
16688
16856
16880
16888
16896
16888
16968
17016
16984
16960
17048
17168
17104
17104
17192
17304
17376
17336
17472
17640
17712
17728
17864
17968
18152
18280
18336
18488
18704
18736
18816
18968
19016
18944
18864
18744
18648
18408
18056
17848
17752
17464
17224
17064
16984
16880
16656
16568
16560
16456
16368
16312
16336
16320
16272
16208
16232
16288
16240
16240
16200
16240
16208
16144
16160
16248
16208
16168
16168
16168
16152
16136
16104
16136
16176
16080
16112
16144
16168
16048
16032
16088
16096
16056
15968
16040
16120
16024
15960
16000
16048
16024
15992
15976
16032
16040
15984
15936
16024
16000
15944
15960
15984
16024
15912
15896
15936
15968
15920
15880
15928
15984
15928
15872
15904
16000
15888
15880
15896
15936
15920
15856
15840
15888
15952
15816
15880
15944
15928
15880
15840
15864
15928
15864
15832
15864
15952
15896
15840
15904
15960
15976
15944
16056
16240
16376
16384
16376
16400
16336
16272
16080
16280
16304
16128
16064
16120
16040
15992
15864
15944
15960
15816
15704
15768
15792
15776
15704
15688
15832
15824
15704
15688
15744
15696
15712
15672
15736
15760
15704
15720
15752
15776
15720
15744
15728
15824
15744
15744
15824
15856
15792
15656
15488
15528
15712
16616
18584
21296
23800
26256
26832
24584
20552
16600
15328
15536
15568
15920
16280
16392
16312
16144
16072
16016
16000
15952
15968
15976
16040
16032
15968
15920
16016
16040
16040
16016
16024
16112
16016
16040
16048
16176
16112
16048
16088
16192
16128
16104
16080
16208
16208
16160
16240
16232
16288
16256
16256
16424
16472
16472
16488
16608
16688
16688
16752
16888
16992
16960
17088
17344
17488
17504
17592
17792
17920
18032
18080
18304
18360
18296
18216
18168
18072
17928
17664
17424
17280
17032
16856
16664
16520
16408
16200
16136
16112
16040
15960
15856
15848
15856
15792
15768
15808
15824
15808
15688
15688
15784
15784
15664
15696
15728
15776
15736
15696
15752
15720
15712
15712
15704
15712
15656
15624
15608
15648
15696
15568
15640
15680
15656
15544
15568
15632
15624
15568
15528
15560
15584
15504
15544
15528
15576
15552
15520
15544
15568
15552
15496
15520
15568
15552
15480
15496
15584
15560
15456
15480
15528
15568
15472
15496
15528
15512
15456
15408
15512
15504
15448
15408
15456
15512
15464
15408
15424
15520
15504
15432
15512
15488
15520
15376
15432
15464
15504
15480
15504
15488
15528
15440
15352
15448
15544
15416
15432
15504
15480
15472
15368
15352
15592
15520
15456
15400
15496
15520
15440
15456
15496
15544
15520
15448
15496
15552
15448
15416
15440
15512
15608
15448
15576
15616
15528
15504
15744
16024
15936
15864
15896
15904
15904
15912
15904
15968
15888
15656
15560
15712
15688
15640
15592
15632
15624
15592
15520
15464
15448
15416
15384
15512
15504
15408
15376
15400
15472
15536
15432
15416
15536
15576
15536
15496
15456
15528
15568
15512
15568
15656
15512
15488
15640
15672
15472
15120
15136
15520
16440
18288
21088
23728
25992
25696
22888
18856
16112
15408
15432
15560
15672
15952
16040
16128
16040
15920
15904
15840
15832
15776
15776
15832
15920
15944
15912
15888
15904
15928
15952
15864
15992
16016
15952
16024
16024
16048
16056
16040
16096
16184
16112
16040
16136
16288
16192
16192
16240
16328
16376
16328
16344
16536
16480
16504
16576
16704
16752
16720
16808
16960
17024
17144
17144
17376
17536
17576
17624
17816
17920
18016
18048
18168
18264
18232
18192
18096
17992
17760
17520
17328
17144
17016
16776
16528
16512
16384
16176
16072
16064
16000
15992
15864
15880
15848
15832
15776
15832
15888
15864
15776
15768
15848
15832
15752
15856
15896
15936
15848
15760
15784
15800
15760
15768
15744
15768
15768
15672
15680
15760
15688
15704
15696
15736
15736
15672
15712
15720
15696
15640
15648
15688
15688
15656
15608
15672
15680
15680
15600
15712
15728
15600
15576
15632
15648
15656
15560
15592
15664
15656
15608
15576
15640
15592
15560
15560
15672
15592
15528
15552
15664
15640
15560
15552
15648
15664
15576
15536
15592
15592
15576
15560
15592
15640
15616
15512
15568
15640
15592
15512
15544
15656
15688
15536
15584
15656
15672
15648
15648
15904
16072
16064
15960
15920
15944
15984
15984
16016
16064
16008
15840
15832
15816
15848
15776
15816
15872
15760
15656
15592
15624
15592
15488
15440
15576
15648
15512
15472
15544
15616
15496
15520
15488
15592
15584
15440
15504
15568
15552
15424
15504
15584
15600
15576
15544
15600
15680
15568
15360
15144
15088
15256
16280
18320
21112
23944
26176
26112
23120
18648
15960
15376
15344
15416
15312
15544
15872
15984
15880
15864
15896
15968
15864
15768
15856
15824
15784
15744
15832
15880
15896
15864
15952
15984
15968
15968
15944
16032
16032
16016
16040
16176
16144
16072
16088
16144
16184
16152
16152
16240
16352
16296
16256
16344
16384
16368
16384
16472
16592
16648
16656
16784
16848
16896
16960
17024
17256
17408
17408
17528
17648
17824
17840
17888
18048
18160
18072
17952
17904
17816
17592
17336
17160
17040
16792
16552
16368
16352
16216
15992
15904
15912
15856
15672
15624
15712
15664
15568
15520
15640
15640
15536
15568
15552
15656
15568
15568
15584
15656
15600
15504
15536
15624
15536
15528
15568
15624
15632
15568
15552
15608
15664
15584
15536
15632
15608
15576
15496
15552
15600
15496
15472
15464
15592
15512
15496
15448
15472
15528
15456
15408
15480
15520
15448
15448
15488
15456
15464
15384
15488
15448
15376
15296
15368
15440
15432
15400
15424
15448
15392
15360
15400
15488
15440
15416
15456
15576
15736
15776
15808
15856
15856
15696
15768
15880
15920
15776
15720
15720
15736
15536
15496
15568
15552
15480
15384
15304
15344
15376
15272
15240
15344
15336
15200
15240
15344
15320
15256
15224
15336
15360
15272
15184
15272
15352
15296
15280
15296
15384
15328
15240
15320
15456
15376
15392
15344
15304
15040
14856
14976
15936
17776
20416
23392
25936
26560
23928
19464
16272
15328
15104
15096
15192
15456
15704
15816
15760
15808
15776
15672
15696
15704
15752
15672
15680
15752
15784
15768
15760
15856
15912
15816
15808
15824
15880
15904
15888
15960
16024
16032
15984
16064
16096
16128
16112
16144
16224
16288
16240
16280
16368
16464
16400
16344
16520
16576
16656
16592
16840
16992
17008
17032
17192
17416
17512
17528
17656
17920
18040
18080
18232
18392
18424
18432
18408
18344
18224
18016
17776
17648
17416
17136
16880
16816
16608
16480
16280
16224
16160
16080
15952
15952
15968
15920
15832
15800
15840
15824
15736
15736
15856
15856
15816
15768
15816
15848
15800
15736
15800
15864
15832
15792
15824
15880
15856
15776
15792
15832
15864
15792
15792
15856
15888
15776
15752
15848
15872
15760
15768
15824
15816
15784
15720
15768
15856
15824
15760
15768
15832
15800
15736
15736
15800
15816
15784
15728
15824
15856
15680
15744
15832
15800
15760
15712
15840
15880
15784
15672
15784
15832
15776
15712
15752
15792
15760
15680
15720
15776
15800
15880
15992
16152
16208
16184
16192
16272
16224
16096
16120
16176
16144
16088
16008
15944
15912
15896
15864
15896
15912
15760
15680
15680
15688
15648
15552
15624
15648
15648
15592
15552
15640
15672
15608
15536
15664
15648
15568
15592
15632
15744
15696
15688
15696
15784
15696
15688
15736
15728
15592
15352
15392
15992
17368
19776
22528
25192
27048
25544
22096
17824
15528
15288
15360
15616
16048
16280
16320
16216
16176
16128
15928
15984
16000
16016
15960
15920
15984
16088
16000
16040
16120
16160
16096
16104
16216
16208
16224
16152
16264
16304
16240
16200
16296
16352
16392
16280
16400
16496
16448
16424
16456
16512
16544
16624
16624
16744
16824
16768
16848
16976
17144
17080
17208
17352
17504
17608
17696
17808
17976
18088
18168
18272
18464
18568
18552
18504
18544
18456
18256
18088
17912
17760
17472
17216
17040
16912
16760
16544
16520
16408
16328
16120
16080
16112
16080
16040
16000
16032
16024
15968
15968
16032
16024
15992
16008
16072
16040
15936
15944
16000
16016
15968
15912
15976
16032
15984
15936
15912
15920
15912
15856
15856
15896
15928
15768
15816
15880
15872
15840
15800
15872
15872
15824
15792
15832
15832
15856
15800
15848
15880
15840
15768
15832
15800
15864
15744
15792
15848
15856
15736
15768
15832
15816
15800
15784
15824
15872
15760
15752
15800
15800
15800
15720
15832
15944
15824
15784
15728
15808
15760
15720
15752
15880
15816
15704
15680
15824
15840
15704
15744
15792
15840
15816
15752
15768
15856
15784
15792
15864
15808
15792
15776
15872
15848
15840
15800
15928
15944
16016
15944
16056
16368
16424
16328
16272
16328
16320
16176
16200
16320
16192
16112
15992
16040
16096
16040
15936
16048
16000
15912
15888
15776
15864
15824
15752
15752
15800
15800
15744
15720
15792
15760
15720
15720
15720
15800
15760
15664
15808
15816
15840
15824
15832
15920
15888
15864
15896
15904
15696
15360
15472
16016
17360
19616
22312
24840
26944
25832
22544
18120
15664
15384
15480
15768
16168
16432
16368
16304
16240
16128
16072
16112
16048
16136
16104
16088
16128
16056
16056
16008
16104
16192
16104
16112
16152
16216
16128
16128
16264
16336
16304
16216
16240
16344
16280
16272
16288
16408
16440
16360
16360
16424
16456
16432
16464
16592
16672
16648
16592
16696
16848
16832
16864
17032
17176
17280
17344
17496
17688
17688
17816
17952
18160
18192
18232
18296
18344
18320
18168
18016
17856
17696
17384
17128
17032
16864
16680
16432
16376
16360
16192
15976
15984
15920
15896
15880
15872
15888
15824
15776
15784
15832
15848
15776
15776
15768
15832
15784
15704
15792
15808
15744
15720
15768
15776
15816
15728
15672
15768
15744
15808
15696
15832
15768
15648
15704
15800
15704
15728
15712
15760
15736
15632
15688
15680
15776
15656
15712
15752
15760
15744
15656
15672
15712
15704
15680
15736
15800
15784
15656
15720
15776
15784
15672
15688
15784
15760
15728
15664
15744
15776
15792
15720
15760
15792
15744
15744
15744
15824
15776
15736
15760
15840
15832
15712
15728
15816
15752
15728
15736
15784
15816
15800
15760
15848
15864
15776
15888
16016
16256
16320
16184
16160
16192
16168
16120
16200
16248
16112
15984
15912
15928
15968
15880
15904
15880
15872
15784
15624
15664
15752
15704
15680
15712
15744
15656
15640
15728
15712
15720
15640
15704
15736
15728
15648
15672
15736
15760
15688
15688
15800
15832
15752
15712
15816
15816
15856
15736
15608
15408
15384
15712
17024
19384
22224
24792
26952
26336
23000
18456
15824
15448
15552
15640
15992
16368
16368
16256
16160
16144
16128
16080
16032
16112
16216
16120
16104
16128
16216
16168
16160
16160
16248
16256
16208
16240
16272
16312
16272
16248
16360
16408
16336
16312
16400
16400
16368
16392
16488
16544
16520
16512
16608
16704
16712
16672
16784
16904
16952
16936
17024
17152
17192
17272
17304
17520
17688
17688
17792
17928
18088
18144
18288
18432
18576
18528
18416
18408
18320
18128
17880
17720
17576
17352
17160
16928
16872
16712
16528
16416
16376
16320
16136
16152
16120
16120
16064
16048
16008
16080
16000
15936
16016
16088
15984
15968
16016
16032
16040
16016
15960
15976
16024
15960
15928
15960
16040
15888
15864
15936
15952
15920
15864
15960
16000
15904
15864
15872
15960
15944
15856
15936
15936
15896
15880
15864
15920
15928
15904
15848
15928
15832
15800
15768
15848
15864
15792
15776
15784
15824
15856
15776
15760
15856
15832
15800
15792
15872
15840
15800
15824
15856
15896
15816
15744
15872
15848
15840
15800
15856
15840
15760
15720
15800
15848
15776
15696
15752
15832
15840
15776
15744
15808
15800
15784
15752
15744
15864
15760
15792
15832
15792
15800
15728
15800
15816
15784
15744
15808
15832
15784
15752
15736
15864
15760
15736
15768
15840
15768
15792
15832
15832
15800
15896
15824
15864
15960
16024
16096
16304
16368
16280
16240
16176
16304
16176
16160
16208
16144
16008
15960
15928
15920
15952
15920
15888
15856
15872
15688
15688
15688
15720
15680
15648
15664
15728
15696
15680
15712
15688
15640
15640
15656
15728
15712
15704
15704
15720
15656
15688
15744
15792
15792
15760
15752
15608
15432
15376
15600
16624
18632
21368
23872
26248
26408
23688
19424
16312
15488
15552
15584
15840
16248
16352
16160
16144
16112
16088
16008
16008
16048
16080
16032
16000
16064
16096
16080
16056
16088
16072
16144
16104
16128
16168
16216
16176
16200
16184
16240
16224
16248
16336
16320
16304
16272
16384
16408
16384
16352
16448
16512
16520
16600
16632
16656
16712
16680
16800
16904
16944
16976
17088
17232
17376
17448
17528
17664
17840
17864
18024
18152
18272
18272
18304
18336
18328
18192
17976
17872
17632
17376
17176
17064
16928
16744
16512
16440
16352
16216
16128
16000
16048
16040
15912
15944
15960
15880
15800
15840
15832
15872
15856
15816
15888
15896
15888
15816
15816
15936
15848
15856
15832
15864
15800
15752
15832
15840
15856
15816
15784
15816
15808
15760
15728
15736
15832
15728
15768
15752
15760
15800
15728
15752
15840
15736
15736
15712
15744
15776
15704
15704
15728
15792
15704
15688
15720
15776
15656
15640
15688
15776
15736
15648
15720
15752
15712
15640
15688
15760
15760
15640
15672
15720
15648
15624
15624
15680
15744
15680
15616
15648
15664
15664
15648
15648
15696
15672
15648
15664
15664
15608
15544
15616
15632
15608
15600
15592
15664
15680
15640
15648
15672
15696
15560
15584
15632
15640
15568
15568
15688
15664
15608
15584
15672
15824
15768
15736
15920
16152
16192
16072
16048
16040
16048
15992
16016
16040
16040
15872
15800
15704
15768
15720
15776
15792
15768
15656
15616
15584
15560
15584
15488
15520
15576
15544
15480
15504
15584
15544
15448
15464
15576
15568
15504
15496
15632
15680
15656
15600
15656
15728
15672
15608
15632
15688
15416
15184
15216
15672
16824
19072
21936
24528
26536
25400
21952
18032
15880
15488
15408
15608
15776
16032
16104
16192
16048
15952
15864
15928
15968
15992
15952
15944
16008
16024
15952
15976
16048
16032
15920
15968
16104
16088
16040
16080
16112
16064
16088
16072
16104
16168
16176
16216
16240
16296
16240
16216
16296
16368
16384
16368
16376
16528
16504
16544
16616
16680
16808
16792
16864
16976
17080
17160
17312
17408
17520
17648
17776
17880
17888
17960
18096
18120
18080
18136
17776
17904
17584
17472
17392
17392
17200
17112
16840
16440
16576
16408
16192
16120
15976
16064
15976
15952
15920
15976
15864
15808
15896
15848
15832
15752
15800
15856
15904
15792
15856
15840
15880
15784
15816
15856
15896
15856
15856
15872
15840
15808
15840
15856
15888
15848
15896
15944
15952
15888
15808
15792
15896
15840
15848
15840
15912
15920
15784
15800
15792
15848
15808
15752
15840
15816
15808
15712
15736
15912
15832
15744
15784
15776
15744
15736
15744
15864
15784
15744
15776
15816
15816
15760
15744
15880
15880
15792
15704
15848
15808
15760
15712
15720
15768
15688
15696
15680
15824
15760
15656
15656
15720
15824
15816
15792
15824
15968
15976
15992
16192
16272
16112
16096
16096
16200
16120
16040
16088
16024
15928
15792
15904
15824
15856
15792
15640
15840
15736
15576
15680
15712
15664
15600
15664
15616
15640
15584
15552
15688
15632
15608
15536
15608
15656
15608
15632
15664
15688
15672
15656
15656
15744
15800
15704
15808
15712
15480
15248
15360
15952
17424
19984
22784
25464
27144
25368
21600
17440
15672
15536
15528
15672
16056
16272
16240
16176
16080
16016
16016
16032
16120
16120
16008
16048
16160
16160
16136
16112
16104
16256
16184
16120
16256
16232
16184
16200
16264
16240
16264
16272
16312
16344
16352
16344
16384
16480
16448
16480
16504
16528
16568
16584
16648
16800
16808
16712
16832
16904
16992
17088
17128
17256
17384
17464
17600
17720
17848
18008
18064
18160
18344
18416
18440
18400
18504
18408
18208
17968
17760
17672
17360
17168
17008
16832
16648
16552
16368
16288
16216
16088
16048
16016
15912
15928
15936
15944
15904
15848
15856
15912
15816
15824
15800
15856
15880
15824
15768
15824
15848
15808
15808
15768
15816
15848
15776
15776
15872
15816
15736
15840
15808
15784
15736
15712
15816
15776
15744
15768
15760
15776
15768
15704
15720
15800
15720
15712
15712
15760