15928
15896
15944
15872
15896
15896
15936
15896
15880
15904
15912
15856
15880
15904
15928
15856
15856
15848
15912
15848
15888
15888
15928
15912
15872
15824
15888
15888
15856
15848
15928
15976
15888
15960
15992
16008
15992
16040
16104
16192
16256
16280
16320
16400
16296
16136
16096
16128
16080
15992
16000
16016
15904
15848
15776
15864
15880
15832
15784
15848
15880
15776
15816
15904
15848
15848
15768
15688
15504
15720
16272
17152
18512
19712
20992
22096
22344
22232
20624
17832
15904
15144
14952
15128
15464
15640
15864
16008
16016
16008
15936
15944
15952
15960
15992
15960
16016
16008
16040
15976
16024
16032
16008
16024
16072
16056
16080
16056
16096
16160
16176
16144
16144
16192
16216
16200
16200
16280
16328
16320
16320
16424
16488
16528
16496
16576
16648
16696
16744
16864
17016
17064
17072
17168
17288
17392
17464
17568
17680
17728
17712
17696
17720
17664
17520
17440
17280
17176
17024
16832
16744
16632
16528
16376
16288
16224
16216
16056
16016
16008
15992
15952
15960
15952
15952
15912
15912
15920
15944
15928
15904
15968
16000
15944
15896
15920
15976
15936
15896
16000
16016
15984
15936
15912
15984
15944
15928
15944
15984
16008
15936
15920
15912
15952
15904
15904
15928
15888
15936
15840
15816
15880
15880
15840
15848
15880
15856
15792
15776
15784
15776
15736
15672
15648
15592
15544
15568
15656
15696
15712
15728
15792
15776
15816
15736
15776
15776
15768
15760
15760
15760
15784
15704
15648
15688
15704
15600
15576
15576
15616
15584
15568
15552
15272
15520
15640
15568
15600
15592
15632
15816
15912
15784
15792
15840
15920
16016
15976
16008
16096
16184
16216
16248
16272
16256
16064
15968
15968
15920
15816
15808
15824
15800
15736
15632
15672
15728
15736
15896
15920
15816
15808
15696
15648
15704
15680
15616
15456
15432
15744
16368
17392
18912
20240
21456
22256
22296
21792
19640
16872
15384
14968
14888
15136
15352
15720
16008
16104
15992
15928
15864
15976
16152
16104
15944
15776
15704
15800
15832
15872
15928
16080
16024
15880
15864
15944
16056
16016
16032
15904
15960
15968
15976
16024
16064
16112
16056
16096
16192
16240
16232
16320
16408
16416
16384
16376
16528
16600
16704
16752
16920
17064
17088
17088
17176
17328
17400
17448
17448
17584
17600
17584
17568
17496
17408
17240
17064
16944
16888
16720
16568
16448
16344
16248
16144
16064
15984
15872
15792
15768
15792
15760
15688
15656
15680
15696
15648
15664
15728
15768
15752
15744
15792
15704
15728
15768
15856
15848
15928
15832
15808
15840
15752
15744
15784
15848
15864
15856
15848
15864
15840
15872
15800
15880
15848
15864
15832
15872
15872
15848
15800
15848
15888
15864
15840
15904
15888
15864
15744
15840
15888
15880
15832
15864
15912
15912
15864
15832
15848
15856
15840
15760
15824
15840
15848
15792
15848
15928
15896
15808
15840
15896
15912
15904
15920
15888
15888
15856
15944
15968
16080
16040
16080
16176
16304
16312
16328
16248
16176
16112
16048
16072
16016
15960
15920
15928
15880
15800
15800
15840
15864
15848
15808
15752
15832
15816
15824
15848
15904
15840
15680
15464
15560
16152
16920
18272
19664
20944
22088
22328
22272
20768
18032
15928
15112
14928
15064
15344
15624
15856
16016
15960
15936
15936
15960
15896
15936
15928
16008
15968
15968
15936
16008
16008
15952
15984
16064
16080
16016
16072
16144
16136
16128
16136
16184
16152
16184
16200
16240
16264
16248
16304
16336
16360
16424
16432
16472
16552
16608
16672
16728
16832
16872
16920
17016
17136
17256
17264
17424
17512
17584
17616
17680
17720
17816
17784
17664
17608
17496
17328
17144
17024
16952
16816
16640
16464
16432
16296
16192
16120
16096
16064
16008
15992
16016
16000
15912
15904
15936
16016
15976
15888
15976
15920
15912
15944
15944
15952
15952
15944
15968
16000
15952
15928
15944
16032
15976
15896
15920
15984
15944
15928
15952
15968
16024
16040
16008
16032
16016
15976
15960
16008
16048
15984
15968
15992
16032
16048
16000
16000
15984
16000
16040
16008
16008
16056
15984
15968
16008
15992
15952
15960
16024
15960
15912
15944
15984
16008
16056
15992
16040
16192
16136
16104
16240
16392
16496
16536
16480
16352
16272
16184
16096
16120
16104
16120
16048
16008
15952
15928
15928
15952
16032
15968
15968
15944
16008
16000
15968
15936
15960
15888
15704
15640
16000
16632
17752
19184
20464
21776
22416
22504
21768
19400
16760
15480
15104
15112
15384
15648
15840
16080
16072
16000
16016
16072
16128
16072
16096
16112
16144
16112
16120
16152
16200
16144
16120
16136
16184
16160
16256
16296
16280
16224
16232
16288
16368
16352
16320
16368
16416
16416
16424
16464
16536
16560
16520
16600
16704
16768
16816
16832
16928
17040
17080
17160
17256
17424
17480
17520
17624
17752
17792
17824
17880
18000
17944
17832
17704
17608
17488
17344
17216
17112
16992
16832
16672
16568
16488
16368
16272
16272
16296
16184
16144
16128
16152
16128
16072
16072
16136
16136
16096
16080
16072
16104
16096
16144
16128
16192
16152
16080
16144
16176
16160
16104
16152
16192
16160
16072
16128
16152
16136
16112
16136
16184
16184
16096
16064
16144
16144
16120
16120
16128
16144
16080
16056
16072
16056
16016
16016
15992
16048
16024
15952
15944
15960
15960
15872
15888
15856
15872
15784
15776
15760
15784
15744
15752
15816
15824
15792
15792
15856
15880
15920
15928
15968
16024
16112
16168
16320
16384
16392
16272
16152
16192
16160
16048
15968
16024
16040
15952
15848
15904
15864
15896
15856
15904
15920
15912
15896
15920
15960
15912
15896
15808
15752
15600
15768
16392
17472
18920
20112
21352
22288
22448
22000
20000
17392
15752
15064
14960
15224
15464
15704
15912
16000
16024
15992
15648
15944
15968
15968
15912
15896
16000
16040
15992
16008
15768
16112
16040
16040
16144
15752
16088
16048
16128
16144
15880
16176
16224
16320
16280
15960
16264
16344
16336
16320
16296
16544
16592
16544
16576
16696
16760
16784
16888
16992
17136
17136
17200
17384
17504
17568
17608
17720
17872
17984
17992
17888
17768
17776
17744
17672
17568
17272
17008
16872
16816
16632
16496
16456
16480
16424
16296
16456
16536
16392
16264
16296
16192
16240
16200
15960
15912
16408
17184
17496
16976
16416
16200
15808
15800
15904
15904
15920
16176
16312
16016
15832
15720
15736
16144
16192
16064
15904
15928
16184
16160
16072
16048
16120
16152
16064
16136
16176
16112
16064
16168
16120
16232
16136
15984
16504
16712
16288
15808
15848
15840
15952
15992
16160
16184
16016
15792
15824
15880
16072
16280
16432
16512
16456
16360
16200
16216
16128
16160
16144
16112
16048
15984
15952
15920
15928
15856
15904
15928
15920
15888
15880
15952
15952
15912
15920
15960
15872
15608
15496
15880
16528
17600
18960
20280
21528
22320
22440
22024
19848
17088
15664
15216
15216
15368
15592
15784
16016
16056
15992
15976
15992
16024
15936
15984
15968
16024
15976
15952
16016
16080
16016
15992
16000
16032
16056
16024
16064
16072
16088
16032
16080
16144
16136
16096
16208
16240
16320
16280
16272
16368
16384
16352
16432
16448
16528
16592
16624
16704
16808
16952
17080
17168
17248
17320
17352
17464
17560
17648
17632
17696
17816
17768
17648
17536
17400
17272
17112
16960
16832
16752
16592
16448
16360
16312
16160
16104
16112
16112
16056
16024
16016
16064
15984
15968
16000
16016
16000
16024
16000
16064
16024
16000
15944
16048
16064
16016
15968
16032
16056
16048
16040
15984
16096
16072
16016
16032
16064
16032
16024
16032
16048
16080
16024
15984
16040
16072
16024
15992
16056
16056
16024
15992
16016
16040
16000
15952
16008
16072
16040
16048
16032
16048
16048
16064
16072
16120
16152
16112
16160
16216
16208
16224
16224
16368
16536
16536
16488
16456
16336
16272
16248
16184
16168
16160
16096
16064
16072
16000
15992
16032
16064
16000
15952
15976
16008
16016
15960
16024
16000
16032
15912
15688
15704
16144
16776
17944
19256
20600
21784
22360
22536
21768
19384
16736
15512
15120
15208
15448
15656
15936
16104
16104
16032
16104
16096
16048
16008
16080
16104
16128
16080
16128
16184
16184
16128
16112
16168
16168
16160
16208
16272
16272
16272
16232
16288
16320
16288
16344
16400
16384
16400
16384
16464
16472
16560
16520
16640
16672
16680
16728
16864
16928
16984
17040
17136
17272
17392
17408
17512
17616
17712
17760
17784
17888
17936
17792
17704
17616
17576
17376
17232
17112
17064
16864
16680
16568
16512
16440
16320
16208
16248
16208
16136
16096
16128
16112
16072
16064
16112
16104
16072
16040
16080
16088
16080
16032
16040
16096
16128
16048
16072
16112
16056
16040
16088
16160
16120
16072
16048
16072
16104
16048
16056
16088
16120
16056
16064
16080
16080
16048
16008
16056
16088
16104
16032
16008
16000
15976
15960
15984
16064
16040
16024
16016
15968
15992
15992
16008
15984
16064
16016
16008
16032
16080
16072
16072
16144
16192
16240
16240
16360
16448
16496
16408
16312
16256
16256
16120
16080
16088
16080
16008
15912
15920
15984
15928
15912
15928
15928
15888
15912
15944
15984
15936
15888
15912
15896
15776
15536
15648
16240
17064
18432
19728
21056
22144
22312
22160
20728
18080
15992
15200
14960
15136
15376
15584
15856
16112
16040
15976
15936
16000
15960
15952
15984
16016
16016
16008
15968
16048
16000
16024
16040
16088
16120
16096
16048
16104
16144
16160
16128
16136
16224
16232
16184
16248
16256
16296
16328
16320
16408
16464
16440
16496
16568
16592
16616
16664
16808
16880
16944
17008
17144
17224
17336
17360
17440
17528
17592
17632
17648
17680
17624
17528
17448
17392
17256
17096
16952
16824
16736
16568
16464
16392
16320
16208
16120
16128
16056
16024
16008
16032
15984
16056
15936
16000
15968
15984
15944
15984
16040
16040
15992
15968
16032
16016
15984
15992
16056
16056
16040
16000
16040
16072
16008
15960
16000
16080
16032
15976
15984
16040
16032
16008
16040
16064
16064
15992
16016
16016
16064
16000
16024
16088
16072
16016
15976
16016
16048
16024
15968
15976
16080
16096
16064
16048
16160
16184
16168
16192
16232
16256
16248
16344
16504
16544
16488
16432
16344
16360
16312
16224
16184
16200
16152
16096
16056
16064
16088
16032
16056
16048
16056
16000
16048
16088
16104
16048
16032
16080
15976
15760
15688
16136
16848
17992
19312
20584
21784
22432
22560
21880
19640
17008
15752
15328
15424
15664
15816
16000
16256
16224
16160
16128
16184
16168
16128
16160
16184
16232
16184
16200
16168
16248
16224
16192
16264
16256
16280
16280
16304
16320
16304
16264
16344
16424
16416
16392
16416
16448
16480
16480
16480
16584
16608
16624
16664
16728
16784
16816
16856
16960
17064
17152
17208
17264
17328
17456
17480
17624
17688
17784
17760
17808
17832
17808
17688
17616
17544
17416
17240
17112
16976
16896
16752
16608
16528
16456
16384
16336
16248
16216
16184
16176
16096
16192
16168
16128
16072
16136
16144
16112
16128
16192
16224
16184
16112
16200
16152
16176
16160
16200
16232
16216
16176
16168
16224
16256
16152
16200
16200
16240
16160
16200
16256
16208
16192
16184
16200
16216
16192
16168
16192
16184
16192
16112
16160
16224
16200
16144
16168
16144
16160
16144
16112
16184
16192
16176
16128
16152
16152
16128
16176
16184
16208
16160
16168
16200
16224
16280
16304
16320
16336
16424
16456
16560
16648
16648
16552
16424
16432
16408
16344
16312
16256
16312
16216
16144
16136
16184
16144
16088
16152
16112
16152
16128
16120
16192
16192
16120
16120
16104
15880
15848
16184
16888
17976
19152
20408
21656
22464
22600
22104
19992
17368
15944
15384
15480
15744
15880
16080
16272
16352
16296
16248
16224
16272
16280
16240
16256
16296
16312
16256
16304
16264
16312
16272
16312
16288
16384
16368
16344
16384
16448
16376
16376
16456
16480
16520
16456
16512
16544
16584
16536
16616
16728
16712
16736
16776
16864
16944
16984
17000
17128
17248
17272
17360
17432
17536
17616
17696
17760
17872
17976
17960
17984
17944
17928
17768
17688
17544
17456
17304
17096
17032
16928
16720
16608
16536
16520
16432
16344
16344
16312
16272
16192
16216
16280
16232
16184
16128
16136
16128
16008
16016
16016
15984
15856
15680
15680
15744
15744
15880
15880
15872
15688
15408
15248
15384
15560
15784
15936
16008
15952
15976
15976
16032
15984
15984
16000
16024
16088
16064
16064
16064
16080
16040
16048
16064
16120
16104
16072
16080
16112
16064
16048
16048
16064
16104
16040
16008
16088
16096
16048
16072
16104
16160
16112
16104
16176
16200
16176
16208
16272
16296
16352
16424
16560
16640
16576
16464
16336
16376
16360
16176
16208
16208
16152
16096
16080
16072
16064
16032
16048
16032
16048
16040
16016
16064
16080
16008
16032
16024
15928
15712
15712
16320
17112
18400
19640
20960
22144
22488
22472
21240
18616
16344
15384
15064
15240
15544
15736
16008
16192
16200
16136
16088
16096
16136
16104
16088
16128
16168
16176
16120
16160
16176
16168
16168
16184
16272
16248
16208
16224
16256
16288
16264
16280
16344
16352
16368
16336
16432
16408
16480
16456
16496
16576
16616
16632
16656
16736
16824
16832
16912
17048
17144
17184
17272
17368
17448
17496
17560
17672
17752
17776
17784
17840
17816
17712
17584
17504
17432
17328
17120
16992
16864
16736
16616
16504
16432
16424
16272
16216
16208
16224
16136
16160
16136
16152
16112
16088
16128
16136
16120
16064
16088
16128
16152
16096
16120
16128
16120
16096
16064
16176
16200
16184
16200
16168
16136
16080
16128
16136
16128
16080
16104
16112
16160
16112
16104
16104
16096
16160
16104
16128
16104
16096
16064
16072
16080
16088
16064
16032
16064
16096
16064
16024
16096
16120
16112
16072
16096
16112
16048
16032
16048
16128
16064
16072
16088
16152
16160
16144
16160
16256
16272
16240
16256
16352
16424
16504
16552
16568
16504
16360
16288
16272
16224
16176
16128
16136
16120
16032
16024
16032
16048
16048
15984
15992
16040
15976
16016
16040
16056
16008
16000
15888
15720
15728
16200
16848
18104
19448
20712
21864
22432
22544
21728
19168
16624
15512
15104
15144
15400
15696
15984
16152
16144
16104
16144
16096
16064
16080
16136
16096
16088
16136
16136
16104
16112
16120
16176
16224
16168
16184
16216
16200
16208
16224
16304
16328
16296
16288
16280
16384
16344
16368
16416
16472
16472
16488
16568
16616
16608
16672
16704
16856
16880
16944
17032
17128
17160
17312
17328
17496
17552
17584
17688
17736
17800
17776
17776
17752
17704
17520
17320
17264
17152
16976
16792
16744
16600
16552
16360
16280
16304
16248
16160
16144
16144
16096
16096
16072
16064
16088
16056
16032
16072
16080
16096
16096
16072
16064
16096
16040
16024
16144
16112
16048
16056
16072
16096
16048
16080
16104
16128
16104
16112
16128
16104
16080
16048
16080
16080
16128
16112
16120
16032
16008
15968
16024
16064
16040
15992
15992
15984
16056
15960
15944
16040
16024
16016
15920
15968
15984
15976
15960
16008
16056
15960
15952
15912
15976
15952
15944
15944
16008
16024
16008
15968
15944
16032
16016
16048
16128
16192
16168
16240
16368
16416
16408
16424
16344
16272
16224
16168
16080
16040
16032
15976
15960
15976
15936
15904
15912
15968
15920
15872
15872
15936
15928
15920
15864
15928
15856
15664
15520
15792
16384
17272
18640
19864
21192
22232
22368
22208
20520
17752
15800
15104
14936
15176
15448
15624
15920
16080
16000
15952
15960
15936
15920
15936
15920
15976
15984
15920
16000
16056
16008
15936
15992
16040
16040
16016
16040
16136
16120
16040
16096
16168
16224
16192
16184
16232
16288
16304
16256
16352
16432
16408
16432
16496
16584
16600
16608
16680
16840
16864
16864
16992
17160
17176
17224
17264
17440
17512
17528
17560
17656
17680
17608
17520
17448
17392
17232
17120
16920
16832
16752
16544
16376
16360
16240
16216
16096
16120
16040
16040
15936
15952
15936
15968
15896
15904
15920
15880
15888
15880
15904
15936
15864
15840
15920
15896
15872
15912
15944
15952
15960
15912
15896
15968
15880
15872
15944
15944
15952
15888
15872
15920
15936
15880
15904
15952
15968
15920
15912
15888
15912
15864
15888
15920
15872
15920
15864
15880
15904
15872
15848
15880
15904
15872
15896
15864
15952
15896
15920
15976
16040
16016
16048
16136
16216
16352
16344
16320
16264
16200
16136
16064
16032
15976
15968
15888
15872
15864
15832
15848
15848
15848
15824
15736
15824
15840
15840
15784
15784
15832
15800
15664
15440
15472
15968
16720
18120
19560
20808
21968
22264
22264
20968
18280
16184
15376
15088
15136
15392
15528
15736
15968
15960
15896
15920
15848
15872
15872
15952
15928
15936
15928
15928
15968
15960
15952
16000
16080
16056
16048
16080
16016
16016
16016
16096
16168
16152
16160
16160
16216
16256
16232
16216
16376
16392
16376
16424
16504
16528
16568
16584
16704
16808
16872
16880
16984
17080
17152
17200
17280
17432
17472
17512
17560
17648
17576
17576
17488
17456
17256
17144
17024
16928
16800
16688
16536
16424
16416
16240
16200
16152
16096
16072
16048
16056
16040
16040
16016
16016
16048
16024
16016
15992
16064
16040
16016
16048
16048
16080
16016
16040
16048
16064
16064
16048
16064
16080
16048
16016
16008
16088
16048
16056
16024
16056
16056
15984
16032
16024
16016
16032
16008
16048
15984
16048
15960
16056
16040
16008
15960
16016
16040
16024
15952
15976
16000
16048
15992
16008
16040
16064
16056
16072
16168
16200
16192
16184
16248
16400
16464
16440
16440
16400
16224
16192
16200
16136
16088
16064
16128
16040
16008
15928
15904
15976
15960
15920
15920
15968
15976
15920
15952
15936
15952
15936
15800
15664
15768
16280
17056
18256
19480
20768
21944
22336
22472
21240
18608
16392
15480
15192
15328
15544
15816
16008
16096
16056
16040
16040
16024
15984
16016
16056
16056
16032
16024
16072
16072
16072
16104
16136
16152
16144
16128
16176
16176
16104
16176
16216
16232
16248
16248
16280
16336
16328
16336
16376
16464
16504
16504
16544
16632
16640
16672
16768
16864
16928
16968
17040
17104
17232
17280
17376
17472
17592
17608
17664
17736
17776
17800
17736
17696
17624
17472
17312
17184
17072
16888
16752
16656
16568
16432
16352
16256
16232
16152
16112
16096
16096
16120
16088
16040
16088
16064
16032
16056
16048
16104
16040
16048
16056
16096
16048
16064
16072
16096
16088
16064
16064
16072
16096
16032
16040
16120
16056
16064
16056
16000
16064
16024
16024
16072
16096
16064
16000
16024
16024
16016
16016
15984
16016
16024
16016
16024
15992
16008
15976
16000
16008
16000
15992
15936
15968
15992
15960
15976
15968
15992
15984
15968
15976
16056
16008
16016
16080
16128
16160
16136
16128
16240
16320
16424
16440
16488
16384
16232
16224
16184
16168
16104
16096
16032
16048
15968
15928
15904
15912
15904
15880
15936
15896
15920
15912
15920
15896
15912
15904
15824
15608
15720
16088
16808
18064
19320
20544
21792
22328
22424
21528
18976
16488
15352
14944
15080
15376
15640
15912
16016
15944
16008
15952
15936
15880
15992
16024
15936
15960
16016
16024
15984
16000
16016
16080
16048
16056
16096
16104
16120
16096
16080
16168
16176
16184
16224
16224
16256
16248
16280
16320
16392
16360
16424
16488
16496
16528
16592
16648
16760
16832
16840
16960
17000
17104
17144
17264
17344
17456
17504
17584
17624
17656
17672
17656
17640
17576
17392
17248
17168
16984
16848
16736
16616
16512
16400
16280
16216
16168
16080
16008
15992
16048
15984
15952
15912
15976
15952
15960
15936
15952
15976
15928
15920
15984
15952
15968
15936
15952
15992
16000
15960
15976
16008
15984
15944
16032
16048
16032
16024
16064
15968
16032
16000
15904
15968
16080
16024
15992
15968
15912
16024
15976
15912
16000
16088
16072
15976
15952
15928
15808
15880
15944
16016
15904
15912
15760
15736
15848
15840
15888
15816
15776
15744
15864
15944
15912
15856
15880
15848
15752
15944
16008
15856
15880
15760
16016
16104
16304
16280
16160
16416
16488
16208
16160
16240
16192
15832
15856
16008
16064
15952
15744
15552
15616
15776
15776
15880
15992
15536
15448
15696
15848
15856
15776
15688
15592
15504
15816
16576
17976
19296
20336
21608
22184
22376
21512
18872
16288
15136
14640
14752
15192
15520
15720
15784
15792
15856
15824
15800
15824
15832
15800
15792
15872
15928
15936
15832
15728
15776
15832
15880
15936
16016
15896
15800
15848
15936
15920
15944
15936
16016
16056
16080
16048
16160
16224
16136
16080
16216
16288
16344
16376
16376
16512
16568
16632
16688
16816
16912
16936
16912
17088
17160
17368
17512
17656
17568
17432
17272
17408
17448
17384
17168
17096
17024
16880
16696
16456
16472
16352
16208
16080
16072
16048
15912
15856
15952
15896
15928
15912
15728
15680
15800
15904
16016
15904
15560
15536
15672
15768
15760
15776
15976
15824
15808
15848
15712
15688
15720
15712
15760
15888
15800
15744
15704
15752
15944
16008
15656
15592
15800
15768
15712
15824
15824
15696
15640
15768
15848
15856
15664
15648
15744
15752
15736
15672
15760
15744
15712
15744
15768
15880
15936
15880
15864
15840
15856
15976
15944
16032
16208
16160
16176
15992
15920
15824
15904
15904
15760
15792
15728
15736
15712
15728
15760
15712
15792
15472
15464
15632
15656
15720
15640
15488
15584
15584
15528
15376
15376
15792
16480
18000
19512
20744
21648
22024
22024
20840
18136
15984
15160
14864
14984
15232
15360
15616
15744
15776
15736
15712
15808
15744
15768
15784
15920
15696
15712
15824
15728
15736
15816
15744
15824
15792
15792
15856
15952
16000
16032
16040
15968
15912
15848
15928
15952
16000
16008
16080
16024
16112
16184
16216
16376
16440
16224
16248
16392
16576
16640
16616
16680
16816
16888
16960
17064
17176
17312
17248
17168
17376
17336
17328
17152
17216
17088
16960
16808
16592
16624
16376
16176
16088
15976
15960
15928
15936
15968
15896
15656
15736
15800
15784
15760
15736
15688
15704
15720
15824
15736
15720
15760
15664
15704
15712
15640
15688
15728
15824
15840
15808
15792
15784
15720
15728
15776
15768
15776
15776
15688
15664
15768
15736
15760
15792
15816
15800
15704
15696
15744
15672
15696
15768
15728
15776
15824
15864
15696
15600
15640
15824
15800
15728
15784
15920
16008
15872
15856
15968
16128
16168
16120
16024
15984
15896
15848
15736
15728
15704
15672
15640
15648
15664
15592
15536
15632
15688
15712
15608
15424
15536
15584
15552
15576
15600
15544
15320
15344
15784
16448
17592
18968
20280
21504
21952
21928
21120
18752
16336
15240
14848
14984
15112
15344
15568
15744
15784
15704
15528
15584
15648
15640
15640
15704
15672
15688
15656
15752
15712
15680
15672
15744
15856
15664
15664
15704
15744
15768
15784
15840
15904
15920
15888
15944
15976
15952
15952
16000
16128
16136
16176
16312
16432
16600
16592
16104
16064
16408
16536
16632
16664
16848
16888
16920
17120
17208
17304
17304
17272
17256
17312
17288
17264
17104
16920
16744
16528
16256
16216
16152
16040
16032
15976
15776
15608
15640
15632
15680
15680
15624
15672
15592
15400
15368
15512
15544
15504
15592
15712
15656
15544
15576
15568
15616
15600
15592
15720
15840
15792
15672
15648
15632
15632
15600
15664
15728
15704
15624
15656
15640
15648
15600
15616
15632
15608
15616
15632
15744
15800
15744
15648
15600
15536
15696
15544
15384
15536
15648
15752
15616
15576
15768
15840
15824
15944
15728
15648
15872
16024
16104
15960
15896
15992
15984
15888
15712
15664
15512
15520
15448
15400
15568
15648
15560
15576
15432
15552
15544
15424
15472
15568
15528
15552
15552
15600
15440
15256
15304
15928
16672
17808
19120
20432
21568
21944
22088
20880
18336
15936
15032
14768
14960
15120
15344
15552
15736
15712
15664
15712
15688
15688
15656
15680
15728
15680
15688
15720
15768
15760
15712
15712
15768
15784
15784
15752
15832
15816
15800
15808
15848
15864
15912
15880
15920
15936
16008
16008
16016
16072
16040
16176
16136
16328
16304
16336
16392
16480
16552
16608
16704
16824
16976
16992
16992
17152
17272
17288
17320
17424
17440
17296
17240
17168
17024
16880
16752
16648
16536
16392
16248
16128
16064
15976
15872
15832
15832
15824
15704
15680
15704
15688
15656
15608
15664
15656
15656
15616
15632
15656
15688
15632
15680
15680
15704
15696
15648
15688
15704
15680
15712
15728
15760
15696
15680
15664
15736
15720
15728
15768
15784
15720
15712
15776
15792
15792
15848
16016
16256
16416
16464
15712
15432
15904
15688
15560
15944
15680
15280
15320
15576
15768
15872
16008
15920
15864
15856
15928
16096
15920
15872
15936
15784
15960
15888
15784
15792
15824
15752
15680
15656
15704
15680
15560
15504
15536
15560
15536
15504
15560
15552
15536
15536
15496
15568
15536
15480
15392
15304
15232
15512
16120
17240
18536
19720
21000
21896
22064
21656
19576
16856
15280
14712
14672
15008
15336
15560
15736
15760
15720
15648
15600
15648
15704
15704
15712
15672
15688
15752
15688
15712
15776
15808
15744
15728
15752
15824
15792
15800
15872
15904
15880
15880
15872
15944
15960
15968
16024
16088
16064
16096
16160
16192
16240
16224
16288
16400
16376
16456
16528
16656
16720
16776
16904
16936
17112
17168
17208
17256
17408
17368
17400
17392
17336
17208
17072
16976
16880
16760
16616
16472
16384
16280
16128
15992
16008
15936
15832
15744
15768
15792
15768
15704
15680
15744
15704
15704
15648
15728
15712
15680
15672
15664
15712
15696
15704
15664
15736
15704
15664
15736
15744
15728
15672
15720
15720
15720
15672
15688
15664
15680
15640
15656
15688
15712
15632
15616
15648
15704
15608
15632
15648
15696
15632
15616
15640
15656
15600
15616
15680
15680
15656
15656
15632
15720
15720
15728
15808
15872
15800
15832
15992
16064
16128
16080
16048
15984
15952
15848
15808
15736
15736
15672
15592
15592
15584
15592
15584
15584
15592
15584
15544
15608
15624
15600
15584
15544
15552
15560
15384
15216
15304
15768
16520
17832
19296
20560
21656
21856
21848
20512
17896
15752
15008
14736
14776
15064
15288
15488
15680
15656
15632
15648
15640
15672
15616
15688
15680
15656
15648
15696
15744
15704
15672
15736
15760
15696
15680
15720
15784
15784
15768
15792
15872
15848
15824
15864
15912
15952
15896
15976
16064
16064
16048
16024
16144
16160
16232
16304
16400
16480
16504
16568
16648
16728
16816
16848
16952
17032
17120
17144
17176
17232
17256
17216
17120
17048
16936
16744
16632
16536
16440
16304
16136
16072
16048
15944
15816
15768
15792
15752
15728
15736
15720
15664
15648
15616
15648
15688
15640
15672
15696
15736
15656
15648
15696
15736
15728
15696
15736
15752
15696
15720
15720
15720
15760
15728
15712
15744
15744
15672
15704
15728
15768
15744
15712
15744
15728
15720
15696
15696
15768
15712
15688
15752
15680
15704
15640
15656
15712
15696
15664
15720
15744
15672
15648
15672
15712
15744
15744
15736
15840
15872
15840
15856
15920
16000
16088
16160
16232
16248
16088
15904
15984
15920
15888
15840
15848
15832
15752
15672
15632
15680
15648
15672
15680
15720
15688
15656
15648
15696
15680
15624
15640
15600
15456
15344
15640
16328
17400
18672
19896
21104
21968
22104
21624
19576
16936
15480
14952
14920
15192
15488
15568
15760
15776
15776
15736
15680
15688
15736
15680
15656
15728
15744
15768
15752
15776
15824
15832
15768
15784
15824
15888
15856
15872
15896
15880
15880
15888
15960
15960
16000
15944
15992
16080
16080
16112
16168
16168
16248
16296
16296
16416
16464
16504
16560
16704
16816
16848
16872
17040
17120
17136
17200
17344
17392
17440
17408
17448
17392
17272
17160
17056
16936
16784
16624
16520
16440
16304
16176
16104
16056
15992
15920
15880
15872
15872
15760
15768
15792
15792
15800
15744
15832
15840
15808
15720
15784
15816
15824
15832
15832
15856
15848
15792
15816
15864
15848
15832
15848
15896
15856
15856
15760
15848
15872
15872
15840
15864
15888
15816
15776
15856
15864
15872
15840
15856
15880
15848
15824
15808
15856
15832
15824
15824
15832
15864
15840
15832
15864
15888
15864
15848
15856
15880
15816
15832
15832
15832
15840
15832
15856
15872
15872
15848
15848
15936
15936
15944
15976
16008
16032
16008
16032
16240
16336
16336
16328
16256
16144
16072
16048
16000
15952
15976
15928
15912
15880
15816
15792
15800
15840
15848
15792
15808
15872
15824
15768
15784
15824
15808
15720
15528
15600
16032
16680
17776
19048
20328
21520
22144
22272
21560
19200
16624
15320
14984
15088
15328
15592
15864
16064
16000
15936
15944
16000
15928
15928
15960
15976
15968
15960
15976
16040
16024
16032
16048
16072
16088
16048
16080
16104
16120
16168
16136
16152
16192
16136
16176
16216
16264
16256
16256
16304
16400
16368
16400
16496
16568
16592
16608
16688
16800
16880
16896
16960
17072
17160
17224
17360
17496
17528
17584
17640
17688
17744
17664
17648
17568
17504
17304
17168
17032
16896
16816
16616
16576
16464
16384
16248
16192
16200
16176
16088
16056
16072
16096
16000
16008
16016
16040
16000
15976
16080
16040
16032
16024
16040
16064
16048
16040
16080
16104
16080
16048
16016
16096
16112
16064
16040
16112
16104
16048
15992
16056
16080
16064
16040
16064
16080
16032
16008
16000
16056
16040
16040
15992
16064
16040
16000
15984
16032
16056
15992
16008
16000
16032
15928
15960
16008
16008
16016
16008
15976
16000
15976
15944
15976
16040
16000
15968
16000
16040
16040
15984
15960
15976
16040
15952
16008
16056
16096
16000
16056
16104
16104
16152
16136
16200
16264
16360
16392
16440
16456
16408
16200
16248
16240
16144
16072
16080
16080
16024
16008
15944
15992
16000
15920
15960
15952
15944
15960
15928
15960
15984
15920
15920
15856
15688
15688
16176
16880
18112
19360
20568
21792
22312
22416
21512
19016
16552
15392
15040
15152
15464
15736
15952
16104
16104
16112
16056
16040
16048
16072
16088
16048
16064
16072
16088
16096
16056
16136
16104
16120
16112
16192
16168
16192
16152
16176
16248
16184
16248
16272
16312
16296
16288
16320
16368
16384
16408
16424
16496
16504
16520
16544
16688
16784
16760
16864
16984
17072
17096
17160
17264
17384
17376
17480
17600
17672
17656
17648
17680
17672
17560
17424
17328
17208
17064
16896
16752
16680
16544
16384
16288
16240
16168
16104
16064
16064
16032
15960
15968
16000
15984
15928
15904
15896
15928
15928
15912
15904
15952
15952
15896
15904
15928
15920
15936
15920
15952
15944
15856
15808
15880
15928
15888
15888
15872
15904
15912
15840
15840
15864
15848
15784
15848
15912
15904
15856
15768
15880
15872
15808
15768
15864
15832
15752
15736
15816
15800
15808
15808
15832
15816
15776
15744
15752
15784
15768
15776
15776
15760
15768
15720
15704
15752
15752
15744
15776
15784
15776
15704
15712
15712
15752
15704
15704
15744
15784
15728
15752
15768
15760
15824
15792
15896
15896
15968
16032
16088
16224
16256
16128
16016
16000
15960
15872
15792
15792
15800
15704
15664
15688
15720
15672
15640
15656
15672
15672
15656
15632
15696
15720
15616
15600
15584
15320
15280
15752
16472
17760
19064
20312
21552
21992
22000
20984
18576
16248
15152
14784
14880
15120
15360
15544
15712
15784
15736
15672
15672
15712
15752
15728
15664
15744
15784
15728
15768
15760
15752
15768
15752
15808
15840
15808
15776
15856
15848
15872
15864
15888
15960
15976
15904
15992
16048
16064
16040
16072
16128
16184
16152
16200
16272
16336
16384
16432
16480
16632
16664
16712
16856
16952
17016
17072
17152
17264
17304
17304
17368
17368
17320
17248
17128
17080
16928
16752
16640
16536
16440
16264
16192
16128
16040
15912
15848
15816
15816
15776
15704
15712
15760
15704
15696
15704
15688
15720
15704
15680
15712
15736
15680
15640
15696
15736
15696
15752
15728
15736
15696
15704
15712
15728
15704
15712
15704
15728
15736
15648
15704
15736
15744
15696
15712
15712
15736
15720
15704
15736
15744
15688
15664
15648
15720
15648
15680
15680
15688
15704
15664
15712
15712
15744
15640
15616
15640
15704
15656
15696
15712
15744
15728
15760
15760
15800
15816
15808
15912
16016
16080
16144
16168
16056
15976
15920
15888
15880
15808
15704
15680
15696
15664
15616
15600
15656
15696
15648
15584
15648
15648
15592
15616
15608
15672
15640
15504
15320
15296
15552
16232
17392
18888
20104
21184
21912
22032
21376
19144
16648
15432
15096
14992
15160
15344
15592
15720
15768
15768
15816
15744
15704
15728
15760
15744
15752
15760
15776
15800
15744
15752
15824
15816
15792
15856
15904
15912
15856
15856
15912
15968
15904
15920
15976
16032
16000
16048
16056
16104
16112
16112
16160
16312
16320
16288
16336
16456
16472
16592
16632
16744
16864
16904
16968
17080
17160
17224
17296
17352
17448
17384
17376
17344
17256
17160
17008
16920
16816
16688
16488
16360
16280
16184
16056
15952
15992
15928
15848
15840
15784
15816
15776
15760
15800
15824
15784
15712
15760
15784
15776
15736
15784
15792
15800
15760
15744
15784
15792
15784
15792
15832
15816
15800
15776
15800
15816
15792
15792
15832
15832
15824
15776
15792
15776
15792
15736
15776
15800
15776
15720
15744
15784
15728
15744
15768
15752
15760
15744
15680
15744
15768
15712
15712
15752
15776
15720
15712
15728
15744
15728
15704
15704
15760
15784
15760
15776
15824
15840
15880
15872
15936
16008
16040
16096
16152
16192
16128
16024
15928
15936
15856
15792
15832
15848
15728
15720
15680
15752
15664
15704
15704
15704
15712
15688
15688
15728
15736
15672
15648
15616
15440
15392
15824
16600
17832
19040
20280
21472
22040
22144
21256
18880
16528
15432
14960
15080
15280
15544
15664
15824
15864
15840
15752
15736
15784
15792
15776
15808
15824
15840
15800
15832
15848
15840
15856
15824
15864
15936
15960
15920
15952
15960
15984
15952
16024
16064
16064
16040
16056
16128
16176
16176
16168
16248
16280
16344
16336
16416
16504
16560
16616
16696
16808
16840
16928
16960
17104
17216
17256
17320
17472
17488
17528
17528
17536
17512
17368
17240
17168
17072
16904
16768
16616
16520
16384
16240
16192
16128
16056
15968
15928
15936
15880
15848
15848
15880
15888
15832
15824
15824
15856
15848
15832
15872
15888
15840
15840
15864
15888
15832
15808
15896
15904
15904
15824
15832
15888
15872
15872
15864
15896
15912
15872
15832
15848
15872
15848
15808
15864
15880
15864
15816
15864
15888
15840
15832
15856
15880
15872
15792
15800
15792
15848
15792
15808
15880
15840
15808
15792
15776
15880
15752
15752
15832
15872
15824
15824
15776
15848
15832
15792
15784
15840
15792
15776
15720
15800
15824
15832
15800
15880
15936
15912
15928
15968
16016
15968
16016
16176
16264
16320
16256
16216
16104
16024
16000
16016
15920
15936
15832
15848
15808
15800
15744
15752
15792
15760
15744
15720
15816
15776
15720
15728
15736
15744
15632
15432
15512
16080
16792
17936
19208
20520
21712
22104
22128
21168
18648
16288
15200
14952
15088
15304
15512
15784
15960
15888
15856
15896
15896
15856
15848
15880
15856
15848
15848
15864
15952
15960
15864
15896
15968
15968
15968
15984
16000
16064
15984
16016
16040
16048
16080
16056
16096
16152
16192
16144
16184
16256
16248
16296
16376
16440
16488
16512
16552
16648
16760
16776
16848
17008
17064
17160
17200
17328
17424
17472
17504
17632
17648
17640
17560
17496
17432
17224
17064
16968
16880
16760
16528
16384
16384
16264
16128
16104
16056
16032
15952
15904
15904
15928
15880
15896
15848
15928
15840
15808
15840
15896
15864
15832
15864
15920
15904
15872
15840
15920
15936
15872
15864
15904
15952
15896
15880
15880
15920
15816
15832
15888
15888
15864
15800
15824
15832
15888
15824
15840
15848
15856
15840
15808
15840
15840
15824
15800
15856
15864
15832
15824
15816
15840
15768
15768
15824
15856
15816
15784
15784
15800
15776
15736
15776
15824
15832
15760
15752
15792
15760
15736
15752
15800
15864
15816
15792
15872
15944
15904
15896
16032
16160
16208
16240
16272
16232
16088
16008
16040
15968
15904
15856
15816
15848
15816
15696
15728
15776
15800
15720
15696
15696
15760
15712
15744
15760
15808
15736
15632
15472
15456
15824
16472
17688
19024
20304
21472
22080
22272
21504
19176
16616
15360
14928
14904
15200
15440
15680
15816
15888
15872
15848
15864
15808
15848
15904
15896
15832
15832
15928
15920
15856
15856
15928
15936
15944
15952
15992
16024
16016
16000
16040
16032
16056
16048
16072
16144
16144
16152
16184
16184
16224
16192
16304
16408
16424
16432
16464
16576
16672
16672
16784
16928
16968
16984
17056
17176
17248
17344
17392
17496
17592
17560
17520
17560
17496
17312
17224
17120
17016
16864
16704
16568
16448
16368
16224
16152
16144
16128
15992
15936
15920
15920
15832
15848
15888
15896
15888
15864
15848
15904
15840
15792
15848
15856
15904
15864
15824
15896
15912
15920
15872
15928
15920
15904
15856
15888
15896
15880
15872
15880
15944
15920
15904
15888
15888
15904
15880
15864
15920
15928
15888
15848
15952
15920
15832
15888
15888
15920
15880
15872
15888
15880
15880
15872
15912
15976
15920
15888
15880
16000
15944
15912
15936
16008
16040
16072
16064
16088
16144
16176
16288
16408
16480
16440
16320
16240
16216
16144
16088
16064
16128
16056
15960
15960
15928
15936
15936
15928
15992
16008
15968
15968
15976
15944
15928
15896
15936
15864
15584
15656
16208
17024
18400
19656
21000
22144
22424
22384
20984
18368
16216
15360
15128
15264
15544
15760
15920
16144
16120
16056
16024
16064
16072
16080
16064
16072
16112
16080
16040
16136
16192
16112
16128
16152
16136
16144
16192
16208
16232
16248
16224
16240
16288
16296
16264
16240
16368
16440
16408
16424
16480
16504
16480
16544
16648
16672
16736
16776
16880
16944
17040
17072
17216
17328
17384
17440
17512
17624
17696
17696
17768
17808
17784
17656
17512
17472
17352
17192
17040
16928
16840
16672
16504
16448
16384
16264
16224
16168
16208
16152
16056
16016
16056
16032
16024
15976
16080
16104
16064
16008
16016
16048
16016
16016
16064
16128
16072
16032
16024
16088
16072
16032
16048
16080
16048
16056
15992
16080
16016
16040
16016
16048
16080
16032
16032
16032
16040
16016
16016
16016
16040
16032
16000
16000
16040
15984
15960
15992
15992
15992
15976
15960
15960
16000
15968
15976
16000
16040
16024
15960
16016
16032
16032
16072
16144
16160
16152
16152
16280
16368
16432
16368
16328
16248
16200
16128
16048
16056
16064
15992
15920
15936
15896
15880
15872
15864
15896
15896
15832
15872
15904
15928
15864
15888
15880
15800
15544
15560
15960
16664
17736
19088
20320
21624
22272
22352
21760
19416
16752
15408
14976
15032
15256
15504
15816
16040
15992
15960
15960
15968
15904
15912
15944
15984
15960
15976
15976
15992
16016
15992
15984
16064
16096
16056
16056
16064
16120
16088
16104
16136
16160
16160
16144
16168
16232
16240
16248
16272
16360
16400
16344
16416
16472
16552
16536
16624
16760
16848
16864
16944
17016
17160
17216
17256
17368
17520
17520
17584
17600
17688
17656
17552
17544
17424
17304
17136
16976
16848
16752
16584
16440
16360
16312
16168
16096
16056
16064
15976
15896
15936
15984
15944
15896
15912
15904
15880
15856
15864
15952
15944
15912
15912
15912
15896
15896
15888
15952
15968
15936
15912
15944
15928
15888
15904
15928
15952
15944
15880
15896
15944
15904
15840
15912
15944
15920
15856
15856
15904
15888
15856
15856
15864
15864
15840
15792
15856
15872
15848
15776
15840
15856
15840
15776
15840
15880
15840
15840
15824
15952
15944
15936
15992
15968
16048
16128
16192
16328
16376
16320
16152
16096
16128
16040
15928
15952
15952
15920
15816
15744
15808
15792
15752
15768
15792
15816
15744
15752
15792
15776
15744
15744
15744
15680
15456
15456
15952
16672
17912
19216
20536
21744
22232
22256
21256
18696
16256
15136
14768
14944
15208
15416
15624
15848
15848
15792
15784
15816
15824
15816
15816
15824
15864
15792
15840
15840
15872
15872
15864
15872
15920
15952
15888
15936
15968
16008
15928
16008
16032
16064
16024
16056
16144
16152
16144
16160
16200
16208
16280
16280
16384
16424
16504
16512
16592
16720
16792
16824
16912
17080
17144
17168
17280
17344
17424
17424
17496
17536
17536
17456
17320
17248
17144
17000
16848
16728
16640
16472
16336
16216
16144
16040
16032
15944
15960
15896
15832
15824
15848
15840
15776
15784
15816
15856
15784
15760
15792
15800
15768
15784
15840
15840
15832
15792
15776
15832
15824
15752
15800
15840
15864
15816
15784
15824
15856
15792
15792
15824
15864
15824
15824
15832
15808
15800
15792
15768
15864
15792
15768
15776
15800
15776
15728
15720
15800
15824
15776
15760
15800
15840
15800
15848
15960
15960
15936
15984
16088
16192
16208
16184
16128
16072
16024
15944
15888
15848
15824
15776
15768
15704
15720
15664
15688
15712
15720
15672
15688
15720
15664
15680
15688
15688
15728
15608
15440
15344
15384
15936
16776
18192
19568
20856
21904
22128
22040
20552
17832
15744
15048
14768
14896
15120
15432
15640
15800
15728
15744
15744
15712
15688
15792
15800
15744
15752
15736
15824
15800
15784
15808
15848
15856
15792
15800
15896
15872
15888
15880
15912
16000
15944
15936
16024
16064
16008
16032
16112
16184
16160
16160
16224
16264
16312
16376
16448
16544
16608
16656
16712
16816
16928
16960
17056
17160
17232
17288
17344
17416
17456
17408
17352
17344
17272
17136
16952
16816
16720
16608
16480
16376
16280
16192
16072
15984
15984
15920
15864
15840
15856
15872
15808
15800
15808
15832
15784
15768
15800
15872
15832
15776
15816
15824
15816
15776
15864
15856
15880
15816
15864
15880
15912
15848
15864
15880
15888
15864
15872
15864
15896
15848
15824
15864
15864
15904
15840
15832
15864
15856
15824
15816
15856
15888
15808
15800
15808
15848
15816
15832
15832
15888
15840
15816
15848
15920
15920
15920
15984
16072
16008
16016
16120
16264
16312
16272
16264
16200
16096
16072
16000
15968
15984
15896
15872
15856
15824
15832
15760
15784
15808
15776
15776
15784
15848
15744
15776
15808
15744
15760
15648
15448
15592
16056
16808
18032
19296
20624
21776
22192
22368
21264
18640
16216
15264
14912
15024
15256
15584
15840
16000
15928
15896
15880
15896
15840
15880
15944
15952
15864
15880
15944
15928
15912
15904
15976
16000
15984
15944
16016
16040
16024
16064
16040
16088
16144
16120
16104
16176
16168
16144
16240
16320
16336
16296
16336
16368
16472
16496
16528
16632
16712
16760
16840
16888
17016
17096
17144
17296
17416
17472
17488
17520
17576
17600
17496
17480
17440
17304
17112
16960
16896
16704
16568
16456
16400
16328
16192
16128
16064
16056
15976
15912
15928
15968
15920
15888
15904
15960
15896
15840
15856
15936
15928
15904
15896
15928
15904
15896
15904
15960
15992
15928
15896
15936
15912
15888
15872
15896
15920
15904
15864
15864
15944
15920
15888
15872
15928
15944
15896
15872
15904
15944
15848
15824
15920
15920
15920
15872
15872
15848
15808
15840
15880
15872
15912
15824
15848
15880
15840
15816
15848
15888
15904
15888
15864
15952
15984
16000
16008
16024
16080
16112
16240
16304
16352
16336
16232
16104
16112
16096
15984
15904
15936
15904
15872
15856
15832
15872
15768
15848
15824
15816
15824
15760
15816
15816
15808
15784
15808
15744
15472
15472
15936
16648
17760
19032
20280
21624
22224
22312
21616
19256
16704
15336
14864
14944
15272
15480
15728
15952
15984
15904
15824
15848
15904
15896
15864
15928
15920
15904
15936
15920
15992
15968
15968
15992
16032
16056
15976
15984
16072
16064
16048
16024
16120
16160
16152
16160
16192
16224
16272
16296
16352
16408
16408
16432
16456
16576
16592
16640
16736
16856
16920
16960
17000
17112
17216
17240
17328
17496
17560
17592
17576
17656
17640
17576
17488
17408
17272
17152
16960
16856
16744
16648
16472
16376
16344
16264
16136
16064
16008
16048
15928
15976
16000
15992
15968
15912
15952
15936
15952
15920
15960
16040
15936
15952
15952
15992
15936
15952
15968
15992
16016
16016
15976
16008
15984
15936
15944
15960
15992
15944
15960
15944
15984
15896
15904
15984
16008
15936
15912
15896
15976
15928
15904
15896
15960
15952
15888
15920
15912
15936
15920
15864
15912
15952
15920
15864
15880
15880
15880
15872
15864
15944
15944
15872
15888
15960
15936
15928
16016
16048
16032
16080
16208
16280
16392
16368
16352
16256
16192
16136
16024
16000
16008
15976
15888
15840
15912
15864
15824
15808
15856
15840
15824
15800
15896
15896
15816
15832
15872
15848
15632
15472
15648
16176
16976
18304
19640
20968
22016
22232
22224
20720
18040
15944
15128
14912
15040
15304
15544
15808
15976
15912
15888
15888
15912
15856
15848
15936
15928
15888
15856
15920
15960
15888
15920
16000
16008
15952
15984
15976
16024
16016
16008
16016
16040
16104
16096
16096
16160
16176
16104
16152
16192
16248
16304
16288
16360
16424
16432
16504
16544
16656
16752
16768
16872
16952
17000
17088
17192
17280
17384
17408
17480
17512
17496
17448
17400
17320
17264
17120
16928
16816
16712
16584
16416
16360
16304
16136
16056
15992
15960
15944
15856
15856
15880
15856
15800
15792
15816
15848
15800
15768
15824
15824
15800
15768
15832
15840
15816
15784
15832
15840
15872
15840
15784
15816
15816
15824
15848
15832
15872
15792
15784
15816
15864
15752
15768
15816
15848
15808
15808
15816
15824
15776
15752
15744
15808
15776
15744
15752
15776
15808
15760
15792
15808
15800
15728
15768
15816
15832
15784
15792
15912
15984
15936
15888
15944
16096
16144
16208
16272
16280
16128
16040
16008
16016
15928
15848
15864
15848
15800
15744
15688
15744
15744
15688
15744
15728
15760
15704
15728
15736
15760
15728
15688
15616
15456
15360
15744
16448
17760
19168
20384
21592
22160
22192
21224
18800
16432
15336
14984
14960
15248
15464
15656
15840
15856
15912
15776
15792
15848
15904
15888
15872
15848
15888
15872
15856
15880
15960
15944
15936
15920
15984
15944
15960
15944
16048
16064
16048
16064
16080
16120
16136
16160
16184
16208
16248
16296
16280
16384
16408
16392
16464
16576
16608
16688
16696
16816
16920
16936
17016
17120
17272
17272
17352
17416
17504
17520
17496
17512
17464
17400
17256
17168
17032
16904
16696
16600
16520
16376
16288
16160
16152
16120
16040
16024
15992
16016
15976
15944
15944
15920
15872
15888
15936
15960
15968
15920
15952
15936
15936
15920
15952
15992
15984
15976
15936
15944
15952
15904
15880
15952
16008
15936
15952
15896
15992
15928
15920
15976
15976
15984
15944
15888
15952
15936
15888
15888
15912
15904
15856
15864
15952
15896
15840
15848
15920
15928
15872
15856
15856
15848
15848
15840
15824
15888
15856
15848
15888
15920
15888
15888
15976
15976
16040
15992
16064
16184
16320
16288
16312
16232
16136
16080
16048
16000
15968
15952
15896
15920
15832
15808
15760
15776
15824
15792
15736
15760
15776
15824
15768
15760
15784
15808
15688
15488
15496
15952
16496
17592
18896
20152
21336
22056
22280
21760
19520
16840
15472
14952
14992
15224
15456
15712
15960
15944
15880
15872
15872
15856
15856
15880
15920
15840
15872
15896
15920
15912
15888
15928
16008
15920
15944
15976
16016
16016
16000
16032
16080
16048
16080
16096
16120
16160
16144
16176
16232
16288
16304
16336
16376
16424
16464
16456
16584
16672
16680
16800
16896
17000
17048
17128
17224
17336
17440
17424
17512
17544
17584
17512
17480
17464
17392
17224
17048
16944
16808
16672
16504
16448
16384
16232
16120
16096
16016
16000
15952
15904
15928
15928
15896
15816
15896
15880
15824
15816
15944
15936
15904
15920
15896
15920
15888
15896
15912
15936
15920
15872
15896
15928
15912
15872
15904
15960
15968
15912
15888
15904
15960
15896
15888
15904
15928
15880
15888
15904
15928
15888
15896
15896
15944
15920
15880
15840
15896
15896
15824
15888
15864
15944
15864
15832
15896
15912
15856
15832
15872
15856
15872
15864
15888
15896
15856
15840
15912
15896
15952
15880
15960
16008
16024
16000
16040
16144
16328
16352
16360
16344
16208
16088
16072
16040
16032
15968
15928
15888
15896
15816
15784
15832
15832
15856
15776
15800
15808
15800
15784
15808
15808
15832
15776
15632
15488
15624
16104
16904
18232
19528
20760
21920
22264
22232
20928
18248
16080
15240
14904
15040
15320
15624
15840
15888
15880
15888
15896
15856
15872
15912
15960
15904
15880
15984
16000
15928
15944
15976
16024
15984
16000
15992
16072
16080
16016
16024
16064
16096
16024
16120
16168
16168
16152
16160
16296
16320
16312
16368
16416
16528
16496
16512
16616
16656
16704
16760
16912
16976
17032
17080
17200
17280
17360
17384
17480
17608
17640
17632
17600
17584
17480
17360
17232
17136
17040
16832
16712
16624
16512
16376
16296
16240
16176
16120
16040
16040
16048
16016
15968
15888
15992
15952
15896
15880
15928
15936
15920
15880
15928
15976
15904
15904
15928
15936
15904
15912
15944
15968
15992
15912
15968
15968
15928
15896
15928
15888
15936
15920
15928
15872
15960
15872
15880
15936
15952
15840
15864
15856
15936
15832
15848
15840
15904
15856
15848
15848
15808
15872
15816
15864
15928
15952
15896
15904
15960
15944
15944
15968
16056
16152
16192
16280
16312
16352
16240
16128
16096
16104
15944
15880
15888
15880
15800
15824
15808
15832
15816
15800
15768
15808
15784
15752
15752
15768
15840
15784
15768
15720
15480
15328
15512
16160
17232
18808
19976
21224
22048
22096
21608
19560
17024
15648
15168
15056
15184
15480
15584
15736
15904
15944
15840
15840
15800
15832
15848
15800
15896
15856
15864
15808
15872
15928
15896
15872
15888
15984
15960
15976
15936
15920
16000
16024
15992
16040
16136
16080
16072
16120
16144
16160
16144
16216
16304
16328
16288
16352
16472
16512
16520
16616
16752
16760
16800
16896
17024
17136
17128
17176
17312
17400
17376
17384
17448
17392
17264
17192
17064
16952
16888
16704
16600
16504
16360
16248
16152
16128
16120
15984
15920
15976
15928
15928
15872
15936
15952
15904
15864
15856
15888
15848
15880
15896
15960
15896
15912
15920
15920
15960
15936
15944
16024
16008
15976
15952
15984
15992
15968
15976
16048
16088
15976
15984
16016
16032
16008
15952
16008
16048
16016
16016
16032
16016
16016
15976
16016
16024
16072
16064
16048
16072
16128
16104
16160
16224
16272
16304
16368
16504
16504
16456
16312
16272
16256
16264
16104
16112
16152
16104
15992
15984
16000
16008
15968
15928
15984
15952
15944
15952
15936
16016
15976
15936
15928
15888
15704
15600
15936
16608
17728
18968
20272
21512
22248
22360
21872
19840
17256
15912
15416
15376
15592
15744
15880
16096
16096
16032
16032
16008
16024
16016
16032
16056
16088
16056
16072
16000
16072
16080
16072
16088
16160
16160
16080
16080
16136
16160
16136
16136
16216
16208
16160
16192
16232
16200
16264
16232
16264
16344
16416
16400
16464
16568
16568
16616
16696
16816
16888
16936
16968
17096
17168
17232
17312
17456
17520
17536
17536
17536
17528
17424
17376
17280
17216
17080
16904
16744
16656
16544
16408
16360
16264
16264
16144
16088
16024
16064
16016
15984
15992
16032
15984
15984
16000
15928
15976
15952
15944
16016
16008
15960
15968
15984
15976
15992
15912
16016
16032
15920
15928
15960
15968
15888
15904
15944
15976
15912
15864
15888
15888
15896
15880
15960
16008
15880
15888
15816
15888
15864
15880
15904
16008
16048
16008
16040
16104
16112
16104
16144
16240
16360
16344
16312
16296
16152
16032
16016
16064
16072
16056
16008
15984
15912
15928
15912
15944
15992
15968
15984
15888
15984
15976
15912
15936
15984
16024
15952
15712
15600
15840
16464
17424
18768
20048
21240
22160
22352
22160
20424
17744
16160
15592
15464
15584
15736
15928
16144
16152
16104
16080
16128
16048
16080
16080
16096
16064
16112
16144
16128
16168
16120
16160
16160
16176
16136
16176
16264
16248
16272
16248
16304
16264
16248
16304
16368
16392
16336
16392
16416
16464
16432
16488
16584
16600
16608
16632
16768
16800
16848
16912
17024
17104
17192
17280
17320
17424
17544
17528
17576
17632
17648
17608
17552
17512
17376
17192
17096
16968
16896
16712
16592
16448
16376
16288
16248
16216
16216
16192
16080
16064
16088
16056
16048
15992
16088
16064
16008
15968
16064
16120
16064
16032
16048
16104
16064
16048
16048
16064
16080
16032
16096
16104
16104
16080
16072
16072
16104
16072
16024
16112
16104
16088
16048
16064
16056
16112
16080
16104
16176
16200
16136
16208
16216
16232
16272
16336
16464
16552
16528
16472
16424
16344
16288
16240
16248
16176
16144
16104
16048
16032
16000
15952
16016
16048
15976
15968
15992
16008
16000
15968
15984
16008
15984
15912
15728
15584
15896
16440
17496
18872
20160
21384
22208
22368
22096
20152
17536
16008
15480
15352
15488
15656
15848
16064
16080
16080
16080
16064
16056
16000
16072
16048
16024
16000
16072
16104
16080
16040
16088
16152
16128
16088
16160
16192
16168
16168
16152
16192
16240
16184
16208
16272
16304
16320
16304
16384
16400
16400
16424
16520
16592
16568
16600
16696
16800
16840
16888
17008
17080
17144
17208
17288
17360
17440
17504
17504
17608
17616
17488
17456
17352
17216
17112
16960
16912
16744
16624
16448
16392
16312
16240
16152
16128
16120
16072
16008
15992
16008
15952
15920
15928
16008
15976
15944
15952
15936
15984
15952
15960
16000
16008
15976
15936
15960
15976
15904
15968
15960
16032
15952
15936
15952
15984
15968
15904
15944
15928
15976
15920
15976
15976
16040
16064
16064
16104
16136
16160
16200
16360
16416
16456
16416
16400
16256
16192
16128
16080
16056
16040
16024
15976
15912
15880
15856
15824
15880
15872
15840
15816
15856
15904
15848
15824
15824
15880
15816
15736
15600
15536
15960
16576
17744
19064
20328
21544
22152
22272
21640
19296
16656
15432
15000
15032
15288
15560
15808
15912
15904
15936
15904
15840
15864
15872
15896
15896
15872
15912
15920
15944
15872
15920
15952
16008
15928
15976
15992
15976
15984
16024
16112
16120
16072
16056
16136
16144
16168
16184
16232
16240
16280
16288
16328
16400
16456
16480
16552
16648
16744
16752
16800
16896
17016
17048
17136
17248
17328
17376
17416
17456
17520
17456
17376
17328
17256
17104
16968
16784
16688
16584
16416
16296
16240
16216
16096
16000
15984
15944
15880
15832
15912
15896
15832
15816
15848
15856
15768
15840
15824
15864
15832
15824
15816
15872
15840
15824
15808
15848
15872
15832
15824
15872
15880
15824
15784
15864
15864
15776
15776
15840
15848
15824
15824
15872
15880
15840
15896
15920
16016
15984
15928
15984
16104
16144
16224
16304
16264
16224
16096
16024
16048
16016
15888
15832
15840
15832
15760
15680
15720
15712
15712
15672
15696
15680
15704
15672
15672
15720
15672
15680
15672
15616
15520
15336
15480
16136
17024
18336
19552
20864
21960
22152
22016
20472
17728
15680
14872
14720
14968
15272
15488
15680
15896
15832
15776
15712
15808
15808
15768
15736
15792
15808
15800
15808
15792
15856
15848
15832
15896
15936
15912
15912
15904
15976
15912
15920
15968
16008
16024
16032
15992
16064
16120
16080
16120
16232
16264
16240
16296
16344
16408
16472
16520
16624
16712
16800
16776
16912
17000
17056
17168
17216
17320
17336
17352
17312
17312
17280
17144
17040
16968
16800
16680
16504
16440
16312
16208
16080
16064
16000
15920
15856
15856
15824
15808
15760
15768
15784
15824
15760
15696
15752
15800
15752
15784
15744
15808
15792
15752
15824
15800
15768
15736
15792
15832
15792
15704
15792
15752
15776
15744
15744
15744
15768
15712
15704
15760
15768
15680
15688
15752
15728
15656
15656
15696
15728
15632
15624
15656
15672
15656
15624
15624
15704
15720
15688
15704
15768
15832
15784
15776
15784
15872
15952
16040
16112
16144
16056
15864
15832
15872
15808
15736
15720
15736
15664
15568
15560
15592
15560
15552
15528
15552
15528
15536
15488
15576
15544
15520
15480
15536
15496
15296
15160
15512
16216
17224
18512
19792
21128
21880
21952
21520
19352
16696
15152
14616
14632
14944
15120
15336
15624
15664
15584
15584
15584
15656
15616
15584
15632
15632
15616
15664
15688
15736
15656
15648
15696
15688
15720
15720
15744
15760
15800
15784
15784
15832
15856
15792
15840
15880
15944
15936
15904
15968
16032
16080
16112
16208
16256
16256
16344
16360
16440
16528
16568
16704
16800
16888
16896
16984
17088
17128
17168
17232
17232
17256
17120
17040
16944
16856
16680
16600
16456
16384
16240
16136
16048
15976
15904
15808
15816
15816
15728
15720
15680
15696
15680
15592
15608
15680
15696
15624
15600
15632
15640
15648
15640
15632
15672
15664
15632
15664
15664
15648
15624
15640
15680
15712
15672
15632
15664
15688
15624
15640
15704
15712
15688
15616
15648
15656
15608
15640
15664
15680
15640
15608
15608
15608
15624
15584
15624
15672
15648
15584
15544
15584
15608
15544
15624
15648
15616
15600
15584
15592
15608
15608
15632
15688
15720
15728
15696
15720
15744
15824
15920
16016
16120
16104
16008
15872
15848
15824
15720
15656
15688
15688
15584
15544
15568
15592
15544
15536
15592
15608
15544
15528
15568
15624
15568
15512
15576
15576
15376
15136
15296
15904
16776
18144
19392
20760
21736
21864
21696
20128
17480
15560
14920
14760
14944
15160
15352
15568
15728
15664
15664
15632
15696
15672
15680
15680
15696
15704
15664
15656
15760
15776
15752
15728
15736
15784
15752
15824
15784
15904
15832
15864
15856
15912
15896
15928
15952
15968
16048
15984
16056
16072
16144
16128
16184
16280
16336
16360
16376
16512
16568
16632
16688
16784
16920
16944
16968
17088
17168
17224
17240
17280
17304
17248
17128
17080
16992
16904
16720
16616
16512
16392
16248
16168
16112
16064
15960
15920
15872
15912
15784
15792
15760
15776
15752
15768
15760
15760
15816
15760
15752
15808
15800
15752
15768
15792
15808
15752
15760
15776
15808
15800
15784
15824
15816
15768
15776
15792
15784
15776
15736
15760
15784
15784
15760
15744
15800
15776
15704
15752
15800
15760
15712
15720
15704
15744
15704
15688
15696
15760
15664
15680
15656
15704
15680
15672
15688
15752
15704
15688
15672
15712
15712
15648
15552
15688
15712
15648
15648
15696
15680
15624
15680
15736
15728
15752
15736
15744
15824
15856
15808
15872
16040
16144
16144
16072
16128
15968
15864
15840
15864
15808
15736
15704
15728
15664
15616
15584
15632
15640
15592
15560
15584
15648
15608
15584
15640
15616
15648
15520
15360
15336
15728
16288
17256
18536
19760
20896
21712
21960
21576
19480
16808
15328
14792
14792
15064
15320
15560
15688
15664
15656
15648
15680
15648
15584
15672
15704
15664
15688
15728
15728
15696
15688
15728
15760
15696
15720
15784
15816
15768
15760
15848
15872
15832
15888
15904
15968
15960
15936
15928
16040
16056
16088
16120
16176
16272
16280
16264
16376
16480
16536
16560
16664
16776
16824
16872
16984
17080
17152
17168
17264
17344
17400
17344
17288
17256
17168
17008
16888
16808
16648
16472
16352
16272
16184
16104
15992
15968
15960
15848
15760
15712
15784
15720
15648
15696
15768
15728
15664
15712
15720
15760
15704
15752
15720
15768
15712
15704
15768
15768
15752
15744
15816
15808
15768
15728
15768
15784
15768
15736
15728
15792
15752
15696
15728
15768
15776
15728
15752
15784
15808
15744
15720
15704
15792
15736
15760
15784
15776
15736
15744
15728
15792
15720
15760
15704
15776
15752
15744
15704
15728
15768
15752
15704
15768
15792
15728
15736
15688
15728
15736
15744
15728
15760
15760
15720
15744
15728
15768
15720
15728
15744
15760
15728
15680
15704
15728
15664
15688
15760
15744
15720
15728
15744
15760
15768
15784
15840
15928
15880
15840
15920
16064
16168
16192
16176
16200
16064
15952
15912
15936
15880
15832
15824
15832
15792
15696
15720
15760
15744
15736
15760
15752
15816
15800
15744
15776
15800
15824
15664
15512
15648
16120
16824
18032
19256
20520
21648
22048
22248
21232
18568
16184
15192
14912
15088
15344
15648
15936
16032
16000
15936
15928
15984
15936
15968
15992
16000
15960
15944
15992
16000
16040
16016
16064
16096
16024
16048
16096
16112
16064
16072
16136
16192
16168
16168
16168
16264
16208
16256
16312
16336
16360
16392
16368
16456
16544
16568
16576
16688
16808
16832
16880
17000
17080
17152
17200
17304
17392
17456
17512
17592
17608
17648
17632
17656
17568
17448
17312
17184
17064
16960
16800
16704
16648
16496
16392
16288
16240
16200
16144
16056
16096
16088
16024
15992
16008
16024
15992
16016
15992
16032
16016
15952
16016
16040
16032
15984
16000
16040
16064
16008
16008
16000
16040
16008
16008
15992
16048
16024
16032
16024
16016
15960
15968
15944
16024
16024
15976
16000
16008
16008
15944
15976
16000
16008
15928
15952
15944
15992
15968
15960
15944
16008
15976
15960
15904
15992
15944
15960
15912
15976
15960
15912
15936
15904
15968
15888
15888
15936
15968
15888
15896
15904
15968
15944
15936
15920
15960
15928
15912
15896
15944
15952
15920
15928
15984
15936
15888
15816
15928
15904
15912
15944
15984
15968
15920
15896
15904
15912
15872
15888
15936
15928
15936
15936
15984
16032
16048
16080
16200
16288
16352
16328
16352
16288
16216
16152
16144
16056
16040
15968
15912
15920
15896
15880
15832
15904
15920
15832
15832
15848
15856
15896
15832
15880
15968
15776
15520
15496
15952
16656
17808
19160
20488
21688
22168
22224
21384
19024
16552
15360
15008
15104
15296
15488
15816
16048
16016
15984
15968
16024
16008
15976
15960
15968
16032
15928
15960
16024
16024
15944
15992
16040
16040
16032
16048
16104
16096
16056
16040
16104
16080
16168
16144
16200
16264
16232
16216
16264
16344
16352
16360
16376
16512
16520
16520
16568
16656
16704
16808
16888
16936
17064
17128
17144
17240
17384
17448
17472
17480
17568
17584
17512
17440
17408
17296
17168
17064
16992
16856
16656
16576
16480
16376
16272
16184
16136
16128
16024
15944
16008
15976
15960
15936
15880
15960
15952
15888
15888
15904
15912
15912
15904
15968
15976
15904
15912
15960
15960
15960
15944
15976
15992
15944
15920
15944
15952
15968
15920
15928
15976
15936
15896
15848
15904
15920
15888
15880
15928
15960
15832
15872
15920
15896
15832
15824
15896
15920
15880
15832
15864
15896
15864
15840
15808
15896
15904
15856
15864
15880
15920
15848
15872
15888
15888
15856
15824
15872
15888
15832
15832
15856
15904
15824
15840
15872
15928
15904
15984
16008
16024
16048
16096
16176
16328
16352
16320
16176
16152
16144
16048
15968
15944
15936
15904
15864
15816
15888
15840
15800
15808
15816
15816
15784
15832
15888
15808
15784
15832
15744
15600
15480
15728
16448
17520
18872
20104
21360
22168
22256
21776
19752
17144
15648
15176
15120
15320
15520
15736
15944
16040
15968
15920
15944
15944
15944
15920
15944
15984
16032
15992
15952
15984
16032
16016
16008
16032
16024
16040
16056
16056
16120
16120
16120
16120
16160
16152
16184
16176
16232
16272
16288
16296
16352
16400
16424
16432
16496
16568
16624
16664
16784
16872
16920
16984
17080
17208
17272
17312
17384
17520
17576
17600
17608
17632
17616
17528
17440
17328
17208
17048
16896
16808
16648
16528
16448
16352
16248
16192
16064
16056
16064
16016
15944
15968
16016
15976
15928
15984
15960
15920
15904
15960
15944
16000
15936
15968
15944
15992
15936
15960
15984
15992
15968
15944
15912
15936
15968
15912
15960
15952
15936
15912
15912
15920
15920
15960
15928
15952
15936
15880
15912
15872
15944
15856
15864
15928
15928
15872
15856
15880
15896
15912
15840
15880
15912
15864
15800
15848
15848
15864
15848
15824
15920
15920
15832
15792
15832
15888
15832
15832
15872
15880
15824
15808
15848
15864
15808
15792
15864
15896
15848
15800
15848
15944
15960
15960
15984
16032
16040
16120
16216
16280
16344
16296
16120
16136
16104
16024
15936
15912
15976
15904
15784
15832
15832
15840
15744
15752
15832
15776
15752
15744
15824
15824
15808
15752
15648
15496
15560
16000
16800
18088
19264
20504
21728
22168
22216
21152
18616
16312
15272
14880
15032
15320
15616
15824
15984
15944
15912
15880