17
6
10
19
18
10
12
22
27
19
19
31
36
29
24
38
46
36
38
49
60
53
48
57
72
71
67
77
95
96
91
100
119
125
125
129
145
156
148
148
165
171
164
162
172
176
163
149
151
152
135
113
103
104
92
71
62
65
61
41
30
40
40
26
21
31
33
22
12
16
24
13
4
13
24
15
4
7
18
18
10
8
17
17
7
6
19
27
20
12
23
32
23
16
27
38
31
23
29
41
37
25
29
42
40
28
29
43
44
30
27
40
46
31
24
35
45
38
29
35
46
39
26
32
45
39
26
31
45
43
31
31
42
45
36
33
45
46
37
33
41
45
35
31
40
48
42
34
38
47
41
30
32
43
44
34
36
46
49
41
39
54
64
62
61
76
82
75
72
85
105
99
76
72
86
86
73
68
75
70
53
52
65
65
50
43
54
60
52
47
61
65
55
55
113
232
370
549
701
728
591
297
30
-63
-76
-72
-37
1
23
36
44
56
61
54
47
57
66
61
52
58
69
65
53
58
68
69
57
56
67
69
58
57
69
72
61
60
73
82
70
63
76
84
76
69
77
88
90
83
87
102
102
97
104
120
124
119
124
141
150
144
146
165
175
170
170
184
193
187
180
187
194
184
170
167
170
155
130
117
118
104
81
67
69
65
51
39
41
40
25
16
19
23
14
3
8
14
6
-7
-3
5
2
-13
-11
-1
-5
-17
-18
-7
-4
-16
-20
-10
-3
-13
-20
-10
0
-10
-18
-11
-3
-9
-18
-12
-4
-8
-22
-18
-7
-8
-17
-18
-10
-7
-20
-29
-19
-14
-23
-31
-27
-16
-25
-35
-30
-22
-28
-39
-35
-26
-29
-40
-42
-32
-32
-43
-47
-38
-35
-45
-49
-39
-36
-47
-52
-46
-37
-47
-55
-50
-41
-49
-61
-59
-45
-49
-64
-60
-48
-51
-63
-64
-54
-50
-62
-69
-57
-51
-59
-68
-56
-39
-38
-43
-42
-29
-29
-33
-28
-12
-21
-47
-51
-36
-35
-51
-59
-49
-51
-66
-73
-66
-63
-73
-81
-74
-68
-73
-81
-74
-68
-75
-63
24
170
335
499
555
493
275
-3
-147
-163
-148
-140
-129
-110
-84
-82
-89
-78
-73
-79
-88
-84
-73
-76
-90
-88
-77
-78
-84
-85
-73
-71
-84
-86
-75
-70
-79
-83
-74
-64
-72
-83
-74
-66
-69
-76
-70
-58
-59
-65
-61
-49
-51
-58
-52
-39
-36
-40
-37
-22
-12
-21
-21
-1
13
11
9
22
37
35
30
40
54
53
42
42
52
52
37
25
28
17
-3
-21
-23
-30
-50
-62
-62
-64
-77
-92
-90
-87
-96
-107
-106
-98
-103
-114
-115
-107
-110
-121
-125
-116
-117
-128
-130
-122
-119
-129
-133
-124
-117
-126
-132
-124
-115
-119
-128
-121
-113
-114
-121
-118
-107
-108
-119
-118
-105
-103
-113
-119
-107
-102
-110
-118
-111
-104
-110
-121
-116
-106
-113
-123
-117
-107
-110
-121
-119
-109
-112
-123
-124
-115
-113
-120
-121
-114
-110
-117
-124
-117
-111
-116
-123
-118
-112
-119
-123
-119
-110
-113
-125
-124
-114
-112
-124
-126
-115
-112
-121
-124
-115
-111
-118
-127
-120
-107
-114
-125
-120
-109
-111
-118
-119
-108
-109
-118
-114
-101
-89
-91
-91
-84
-81
-86
-82
-71
-61
-78
-97
-91
-83
-88
-102
-104
-93
-103
-113
-111
-104
-108
-119
-120
-109
-108
-119
-121
-108
-109
-122
-96
5
149
328
486
532
441
198
-47
-154
-164
-158
-150
-141
-126
-108
-111
-113
-102
-100
-110
-113
-103
-98
-106
-109
-101
-95
-102
-109
-103
-94
-99
-107
-98
-90
-93
-97
-95
-87
-87
-93
-91
-81
-80
-88
-90
-77
-72
-80
-80
-71
-62
-66
-69
-57
-45
-47
-52
-44
-27
-25
-31
-22
-6
1
-3
2
21
28
24
26
40
47
41
37
42
47
40
30
28
28
9
-13
-20
-20
-34
-55
-62
-62
-69
-85
-91
-85
-88
-99
-105
-99
-96
-106
-114
-108
-102
-113
-121
-116
-108
-116
-127
-123
-115
-117
-126
-123
-112
-110
-121
-120
-110
-107
-117
-120
-109
-104
-110
-115
-109
-99
-103
-111
-107
-97
-101
-109
-108
-98
-99
-108
-107
-99
-101
-110
-112
-104
-98
-109
-115
-106
-101
-107
-114
-108
-103
-110
-117
-110
-104
-110
-119
-115
-103
-107
-117
-116
-106
-107
-116
-116
-106
-105
-115
-118
-108
-102
-112
-118
-112
-105
-111
-120
-115
-103
-108
-121
-115
-103
-106
-115
-118
-107
-106
-114
-115
-108
-106
-114
-118
-109
-103
-108
-110
-93
-78
-79
-88
-85
-73
-73
-75
-64
-56
-76
-91
-88
-75
-82
-99
-98
-89
-93
-105
-110
-103
-101
-110
-112
-103
-95
-103
-110
-104
-105
-103
-49
73
240
436
537
508
353
97
-93
-160
-154
-140
-131
-131
-112
-89
-92
-98
-91
-85
-91
-98
-90
-82
-84
-94
-91
-80
-82
-88
-86
-73
-74
-81
-81
-71
-69
-77
-77
-67
-59
-66
-70
-61
-50
-56
-62
-53
-40
-40
-48
-42
-28
-24
-32
-30
-15
-9
-15
-14
4
17
15
17
31
46
47
49
60
78
78
74
83
96
97
85
87
97
91
75
68
68
58
37
21
21
14
-3
-13
-14
-11
-25
-38
-34
-29
-38
-49
-46
-36
-41
-53
-52
-41
-42
-53
-56
-49
-48
-57
-61
-49
-46
-53
-58
-49
-40
-45
-50
-44
-32
-35
-43
-37
-27
-28
-35
-32
-19
-19
-29
-29
-20
-16
-24
-27
-16
-11
-18
-22
-13
-11
-18
-24
-18
-10
-16
-23
-17
-8
-15
-24
-21
-8
-10
-22
-23
-9
-6
-16
-20
-10
-3
-12
-17
-8
-4
-11
-20
-11
-2
-7
-15
-10
3
0
-14
-11
3
4
-8
-12
3
9
-4
-8
2
11
2
-4
5
12
6
2
7
15
12
11
26
44
40
29
32
54
60
56
57
59
51
42
42
52
50
39
29
30
36
27
17
20
31
26
14
20
35
33
21
19
35
75
165
304
491
660
688
593
350
75
-66
-94
-77
-44
-19
-6
25
47
44
34
37
48
50
42
46
56
57
48
51
62
63
53
49
63
68
60
57
65
75
68
63
71
81
78
69
74
86
88
76
78
92
98
90
87
104
114
109
107
120
132
127
126
137
151
153
152
165
180
183
182
189
204
207
200
205
217
220
209
204
211
207
190
175
171
163
142
125
116
116
96
79
77
83
71
55
52
59
55
40
36
45
46
32
27
34
38
29
21
30
35
23
12
17
28
20
9
13
26
23
14
15
27
27
15
17
26
28
21
19
28
31
22
16
26
32
25
15
22
30
26
17
20
28
25
15
17
29
24
14
12
23
23
11
9
15
18
9
2
8
17
11
1
7
15
9
1
2
14
13
-1
-4
6
9
-1
-7
2
8
-3
-6
0
5
-3
-10
-5
3
-3
-13
-4
4
0
-10
-7
6
10
10
15
26
23
14
21
39
40
29
16
16
22
17
8
9
11
0
-16
-13
-2
-10
-22
-20
-11
-14
-26
-25
-13
-14
-28
-25
44
163
298
482
614
612
458
175
-52
-125
-136
-132
-98
-72
-58
-47
-36
-24
-27
-34
-32
-24
-25
-33
-33
-22
-22
-33
-37
-27
-22
-32
-40
-29
-22
-28
-37
-31
-24
-28
-39
-34
-21
-23
-32
-31
-20
-17
-27
-30
-14
-8
-16
-18
-8
3
-1
-5
3
15
14
12
27
40
40
38
47
62
68
64
70
83
86
80
78
87
88
76
64
69
63
46
26
19
14
-5
-25
-30
-30
-46
-62
-65
-61
-68
-86
-89
-82
-84
-97
-100
-92
-93
-107
-111
-102
-96
-106
-118
-111
-104
-111
-122
-118
-106
-109
-119
-121
-108
-108
-119
-116
-106
-102
-110
-114
-107
-101
-108
-113
-105
-99
-106
-115
-107
-101
-108
-117
-112
-103
-108
-117
-113
-103
-108
-118
-119
-109
-108
-119
-124
-112
-108
-120
-126
-115
-108
-117
-127
-121
-110
-117
-128
-121
-111
-115
-125
-124
-113
-112
-123
-125
-115
-113
-122
-127
-117
-111
-120
-125
-122
-115
-118
-123
-119
-112
-117
-129
-123
-114
-117
-122
-121
-108
-107
-109
-99
-85
-90
-97
-94
-76
-66
-71
-81
-87
-84
-89
-95
-94
-94
-100
-114
-117
-107
-110
-127
-124
-114
-115
-125
-126
-112
-109
-120
-132
-111
-34
87
244
436
527
473
278
23
-132
-182
-187
-168
-143
-142
-136
-122
-111
-111
-120
-120
-110
-111
-118
-122
-113
-108
-119
-121
-112
-106
-111
-119
-112
-103
-106
-116
-112
-99
-101
-114
-112
-98
-95
-104
-105
-92
-88
-94
-99
-87
-76
-83
-87
-76
-66
-68
-72
-64
-49
-48
-52
-41
-27
-20
-22
-16
2
10
8
11
25
32
28
27
36
40
31
24
26
24
9
-7
-14
-17
-36
-56
-62
-61
-72
-91
-97
-91
-93
-108
-114
-107
-106
-118
-125
-117
-113
-121
-132
-124
-116
-126
-136
-132
-120
-128
-138
-136
-129
-128
-135
-135
-127
-124
-131
-132
-123
-120
-126
-129
-117
-113
-120
-124
-116
-110
-116
-123
-119
-111
-115
-123
-120
-110
-111
-119
-122
-112
-114
-125
-125
-115
-114
-123
-129
-119
-115
-120
-130
-124
-115
-120
-132
-125
-117
-119
-128
-129
-118
-119
-127
-130
-118
-115
-124
-127
-120
-115
-126
-130
-123
-118
-123
-128
-122
-115
-119
-130
-125
-114
-116
-128
-125
-117
-119
-128
-126
-115
-112
-115
-109
-90
-86
-99
-100
-85
-71
-75
-78
-78
-84
-91
-97
-91
-89
-97
-106
-110
-105
-107
-122
-127
-113
-110
-120
-125
-114
-108
-115
-123
-124
-93
-12
117
300
482
529
439
224
-9
-137
-176
-168
-142
-133
-141
-127
-107
-107
-115
-118
-108
-105
-114
-117
-110
-103
-110
-116
-110
-100
-105
-115
-111
-99
-100
-110
-108
-97
-98
-106
-105
-91
-86
-95
-98
-88
-81
-86
-91
-80
-70
-75
-79
-69
-60
-60
-66
-59
-45
-43
-48
-41
-25
-17
-21
-16
3
11
8
11
25
38
33
30
41
48
42
33
37
41
27
10
4
0
-15
-35
-45
-44
-50
-70
-78
-73
-77
-93
-102
-93
-93
-105
-113
-106
-100
-108
-119
-115
-108
-114
-124
-122
-114
-117
-127
-127
-116
-115
-123
-124
-117
-111
-118
-123
-111
-106
-112
-116
-109
-101
-104
-113
-106
-97
-103
-112
-105
-96
-99
-109
-107
-98
-99
-108
-111
-102
-100
-110
-113
-104
-98
-106
-114
-106
-100
-106
-114
-109
-100
-105
-116
-113
-101
-103
-113
-114
-106
-105
-113
-116
-108
-105
-111
-116
-107
-103
-110
-115
-108
-103
-108
-117
-113
-103
-103
-115
-115
-104
-103
-113
-115
-104
-103
-111
-113
-103
-99
-108
-111
-97
-81
-82
-84
-81
-72
-73
-73
-63
-51
-63
-85
-84
-71
-71
-87
-93
-83
-88
-102
-108
-100
-100
-109
-113
-107
-96
-100
-110
-105
-96
-107
-97
-17
118
285
464
540
491
295
31
-115
-149
-144
-140
-132
-120
-101
-94
-98
-91
-85
-93
-100
-90
-81
-87
-93
-90
-81
-82
-91
-88
-76
-75
-85
-84
-70
-67
-76
-79
-68
-61
-68
-74
-63
-55
-59
-63
-54
-45
-47
-53
-48
-31
-31
-38
-32
-19
-15
-19
-15
-2
8
7
9
25
36
36
36
51
63
65
63
75
87
84
78
84
90
86
72
69
71
61
40
27
23
17
-5
-18
-18
-15
-29
-40
-34
-30
-40
-55
-50
-42
-49
-60
-59
-50
-53
-64
-66
-57
-54
-65
-68
-59
-55
-64
-67
-58
-51
-57
-64
-54
-47
-50
-56
-49
-41
-42
-49
-46
-34
-37
-42
-43
-32
-31
-41
-40
-29
-28
-36
-43
-32
-22
-31
-38
-30
-24
-31
-40
-35
-24
-24
-36
-34
-22
-23
-33
-37
-20
-20
-31
-32
-23
-19
-26
-30
-23
-16
-22
-28
-20
-13
-19
-28
-19
-10
-12
-22
-19
-8
-10
-20
-16
-3
-7
-17
-19
-6
-2
-12
-15
-4
2
-7
-9
7
28
25
14
18
32
35
36
45
55
42
21
25
41
41
20
18
30
26
14
4
12
21
12
4
10
23
19
11
19
23
26
74
197
351
542
657
655
526
246
-1
-90
-87
-67
-43
-25
1
30
29
24
32
43
37
31
38
54
49
42
44
55
56
44
45
58
62
50
49
61
65
55
51
69
79
71
58
68
80
77
67
72
86
87
81
86
101
104
97
102
116
123
119
118
137
148
144
146
167
179
179
180
192
204
207
207
213
226
221
211
215
226
220
202
195
195
187
163
147
145
137
119
107
107
104
93
76
77
84
81
64
64
73
67
53
53
65
65
50
44
57
59
48
40
48
56
46
38
48
53
49
41
46
57
49
41
46
56
54
44
47
61
60
48
50
61
61
48
42
59
66
56
49
57
61
54
43
49
59
53
40
45
54
54
41
39
52
49
38
34
46
50
38
32
42
47
37
30
37
48
44
31
34
47
41
28
32
43
43
31
30
41
41
28
27
41
43
31
26
36
43
33
24
36
53
51
49
59
65
62
55
68
82
83
66
53
63
68
54
44
52
54
39
25
33
39
26
18
23
34
29
19
25
36
31
17
52
155
288
451
624
689
617
370
81
-57
-84
-85
-65
-31
-11
6
11
21
28
20
14
23
33
25
18
20
32
30
16
21
32
33
21
19
31
35
24
21
33
39
31
20
30
41
35
24
31
46
43
32
37
50
48
42
46
56
62
56
58
73
82
77
76
89
104
105
102
114
129
131
125
134
148
145
138
141
153
149
135
128
132
120
96
80
79
71
48
26
28
26
10
-6
-5
-3
-17
-32
-26
-20
-25
-38
-42
-32
-35
-49
-53
-41
-42
-54
-60
-52
-48
-61
-66
-57
-50
-59
-67
-61
-51
-55
-66
-59
-48
-51
-63
-59
-49
-50
-57
-58
-48
-47
-59
-59
-45
-42
-55
-64
-55
-45
-54
-65
-57
-49
-54
-67
-64
-52
-57
-70
-70
-59
-58
-70
-75
-62
-59
-71
-76
-66
-61
-70
-79
-68
-62
-72
-77
-74
-66
-67
-82
-78
-68
-71
-84
-82
-72
-75
-80
-82
-73
-71
-80
-88
-77
-70
-82
-87
-76
-71
-83
-90
-83
-73
-78
-87
-81
-70
-57
-57
-62
-48
-52
-57
-48
-37
-30
-50
-68
-62
-54
-62
-79
-73
-61
-76
-87
-92
-78
-86
-98
-88
-82
-85
-100
-95
-84
-88
-105
-76
29
161
335
497
546
452
220
-23
-130
-145
-144
-133
-121
-108
-100
-105
-100
-92
-91
-105
-107
-95
-95
-105
-107
-92
-87
-100
-106
-95
-88
-99
-106
-93
-82
-90
-98
-93
-80
-79
-89
-86
-72
-71
-81
-77
-66
-64
-67
-67
-55
-49
-57
-58
-42
-32
-35
-36
-22
-11
-13
-14
-2
13
15
15
26
43
47
43
51
66
70
61
59
72
74
60
50
54
54
34
13
9
7
-10
-30
-36
-32
-43
-63
-68
-58
-64
-77
-83
-72
-71
-85
-92
-83
-81
-91
-99
-93
-87
-96
-106
-100
-94
-100
-108
-103
-94
-98
-106
-105
-92
-92
-103
-103
-91
-91
-100
-101
-88
-84
-93
-100
-89
-80
-90
-98
-93
-83
-89
-98
-95
-85
-88
-100
-99
-87
-88
-101
-103
-91
-88
-100
-106
-94
-88
-97
-104
-97
-90
-97
-106
-101
-91
-98
-108
-102
-93
-97
-107
-104
-93
-95
-106
-107
-97
-96
-103
-108
-98
-93
-102
-109
-99
-91
-101
-109
-99
-92
-98
-107
-104
-90
-92
-105
-103
-91
-89
-97
-89
-68
-62
-74
-81
-64
-50
-55
-58
-56
-62
-74
-79
-72
-68
-79
-90
-91
-86
-89
-99
-101
-94
-94
-104
-104
-93
-88
-98
-104
-102
-81
-12
109
288
482
550
482
285
41
-113
-162
-153
-129
-121
-128
-112
-88
-87
-100
-100
-89
-86
-96
-100
-90
-81
-91
-100
-91
-83
-88
-98
-92
-80
-81
-91
-89
-74
-75
-86
-83
-72
-71
-79
-80
-69
-63
-69
-69
-59
-53
-55
-60
-51
-40
-44
-50
-38
-26
-26
-32
-23
-6
-4
-5
1
21
29
24
28
46
54
47
46
61
69
58
49
55
60
49
30
27
24
9
-15
-23
-23
-34
-54
-61
-55
-60
-76
-83
-75
-73
-84
-95
-88
-83
-94
-101
-93
-87
-94
-106
-101
-93
-98
-108
-108
-95
-97
-109
-108
-93
-92
-102
-104
-92
-88
-98
-99
-88
-83
-92
-98
-89
-77
-83
-93
-86
-78
-80
-91
-89
-79
-80
-92
-92
-81
-80
-89
-93
-83
-81
-89
-98
-89
-82
-91
-98
-92
-83
-91
-98
-95
-85
-87
-96
-96
-86
-85
-95
-96
-85
-87
-95
-98
-86
-81
-88
-92
-85
-78
-85
-92
-83
-72
-80
-90
-84
-73
-76
-88
-84
-74
-71
-78
-78
-65
-63
-67
-62
-45
-36
-47
-53
-39
-22
-24
-29
-32
-35
-39
-45
-40
-43
-48
-51
-54
-46
-53
-66
-67
-55
-56
-66
-65
-47
-45
-59
-64
-54
-20
65
193
381
562
603
509
290
44
-93
-135
-125
-94
-79
-83
-59
-34
-31
-44
-42
-26
-24
-35
-40
-24
-17
-25
-38
-25
-11
-17
-27
-21
-7
-10
-23
-18
1
-1
-15
-13
2
4
-7
-8
9
15
6
2
18
27
21
13
28
43
42
32
45
64
60
52
60
84
91
85
92
117
125
117
120
140
151
142
138
157
168
156
141
148
157
145
119
115
122
105
79
69
79
71
47
36
51
48
28
15
26
31
16
5
16
27
17
3
13
24
20
6
19
54
78
90
127
202
264
320
378
465
509
485
424
256
80
2
-27
-30
-17
-12
-29
-24
-36
-75
-133
-170
-162
-133
-109
-77
-22
13
13
21
44
49
35
29
49
60
51
44
58
70
60
47
58
78
73
58
66
84
85
75
77
94
100
91
94
115
123
112
109
131
145
140
136
153
175
169
166
179
202
206
198
203
226
235
233
241
266
267
252
254
275
283
268
255
252
251
233
215
212
209
190
162
147
150
136
113
103
115
110
93
82
95
99
83
75
90
95
82
71
82
92
80
71
78
90
83
70
75
91
84
73
71
85
83
67
64
80
83
69
62
77
82
70
59
70
79
69
55
64
80
73
58
61
76
72
56
54
73
70
54
51
68
72
55
47
61
68
54
45
57
66
53
38
47
61
55
38
42
59
54
37
38
51
49
36
33
49
51
34
27
42
49
33
24
35
45
34
19
28
42
34
18
24
39
33
18
19
36
35
18
13
30
32
18
10
22
29
20
9
19
29
18
2
12
28
23
5
11
25
20
5
4
21
19
3
-1
18
21
7
-4
11
18
3
-7
7
17
4
-9
0
12
4
-13
-8
8
3
-14
-12
4
3
-15
-20
-1
4
-11
-21
-7
2
-11
-24
-15
-4
-13
-25
-20
-6
-13
-30
-27
-11
-13
-27
-30
-15
-14
-28
-35
-20
-17
-30
-39
-26
-20
-33
-42
-31
-20
-31
-41
-28
-5
-7
-21
-19
2
4
-5
-1
17
8
-20
-27
-8
-4
-28
-40
-29
-27
-42
-57
-48
-38
-49
-61
-56
-40
-45
-63
-64
-15
77
196
373
551
601
499
250
11
-103
-138
-143
-112
-95
-100
-92
-70
-55
-64
-77
-73
-57
-61
-77
-75
-57
-61
-75
-74
-59
-59
-74
-79
-64
-59
-72
-79
-62
-50
-60
-74
-64
-50
-57
-70
-62
-45
-49
-63
-62
-43
-44
-57
-57
-40
-35
-46
-49
-32
-23
-32
-37
-21
-7
-11
-18
-3
12
9
3
11
27
25
15
20
36
37
24
21
37
39
21
10
20
20
-1
-20
-14
-13
-32
-53
-50
-44
-55
-75
-75
-62
-72
-91
-94
-77
-83
-101
-107
-91
-88
-102
-111
-94
-84
-99
-109
-97
-85
-94
-107
-98
-84
-90
-102
-98
-85
-85
-99
-97
-81
-82
-99
-102
-86
-84
-95
-104
-91
-84
-100
-109
-96
-86
-97
-112
-103
-88
-96
-112
-107
-92
-94
-113
-115
-97
-96
-111
-117
-100
-95
-108
-120
-105
-94
-104
-118
-112
-96
-105
-119
-115
-98
-102
-117
-116
-98
-98
-110
-109
-83
-72
-83
-92
-77
-64
-68
-73
-57
-62
-82
-91
-80
-67
-86
-103
-97
-87
-97
-113
-115
-99
-101
-115
-118
-103
-98
-114
-116
-103
-102
-84
-1
144
336
488
509
420
206
-43
-175
-188
-159
-143
-146
-139
-102
-94
-110
-112
-95
-92
-104
-108
-97
-90
-102
-111
-100
-90
-100
-111
-100
-86
-93
-104
-97
-83
-87
-100
-97
-77
-76
-92
-92
-75
-70
-85
-87
-69
-58
-70
-76
-62
-49
-58
-67
-52
-37
-39
-49
-39
-19
-16
-25
-19
5
12
1
5
25
34
21
18
34
44
32
20
31
37
21
2
0
4
-12
-37
-42
-41
-55
-76
-82
-74
-80
-101
-108
-98
-98
-114
-120
-110
-105
-120
-132
-124
-112
-125
-137
-131
-118
-127
-144
-136
-120
-121
-136
-134
-118
-118
-131
-135
-118
-112
-126
-133
-118
-107
-118
-130
-119
-105
-114
-126
-117
-105
-111
-126
-122
-108
-111
-127
-125
-110
-109
-124
-127
-112
-111
-123
-128
-116
-109
-120
-129
-120
-110
-120
-129
-123
-111
-118
-130
-122
-108
-111
-128
-128
-114
-110
-126
-128
-110
-105
-117
-121
-99
-79
-85
-101
-91
-74
-73
-80
-70
-60
-79
-98
-91
-73
-80
-102
-103
-93
-92
-109
-115
-106
-98
-109
-117
-105
-94
-102
-112
-104
-99
-90
-26
107
286
471
538
490
316
54
-123
-172
-159
-141
-136
-134
-102
-79
-88
-92
-83
-73
-80
-90
-81
-67
-74
-86
-77
-61
-63
-77
-75
-59
-56
-67
-69
-51
-46
-58
-59
-46
-37
-46
-53
-40
-27
-33
-41
-31
-16
-15
-25
-18
0
1
-11
-5
14
19
11
19
40
48
39
44
64
80
75
73
89
102
100
94
103
118
117
104
106
114
107
86
81
86
77
48
35
40
36
15
-1
5
9
-7
-20
-19
-10
-18
-28
-24
-15
-23
-35
-30
-18
-21
-34
-36
-23
-25
-35
-35
-22
-16
-28
-33
-22
-13
-24
-30
-20
-7
-13
-22
-15
0
-5
-19
-10
7
3
-13
-10
5
11
1
-5
8
13
2
-6
4
14
5
-5
4
16
8
-3
3
20
17
3
2
17
20
5
3
16
21
12
6
20
26
13
7
19
28
23
14
24
39
39
37
46
57
53
48
61
83
86
69
55
67
72
61
55
58
62
48
35
47
53
42
29
39
51
45
33
42
54
50
32
47
136
264
400
589
711
698
513
208
-5
-71
-81
-67
-21
12
26
37
53
68
61
53
61
76
73
60
61
79
81
64
63
78
84
72
69
84
91
80
73
87
99
90
78
90
104
101
87
93
108
110
100
103
121
125
114
115
133
141
129
129
145
157
153
150
167
185
184
179
192
209
213
203
209
226
229
218
220
232
229
212
203
208
199
176
158
156
151
129
108
109
112
95
76
76
80
74
58
57
66
62
44
43
54
56
38
35
46
47
34
25
33
43
31
20
29
38
30
20
26
41
38
24
27
40
40
26
25
37
40
29
26
36
40
29
23
35
44
31
19
29
41
32
18
24
36
29
19
21
35
30
14
14
25
26
10
9
22
26
13
3
13
23
15
4
10
22
16
1
7
18
19
10
23
42
41
25
28
46
55
46
43
42
36
26
22
31
34
21
9
10
12
4
-10
-8
3
0
-14
-10
2
0
-14
-17
-3
44
140
279
476
625
632
501
244
-3
-116
-139
-116
-76
-65
-63
-34
-13
-11
-25
-24
-12
-9
-21
-24
-13
-8
-22
-27
-16
-9
-18
-27
-18
-9
-17
-25
-15
-9
-14
-27
-19
-8
-11
-22
-21
-8
-8
-17
-16
-4
0
-12
-12
2
12
4
-1
13
28
23
17
31
47
46
39
51
68
72
65
70
85
89
78
79
89
92
76
66
71
69
48
29
24
21
-1
-22
-26
-26
-40
-62
-63
-61
-68
-86
-90
-80
-82
-97
-101
-92
-92
-104
-111
-101
-97
-108
-118
-109
-101
-111
-122
-116
-106
-109
-124
-120
-109
-111
-123
-121
-108
-106
-118
-122
-111
-104
-113
-120
-109
-102
-109
-118
-110
-100
-107
-118
-113
-103
-109
-123
-120
-109
-107
-118
-120
-110
-107
-121
-125
-115
-108
-119
-126
-116
-111
-120
-129
-121
-112
-117
-129
-123
-113
-118
-129
-126
-114
-115
-128
-126
-116
-114
-125
-127
-115
-111
-120
-121
-101
-86
-92
-105
-96
-80
-76
-85
-79
-76
-94
-107
-101
-87
-96
-113
-115
-108
-110
-123
-129
-122
-117
-129
-135
-124
-115
-123
-131
-125
-119
-97
-13
129
321
482
509
412
192
-51
-178
-199
-178
-155
-159
-158
-126
-112
-120
-128
-118
-112
-122
-130
-119
-112
-117
-128
-124
-111
-112
-124
-121
-109
-107
-118
-120
-108
-102
-111
-115
-106
-97
-105
-110
-98
-88
-93
-101
-92
-81
-84
-88
-81
-69
-68
-77
-72
-56
-49
-56
-53
-35
-26
-31
-30
-12
3
-2
-3
13
26
23
18
28
39
35
20
23
30
19
-3
-12
-10
-20
-44
-59
-57
-60
-79
-94
-91
-91
-104
-115
-112
-107
-116
-128
-123
-115
-120
-133
-130
-122
-124
-135
-136
-127
-127
-137
-141
-130
-127
-137
-142
-133
-124
-134
-141
-131
-123
-131
-137
-131
-119
-123
-135
-130
-117
-118
-130
-128
-117
-115
-124
-128
-119
-115
-125
-132
-119
-113
-121
-131
-123
-115
-121
-131
-127
-116
-119
-131
-130
-119
-119
-130
-129
-121
-120
-131
-133
-123
-120
-128
-135
-126
-120
-127
-134
-127
-119
-124
-134
-127
-118
-122
-131
-128
-116
-117
-129
-122
-105
-94
-101
-102
-93
-83
-87
-87
-74
-68
-91
-108
-95
-84
-93
-113
-110
-100
-109
-121
-121
-113
-116
-127
-127
-116
-112
-123
-125
-115
-112
-122
-84
30
176
361
498
518
402
153
-74
-162
-164
-161
-152
-144
-127
-110
-115
-112
-101
-99
-108
-110
-99
-93
-103
-106
-94
-87
-96
-105
-96
-86
-88
-96
-93
-80
-77
-87
-86
-73
-70
-78
-80
-67
-59
-66
-69
-59
-49
-54
-57
-47
-37
-40
-43
-34
-23
-21
-25
-14
2
6
4
14
29
38
40
46
59
67
65
68
82
86
78
77
86
89
78
63
62
59
44
22
17
18
6
-13
-19
-18
-23
-36
-41
-35
-38
-50
-55
-45
-38
-51
-59
-49
-41
-49
-58
-54
-47
-53
-62
-57
-49
-52
-61
-60
-50
-50
-57
-56
-44
-42
-52
-54
-44
-38
-43
-46
-38
-28
-37
-41
-35
-25
-29
-35
-31
-24
-22
-33
-33
-22
-21
-32
-33
-22
-19
-27
-33
-21
-15
-24
-31
-21
-16
-19
-26
-24
-14
-16
-22
-20
-13
-13
-25
-23
-15
-11
-23
-22
-11
-8
-15
-18
-6
-4
-12
-16
-8
-2
-7
-11
-2
5
-2
-8
-2
5
6
5
17
32
32
19
26
43
56
49
48
50
41
32
30
42
41
31
21
21
25
21
10
11
22
21
11
11
23
25
16
14
21
47
127
256
426
618
690
632
432
141
-39
-96
-86
-56
-31
-21
6
33
37
29
30
42
43
34
36
49
55
41
38
51
57
48
40
48
61
56
46
55
66
61
52
59
73
71
63
65
78
79
72
72
88
94
87
85
94
105
103
99
112
125
122
121
133
147
152
149
162
179
186
183
191
203
210
204
203
216
225
212
207
214
213
195
179
176
170
151
132
127
125
112
93
93
96
86
72
72
81
75
61
59
67
70
60
53
59
63
54
44
50
59
51
42
51
60
56
47
50
59
58
48
51
60
60
52
55
65
67
60
55
66
72
66
63
74
82
71
65
72
81
77
62
67
78
75
63
64
78
77
63
63
76
78
65
61
71
77
69
63
68
80
72
62
65
72
67
56
62
73
71
60
61
69
70
60
58
67
71
63
57
67
72
64
56
65
73
66
59
66
80
85
80
83
92
94
87
97
110
108
83
75
89
96
82
68
78
78
62
51
59
65
55
41
47
59
55
46
48
57
54
51
110
241
395
581
703
714
566
254
2
-71
-74
-62
-38
-10
15
28
28
36
47
41
32
38
49
47
36
37
49
50
37
35
47
49
37
33
45
51
41
33
44
51
44
34
41
53
50
39
42
54
55
46
47
61
64
58
60
69
76
71
72
83
92
90
89
102
114
115
115
125
140
141
135
144
156
156
148
147
157
152
136
126
126
117
95
76
73
70
49
27
26
27
14
-4
-6
0
-9
-26
-26
-18
-21
-37
-42
-33
-30
-45
-50
-42
-37
-48
-58
-52
-46
-56
-66
-58
-49
-55
-66
-61
-52
-54
-66
-61
-51
-52
-64
-63
-52
-49
-57
-60
-51
-47
-56
-62
-57
-49
-56
-64
-57
-50
-57
-69
-66
-55
-58
-70
-71
-62
-61
-72
-75
-65
-62
-75
-81
-71
-67
-76
-84
-76
-68
-78
-87
-80
-70
-74
-84
-82
-73
-74
-87
-87
-78
-78
-88
-90
-78
-75
-87
-92
-82
-77
-84
-93
-81
-75
-82
-86
-71
-56
-59
-69
-63
-50
-47
-54
-47
-44
-59
-75
-73
-61
-63
-81
-87
-79
-79
-88
-103
-97
-90
-97
-107
-101
-91
-96
-104
-104
-96
-79
-9
118
293
478
537
472
274
14
-146
-189
-175
-149
-141
-144
-117
-98
-102
-111
-106
-96
-100
-110
-107
-97
-101
-110
-108
-98
-99
-110
-113
-103
-98
-106
-109
-100
-93
-101
-108
-99
-89
-94
-102
-93
-82
-85
-95
-89
-76
-75
-82
-83
-69
-65
-73
-69
-57
-49
-56
-57
-43
-31
-32
-30
-16
-1
-1
-3
8
21
22
17
23
36
35
25
24
33
27
9
-4
-3
-11
-33
-49
-50
-54
-72
-87
-87
-85
-95
-112
-110
-104
-110
-124
-123
-116
-117
-130
-135
-123
-122
-135
-139
-128
-125
-135
-143
-137
-127
-132
-142
-137
-126
-131
-139
-134
-125
-126
-133
-132
-121
-120
-129
-129
-118
-115
-125
-129
-119
-115
-123
-128
-120
-114
-121
-129
-123
-116
-122
-131
-125
-115
-119
-133
-131
-120
-119
-133
-133
-121
-118
-128
-135
-123
-120
-128
-136
-126
-119
-126
-133
-128
-119
-121
-133
-129
-118
-120
-130
-128
-117
-116
-123
-128
-118
-114
-124
-128
-116
-112
-120
-128
-118
-110
-114
-123
-112
-95
-86
-92
-90
-82
-78
-81
-74
-59
-57
-82
-92
-80
-74
-85
-98
-87
-85
-97
-110
-102
-98
-103
-111
-103
-94
-92
-103
-102
-90
-93
-101
-49
74
220
405
542
555
426
158
-76
-161
-167
-165
-147
-125
-105
-83
-86
-80
-71
-69
-78
-75
-64
-63
-71
-70
-58
-54
-62
-65
-53
-48
-55
-60
-49
-41
-47
-55
-45
-34
-35
-48
-38
-26
-28
-38
-29
-13
-10
-21
-19
-1
3
-4
-5
11
20
16
16
30
42
42
42
53
68
76
73
85
101
108
102
111
127
129
122
123
133
133
123
111
117
112
90
72
72
69
52
33
34
33
27
11
12
18
13
-3
-3
7
7
-5
-9
2
4
-9
-13
-2
2
-7
-16
-4
2
-4
-11
-3
6
4
-3
-1
9
9
2
7
19
19
11
15
26
29
20
16
28
32
26
20
32
38
31
22
31
39
35
25
29
39
36
23
26
40
42
29
29
43
46
35
28
40
46
40
29
39
47
43
34
39
50
47
36
39
52
54
44
40
53
53
42
39
51
58
50
46
57
59
58
50
63
72
75
76
87
94
86
82
96
114
117
105
92
95
101
94
91
95
97
84
67
75
81
71
64
72
80
77
65
74
84
81
70
79
150
271
407
601
755
769
616
307
45
-51
-66
-53
-4
28
45
62
83
91
89
81
90
101
97
88
95
104
100
91
92
103
104
95
95
106
108
101
95
105
112
108
101
110
115
114
105
113
123
124
113
118
133
133
125
125
142
146
141
142
158
165
161
162
178
189
188
188
201
216
221
215
224
236
236
229
236
246
244
230
224
233
223
204
187
183
172
155
138
138
133
120
104
104
106
94
82
82
88
81
67
69
79
77
63
59
69
70
61
52
64
69
61
53
65
78
88
102
135
185
242
305
383
471
549
594
605
601
461
253
137
107
72
43
33
38
23
7
-32
-60
-102
-144
-141
-100
-54
-27
1
30
55
60
52
55
70
68
62
62
75
76
67
62
75
82
76
68
80
90
86
80
88
99
97
90
96
112
112
110
112
128
135
129
133
152
164
166
175
198
211
213
211
232
249
251
249
259
265
260
258
267
275
265
255
247
247
234
215
202
202
191
169
150
149
143
125
110
109
106
93
81
83
89
83
70
67
76
71
62
61
72
70
61
55
65
68
61
55
63
68
64
54
56
63
57
49
53
63
60
52
52
62
58
50
47
58
58
48
45
57
58
49
43
51
56
48
41
48
56
50
42
46
56
52
42
42
49
45
37
36
46
45
37
34
45
48
39
34
41
47
38
30
34
42
35
28
30
39
35
28
28
38
38
28
26
36
35
29
25
34
34
28
23
31
37
27
19
25
35
27
20
25
33
27
22
23
31
31
23
18
30
34
23
14
28
30
21
15
23
31
27
20
18
29
25
16
20
27
25
17
16
26
26
18
16
28
29
21
17
26
30
24
19
26
29
23
18
22
27
21
16
20
30
25
16
19
30
26
16
16
22
28
19
15
20
26
17
9
20
26
18
11
17
23
19
12
15
25
26
28
37
49
46
42
41
55
62
57
47
42
45
43
37
34
37
30
16
14
22
15
3
4
13
10
5
7
14
11
33
114
248
414
583
656
610
383
85
-76
-102
-91
-77
-65
-50
-18
-7
-9
-6
5
4
-3
-1
9
5
-5
-4
1
7
2
-1
4
8
4
-2
-1
9
8
5
6
14
9
1
5
12
9
4
5
16
16
11
11
17
20
14
13
22
28
23
23
32
43
41
37
45
57
57
55
59
73
74
68
75
85
85
77
75
82
84
74
65
68
71
56
44
40
36
19
1
-3
-3
-16
-33
-36
-34
-41
-55
-59
-57
-60
-70
-74
-70
-71
-81
-85
-80
-78
-85
-92
-85
-80
-87
-93
-89
-82
-88
-93
-91
-83
-87
-96
-93
-86
-84
-94
-96
-90
-89
-98
-102
-93
-92
-99
-105
-100
-92
-100
-106
-103
-96
-102
-110
-106
-101
-102
-108
-110
-104
-104
-112
-112
-106
-103
-113
-115
-109
-108
-114
-120
-113
-107
-113
-120
-116
-109
-113
-120
-115
-102
-96
-98
-88
-84
-85
-91
-84
-69
-61
-74
-93
-90
-85
-91
-102
-103
-98
-106
-119
-117
-113
-119
-129
-127
-117
-118
-127
-126
-117
-118
-129
-131
-77
42
178
363
496
488
339
74
-132
-205
-211
-204
-173
-154
-145
-131
-123
-114
-120
-126
-123
-115
-116
-124
-124
-115
-113
-122
-123
-115
-111
-118
-123
-113
-107
-112
-118
-110
-103
-105
-110
-106
-96
-96
-102
-102
-91
-89
-93
-92
-84
-78
-82
-82
-73
-66
-70
-70
-59
-50
-50
-51
-41
-29
-28
-29
-20
-7
-5
-7
-4
7
8
2
0
9
12
-2
-10
-6
-9
-26
-42
-44
-51
-66
-83
-87
-88
-97
-112
-114
-111
-117
-129
-130
-126
-127
-137
-140
-134
-133
-144
-148
-140
-137
-146
-151
-146
-137
-140
-149
-143
-137
-138
-143
-140
-135
-134
-140
-139
-130
-131
-137
-137
-129
-123
-132
-135
-127
-124
-133
-136
-128
-124
-133
-138
-133
-127
-132
-139
-136
-129
-130
-139
-138
-130
-130
-138
-140
-132
-129
-138
-143
-135
-129
-135
-138
-134
-128
-132
-138
-134
-128
-129
-136
-131
-122
-123
-129
-123
-105
-97
-102
-104
-95
-88
-85
-84
-71
-78
-96
-101
-94
-86
-98
-109
-106
-103
-113
-123
-119
-111
-113
-121
-121
-111
-109
-116
-114
-108
-108
-85
5
151
335
496
524
440
221
-39
-171
-195
-181
-163
-151
-137
-105
-93
-97
-96
-88
-83
-94
-94
-86
-81
-85
-88
-79
-72
-79
-83
-78
-71
-71
-78
-72
-64
-65
-72
-69
-59
-57
-63
-59
-49
-43
-53
-51
-38
-32
-40
-42
-29
-20
-22
-24
-11
0
-1
-5
4
18
23
22
29
49
55
52
57
68
76
74
74
80
90
84
80
85
89
77
66
60
54
42
24
18
15
7
-8
-16
-13
-19
-31
-33
-29
-31
-40
-43
-37
-35
-46
-49
-43
-38
-48
-55
-46
-39
-43
-52
-45
-38
-37
-44
-44
-33
-30
-35
-35
-26
-24
-31
-33
-23
-15
-22
-28
-20
-12
-18
-20
-12
-6
-12
-24
-19
-13
-12
-20
-18
-8
-6
-17
-20
-13
-8
-16
-20
-12
-7
-15
-20
-13
-5
-12
-17
-14
-3
-5
-15
-11
0
-2
-13
-10
0
6
2
10
25
30
17
18
36
51
47
44
41
37
34
32
34
34
27
16
13
18
19
10
9
14
15
5
6
16
19
14
11
17
58
152
283
462
638
676
579
336
54
-91
-128
-112
-70
-38
-27
1
25
29
17
18
31
38
28
24
34
41
36
29
36
44
39
32
37
46
46
38
40
52
52
43
43
53
56
47
47
58
63
55
56
69
75
70
67
79
87
84
80
90
101
102
98
109
123
126
122
127
144
153
148
152
163
171
165
162
169
173
164
155
158
156
139
119
117
112
95
75
67
68
56
39
30
36
30
17
11
15
14
2
-1
4
6
-6
-11
-6
-4
-13
-21
-15
-9
-15
-24
-19
-7
-15
-24
-21
-8
-15
-23
-21
-8
-9
-22
-19
-7
-5
-18
-20
-10
-5
-17
-23
-16
-5
-15
-21
-16
-5
-14
-26
-23
-10
-16
-27
-27
-14
-17
-29
-31
-19
-17
-31
-34
-25
-18
-35
-40
-30
-20
-33
-42
-36
-23
-31
-43
-38
-25
-29
-42
-38
-18
-10
-18
-20
-10
-4
-13
-8
9
17
-12
-29
-16
-3
-17
-36
-31
-21
-35
-52
-49
-38
-48
-61
-61
-43
-43
-58
-60
-46
-44
-61
-34
74
222
385
540
584
504
251
-30
-152
-164
-161
-147
-121
-94
-74
-74
-71
-58
-59
-71
-71
-59
-52
-68
-73
-63
-53
-66
-73
-64
-50
-63
-71
-63
-49
-58
-71
-67
-50
-51
-67
-67
-49
-45
-60
-63
-50
-40
-53
-55
-44
-31
-41
-47
-36
-18
-25
-33
-24
-3
-4
-12
-3
14
20
14
21
38
47
38
38
51
58
44
39
47
53
35
20
17
19
-3
-26
-33
-33
-47
-69
-76
-72
-77
-97
-102
-96
-96
-113
-121
-114
-106
-121
-129
-121
-115
-125
-136
-133
-123
-127
-139
-139
-128
-130
-142
-144
-132
-129
-140
-139
-130
-125
-133
-137
-130
-120
-128
-135
-127
-117
-123
-132
-128
-117
-120
-129
-129
-120
-123
-133
-133
-123
-120
-133
-136
-127
-121
-132
-138
-130
-121
-133
-141
-134
-124
-131
-142
-136
-125
-127
-139
-139
-128
-127
-138
-140
-129
-126
-138
-141
-133
-127
-137
-142
-136
-127
-134
-142
-136
-127
-129
-134
-120
-104
-104
-115
-112
-97
-89
-95
-93
-92
-105
-115
-115
-104
-107
-122
-130
-125
-120
-132
-142
-138
-129
-134
-145
-140
-127
-129
-141
-141
-137
-112
-39
89
270
452
500
420
211
-36
-181
-218
-202
-174
-169
-174
-150
-127
-129
-142
-138
-129
-129
-139
-137
-128
-126
-137
-137
-128
-125
-135
-135
-126
-120
-129
-134
-125
-116
-122
-129
-120
-109
-114
-122
-116
-102
-102
-111
-109
-95
-91
-102
-102
-88
-79
-86
-88
-73
-61
-66
-71
-57
-38
-39
-44
-34
-15
-12
-16
-8
8
11
3
4
14
18
5
0
6
5
-12
-28
-29
-35
-56
-73
-77
-78
-93
-109
-109
-103
-114
-129
-128
-120
-124
-137
-139
-130
-129
-144
-147
-140
-134
-146
-153
-143
-136
-147
-157
-148
-139
-145
-155
-148
-137
-139
-152
-149
-137
-137
-148
-144
-133
-128
-141
-142
-132
-125
-135
-141
-133
-124
-134
-142
-134
-126
-131
-142
-136
-127
-131
-143
-139
-128
-130
-143
-142
-131
-127
-140
-142
-132
-126
-139
-143
-135
-127
-136
-144
-135
-126
-133
-145
-137
-125
-128
-140
-135
-124
-123
-136
-139
-127
-123
-135
-139
-130
-122
-132
-139
-132
-121
-126
-136
-128
-113
-109
-113
-106
-99
-98
-105
-94
-80
-77
-100
-113
-102
-96
-110
-120
-114
-109
-125
-135
-127
-119
-132
-140
-132
-120
-129
-139
-133
-120
-126
-144
-120
-30
97
252
434
512
449
231
-24
-153
-184
-188
-179
-157
-146
-137
-134
-125
-115
-122
-133
-128
-118
-119
-132
-129
-119
-115
-127
-128
-117
-113
-125
-127
-114
-109
-118
-124
-111
-104
-113
-120
-109
-97
-103
-112
-104
-91
-93
-105
-99
-86
-82
-92
-88
-73
-65
-74
-73
-56
-45
-49
-52
-35
-19
-21
-26
-12
5
7
1
9
24
26
13
17
28
29
13
5
9
4
-19
-35
-37
-41
-60
-78
-77
-78
-91
-105
-102
-99
-107
-123
-120
-112
-116
-129
-127
-119
-119
-135
-138
-127
-124
-138
-144
-131
-127
-136
-145
-134
-128
-133
-144
-136
-126
-130
-142
-135
-123
-123
-134
-131
-119
-115
-127
-130
-119
-114
-126
-131
-120
-115
-124
-133
-124
-118
-123
-134
-127
-119
-120
-132
-128
-118
-122
-133
-131
-119
-120
-132
-135
-122
-117
-131
-137
-124
-118
-130
-139
-127
-119
-126
-139
-130
-119
-123
-136
-133
-120
-121
-133
-134
-121
-118
-130
-134
-123
-118
-129
-134
-123
-114
-123
-132
-125
-112
-115
-116
-102
-91
-95
-106
-95
-75
-72
-84
-93
-94
-92
-100
-103
-98
-101
-113
-124
-117
-110
-123
-135
-126
-115
-123
-134
-124
-112
-115
-132
-133
-106
-34
73
232
435
525
462
269
28
-123
-181
-189
-161
-140
-148
-143
-121
-108
-114
-128
-123
-110
-112
-124
-122
-109
-108
-124
-122
-110
-107
-118
-123
-111
-102
-110
-119
-106
-99
-104
-115
-105
-93
-96
-106
-98
-87
-86
-98
-94
-79
-75
-88
-86
-69
-61
-71
-71
-55
-43
-50
-54
-37
-22
-24
-29
-12
5
7
0
9
27
31
18
21
38
39
23
19
25
24
2
-15
-15
-19
-41
-61
-58
-60
-75
-92
-90
-85
-92
-110
-109
-102
-103
-118
-119
-108
-108
-124
-129
-117
-112
-125
-134
-125
-117
-128
-138
-126
-116
-124
-138
-129
-116
-119
-134
-129
-114
-111
-125
-125
-112
-106
-119
-122
-109
-102
-114
-121
-111
-100
-111
-122
-110
-102
-109
-121
-114
-106
-109
-121
-117
-106
-106
-120
-121
-108
-105
-119
-121
-108
-102
-114
-121
-109
-102
-110
-119
-109
-99
-106
-119
-110
-99
-102
-117
-111
-98
-97
-111
-111
-96
-93
-104
-108
-95
-89
-100
-109
-98
-87
-96
-109
-99
-87
-93
-105
-96
-82
-85
-95
-82
-60
-56
-71
-71
-52
-43
-50
-51
-42
-51
-66
-68
-52
-49
-67
-76
-72
-69
-75
-87
-85
-74
-72
-89
-86
-70
-66
-81
-85
-76
-65
-17
92
249
451
568
546
414
161
-58
-152
-153
-135
-119
-122
-99
-62
-56
-71
-69
-55
-49
-63
-63
-51
-45
-56
-61
-48
-39
-45
-56
-45
-35
-40
-51
-40
-28
-33
-43
-38
-23
-22
-37
-33
-17
-11
-25
-25
-8
0
-13
-14
2
14
6
-3
14
29
29
21
34
53
57
49
59
80
87
79
84
106
114
105
105
120
129
118
110
119
124
110
90
90
90
72
48
47
48
34
11
6
14
10
-13
-18
-7
-8
-22
-27
-13
-10
-27
-38
-24
-17
-30
-40
-33
-22
-28
-43
-35
-24
-29
-42
-39
-22
-20
-35
-37
-20
-14
-27
-32
-17
-6
-18
-27
-14
-3
-11
-23
-12
0
-5
-18
-10
1
-2
-19
-13
0
0
-13
-15
0
4
-11
-16
-2
2
-8
-19
-6
4
-7
-16
-6
6
-1
-16
-6
7
5
-12
-7
9
8
-8
-9
7
12
-3
-11
4
15
4
-5
7
21
13
-4
2
15
13
-1
7
24
21
3
6
19
22
9
5
22
34
31
31
46
49
47
44
65
76
69
48
48
60
60
44
43
55
52
27
25
40
38
19
18
37
43
28
21
39
47
34
20
64
173
304
461
651
725
647
387
91
-49
-85
-91
-61
-17
9
18
29
46
52
43
37
51
61
53
41
54
65
60
46
56
68
64
49
54
68
68
54
55
70
74
58
56
73
81
65
62
80
88
75
66
82
96
90
77
90
107
107
93
103
124
128
116
121
144
153
143
147
170
183
174
170
189
203
193
184
195
206
198
179
182
186
173
142
134
136
124
98
86
92
84
64
50
58
61
42
29
41
49
34
18
29
39
30
13
20
33
26
9
11
23
23
7
4
20
24
7
-1
16
23
10
0
13
24
15
2
11
24
19
3
9
24
24
8
11
26
24
8
5
19
22
10
2
15
18
7
0
12
20
7
-5
5
17
10
-5
0
13
9
-10
-6
9
10
-7
-10
5
7
-6
-16
0
7
-6
-20
-7
5
-3
-17
-8
4
-1
-17
-13
1
-1
-18
-17
-3
-1
-19
-22
-8
-2
-17
-27
-13
-7
-15
-22
-11
0
-2
-6
7
19
12
0
12
33
34
16
4
12
16
2
-5
2
8
-10
-26
-14
-10
-23
-37
-25
-13
-23
-39
-29
-15
-20
-39
-31
41
156
287
475
615
616
455
169
-56
-135
-154
-147
-105
-79
-71
-59
-39
-28
-34
-48
-41
-28
-32
-47
-41
-27
-29
-46
-48
-32
-29
-44
-47
-34
-27
-39
-47
-35
-25
-35
-46
-35
-23
-27
-42
-32
-18
-19
-34
-30
-13
-11
-25
-26
-7
-1
-12
-15
4
14
7
2
20
37
31
26
41
58
61
52
63
79
80
66
69
84
83
64
57
68
62
39
22
22
15
-10
-31
-28
-29
-48
-67
-64
-60
-71
-88
-86
-76
-82
-103
-104
-90
-91
-111
-115
-101
-98
-114
-123
-110
-105
-116
-129
-116
-105
-113
-128
-118
-104
-110
-125
-120
-104
-106
-123
-122
-104
-101
-115
-118
-102
-100
-112
-119
-106
-100
-110
-119
-108
-101
-110
-123
-114
-101
-108
-124
-120
-105
-107
-124
-122
-107
-106
-124
-126
-110
-106
-121
-127
-114
-108
-120
-132
-118
-108
-117
-133
-125
-111
-115
-131
-127
-111
-110
-128
-128
-114
-110
-125
-130
-117
-109
-121
-130
-117
-110
-119
-130
-118
-108
-118
-131
-121
-108
-114
-130
-124
-108
-110
-126
-126
-112
-109
-122
-118
-92
-81
-95
-107
-91
-74
-78
-88
-73
-74
-93
-107
-95
-84
-93
-114
-114
-103
-105
-122
-129
-116
-112
-127
-132
-119
-109
-121
-131
-123
-116
-96
-21
122
312
480
516
438
221
-28
-171
-195
-172
-153
-158
-157
-126
-112
-122
-128
-115
-109
-121
-128
-117
-106
-114
-128
-119
-107
-114
-127
-119
-105
-108
-122
-120
-104
-101
-112
-116
-102
-97
-108
-113
-100
-91
-99
-105
-97
-84
-88
-94
-86
-71
-73
-82
-75
-61
-57
-64
-58
-40
-33
-40
-36
-18
-9
-12
-12
6
17
13
10
21
31
26
19
24
33
21
6
1
2
-11
-35
-45
-43
-53
-74
-85
-83
-84
-102
-110
-102
-100
-114
-124
-118
-113
-121
-130
-128
-116
-121
-134
-133
-124
-127
-139
-137
-127
-128
-140
-141
-129
-125
-134
-139
-130
-123
-131
-137
-126
-119
-123
-133
-128
-117
-121
-130
-126
-115
-118
-128
-127
-115
-115
-128
-130
-118
-113
-126
-131
-121
-117
-128
-135
-124
-117
-126
-137
-130
-116
-122
-135
-130
-118
-119
-131
-131
-119
-119
-129
-131
-123
-119
-129
-134
-126
-118
-126
-131
-124
-116
-123
-133
-127
-116
-120
-131
-127
-117
-119
-129
-129
-117
-117
-126
-129
-118
-113
-124
-128
-120
-112
-123
-132
-123
-113
-119
-127
-122
-109
-110
-111
-99
-82
-84
-96
-94
-76
-69
-77
-83
-86
-83
-91
-95
-89
-93
-103
-114
-110
-102
-110
-123
-121
-111
-114
-126
-123
-110
-109
-120
-128
-112
-52
54
208
415
532
498
324
78
-96
-172
-181
-164
-136
-139
-139
-119
-104
-105
-119
-118
-108
-106
-117
-117
-105
-103
-112
-116
-105
-98
-109
-115
-105
-95
-102
-111
-102
-91
-95
-106
-101
-87
-87
-97
-93
-81
-80
-88
-87
-75
-70
-77
-80
-67
-57
-62
-65
-52
-40
-45
-47
-36
-18
-17
-22
-12
7
10
3
13
31
35
26
27
42
48
36
29
35
36
18
2
0
-3
-22
-42
-48
-44
-57
-78
-82
-73
-82
-101
-103
-95
-96
-110
-114
-104
-101
-114
-121
-112
-107
-116
-126
-118
-111
-118
-129
-124
-114
-119
-130
-126
-113
-114
-124
-121
-106
-105
-116
-117
-105
-102
-113
-114
-103
-96
-108
-116
-108
-96
-103
-115
-108
-97
-101
-114
-111
-99
-103
-115
-116
-104
-103
-115
-119
-108
-103
-114
-120
-111
-101
-111
-119
-112
-102
-108
-119
-113
-102
-105
-115
-113
-102
-105
-116
-114
-104
-103
-114
-115
-103
-98
-110
-116
-105
-97
-108
-117
-108
-98
-106
-116
-111
-98
-102
-114
-110
-98
-98
-111
-110
-98
-95
-105
-108
-98
-91
-96
-98
-78
-64
-70
-80
-70
-55
-52
-59
-54
-55
-70
-79
-73
-62
-72
-86
-86
-79
-82
-94
-101
-92
-85
-95
-100
-90
-79
-87
-96
-93
-86
-53
40
184
381
534
547
444
216
-17
-137
-155
-142
-121
-121
-114
-84
-69
-79
-84
-75
-66
-75
-81
-74
-62
-66
-73
-69
-58
-58
-69
-66
-55
-52
-62
-63
-53
-48
-57
-57
-45
-37
-47
-52
-42
-30
-36
-42
-31
-20
-24
-30
-21
-5
-5
-12
-4
12
16
7
14
31
41
36
38
53
66
65
66
84
98
97
90
98
114
112
103
102
112
108
89
81
84
74
49
36
34
31
13
0
2
4
-10
-22
-19
-13
-23
-34
-31
-23
-25
-37
-36
-24
-30
-42
-42
-30
-30
-43
-44
-31
-27
-40
-43
-33
-24
-30
-37
-28
-19
-25
-33
-24
-12
-15
-25
-20
-7
-7
-19
-18
-6
-3
-14
-18
-3
2
-10
-14
-7
0
-10
-13
-4
1
-6
-17
-10
3
1
-11
-9
4
3
-10
-9
2
4
-6
-5
4
8
-1
-7
2
11
-1
-7
0
12
8
-2
3
17
14
0
3
16
17
5
4
14
18
11
6
17
25
13
4
14
25
16
8
14
27
22
16
31
51
54
43
41
56
66
60
64
70
63
46
46
59
60
43
36
42
44
35
25
30
40
34
21
26
41
41
30
34
43
58
118
243
409
605
691
665
496
204
-16
-88
-78
-46
-23
-9
20
51
49
40
46
58
57
46
49
64
69
56
53
64
71
60
58
70
78
68
61
71
81
75
69
77
87
83
73
81
94
92
84
88
101
105
92
96
110
119
109
106
122
137
131
127
142
159
158
155
169
191
194
188
196
216
218
208
212
229
233
217
217
227
231
210
193
195
192
170
151
146
145
128
107
104
106
96
82
80
85
78
64
60
73
71
60
56
64
68
56
49
55
63
49
40
51
65
71
79
113
156
198
249
322
406
475
535
562
572
517
329
160
108
82
40
19
31
26
8
-27
-56
-88
-141
-161
-128
-77
-45
-21
13
41
52
43
43
56
60
50
49
61
67
56
52
60
70
59
54
62
77
72
64
70
86
83
71
78
94
97
88
92
109
117
108
109
127
140
134
133
150
166
163
162
173
189
192
189
205
229
228
217
223
237
245
236
233
237
225
200
193
193
188
161
141
136
123
100
82
76
77
62
43
42
47
37
20
21
28
29
13
11
22
24
9
3
12
20
9
1
7
16
6
-5
1
10
4
-9
-6
7
4
-11
-12
2
2
-12
-14
-6
-3
-15
-17
-8
-1
-12
-20
-13
-5
-13
-23
-19
-9
-15
-26
-24
-12
-17
-28
-26
-15
-15
-29
-30
-20
-17
-31
-33
-25
-18
-31
-36
-30
-19
-28
-37
-33
-22
-29
-41
-39
-27
-30
-43
-42
-32
-30
-44
-45
-35
-30
-43
-49
-43
-35
-44
-51
-46
-37
-45
-57
-52
-42
-47
-57
-54
-42
-45
-59
-58
-46
-44
-55
-59
-50
-47
-61
-65
-56
-48
-61
-65
-59
-49
-59
-69
-64
-52
-57
-70
-68
-57
-57
-70
-72
-59
-54
-68
-73
-64
-58
-70
-75
-67
-55
-66
-76
-72
-62
-72
-80
-74
-62
-65
-78
-75
-65
-66
-77
-77
-66
-65
-78
-81
-72
-66
-79
-84
-75
-64
-78
-86
-78
-67
-78
-88
-83
-70
-75
-86
-83
-71
-71
-85
-85
-75
-73
-86
-91
-81
-73
-85
-90
-83
-72
-82
-91
-89
-76
-76
-75
-66
-51
-58
-68
-61
-42
-38
-48
-53
-56
-56
-67
-67
-64
-65
-79
-89
-85
-75
-88
-99
-94
-82
-90
-97
-94
-83
-94
-97
-30
102
253
434
543
536
366
83
-107
-159
-152
-157
-150
-138
-114
-105
-108
-97
-87
-95
-106
-103
-89
-93
-104
-102
-89
-90
-103
-102
-92
-86
-95
-98
-88
-81
-91
-95
-87
-77
-87
-94
-88
-77
-82
-91
-86
-72
-73
-85
-82
-69
-67
-78
-74
-61
-52
-63
-63
-52
-41
-49
-48
-37
-21
-26
-32
-19
2
-2
-9
-1
14
15
4
7
19
22
8
8
14
17
0
-10
-9
-8
-29
-44
-46
-42
-59
-74
-76
-70
-79
-93
-93
-86
-91
-106
-106
-96
-100
-112
-115
-106
-101
-114
-117
-108
-99
-111
-115
-107
-97
-107
-115
-107
-94
-100
-111
-106
-93
-96
-110
-106
-94
-92
-108
-111
-98
-92
-106
-111
-103
-94
-107
-115
-112
-96
-104
-115
-110
-102
-107
-119
-115
-104
-105
-117