16288
16280
16344
16448
16488
16456
16520
16616
16688
16680
16728
16896
16984
16968
17024
17264
17384
17448
17472
17656
17760
17816
17824
18000
18088
18048
18088
18112
18104
17984
17840
17720
17560
17384
17120
16944
16872
16664
16488
16344
16328
16248
16152
16072
16032
16048
15952
15872
15944
15968
15856
15824
15848
15904
15816
15848
15864
15888
15880
15832
15832
15936
15880
15880
15840
15872
15912
15848
15872
15856
15936
15864
15888
15888
15944
15872
15824
15896
15912
15880
15848
15840
15912
15880
15856
15848
15840
15856
15808
15816
15896
15928
15848
15736
15784
15824
15800
15792
15872
15896
15776
15744
15816
15880
15840
15744
15824
15864
15768
15752
15744
15808
15784
15784
15720
15752
15792
15744
15688
15744
15768
15776
15736
15800
15872
15696
15728
15856
15872
15832
15808
15944
16104
16136
15944
15928
16048
16096
16080
16176
16264
16280
16200
16288
16344
16280
16088
16072
16144
16160
16000
15872
15896
15848
15752
15744
15776
15800
15704
15696
15648
15744
15720
15600
15632
15776
15728
15608
15632
15704
15808
15712
15464
15640
15848
15712
15608
15784
15848
15752
15688
15648
15656
15912
16632
17552
18736
20144
21552
20504
18920
17928
17016
15960
15400
15064
15144
15528
15728
15992
16072
16064
15984
15904
15616
15808
15936
15928
15896
15856
15888
15920
15824
15864
15912
16000
16152
16096
16000
16120
16336
16336
16112
16192
16136
16232
16184
16256
16296
16336
16336
16368
16464
16504
16496
16568
16712
16736
16776
16824
16936
17152
17104
17216
17456
17520
17576
17656
17728
17880
17888
17936
18112
18112
18128
17984
17936
17896
17664
17456
17320
17288
17096
16752
16608
16592
16544
16296
16224
16096
16104
16040
15976
15944
15872
15816
15776
15856
15840
15776
15768
15840
15880
15704
15696
15672
15880
15904
15752
15712
15816
15928
15800
15704
15880
15928
15792
15704
15728
15864
15840
15816
15784
15816
15720
15712
15904
15928
15856
15600
15704
15768
15768
15680
15688
15848
15912
15904
15752
15664
15832
15696
15536
15816
15920
15792
15552
15728
15848
15720
15744
15808
15792
15624
15600
15656
15776
15904
15832
15816
15832
15816
15656
15472
15832
15864
15568
15464
15760
15760
15792
15696
15688
15776
15704
15696
15816
15864
15880
16080
15920
16000
15936
16104
16384
16272
16352
16120
16096
16096
16256
16336
16184
16096
16040
16104
16112
15872
15712
15872
15776
15704
15808
15960
15568
15632
15744
15712
15592
15600
15816
15752
15696
15680
15824
15984
15736
15488
15600
15808
15816
15632
15648
15768
15776
15512
15296
15640
16200
16912
18224
19680
21176
21528
19728
18680
17664
16376
15712
15368
15016
14944
15520
15928
16120
16168
16024
16064
16048
15808
16016
15992
16072
16056
15920
16008
16160
16016
16040
16040
16112
16312
16232
16128
16200
16184
16144
16168
16336
16280
16368
16240
16168
16320
16472
16328
16408
16416
16448
16656
16904
16944
16672
16696
17072
17240
17304
17120
17248
17544
17784
17696
17728
17912
18096
18008
18144
18344
18064
17888
17904
17984
17904
17592
17448
17192
17104
17000
16856
16784
16664
16648
16232
15952
15960
15872
15896
15760
15968
16016
15928
15808
15840
16072
16072
15808
15648
15760
15808
16064
16104
15728
15672
15472
15744
16032
15960
15608
15672
15704
15808
15808
15696
15840
15736
15600
15720
16056
16128
15632
15416
15488
15712
15688
15688
15760
15752
15664
15664
15728
15768
15896
15616
15808
15864
15800
15656
15640
15904
15952
15552
15312
15464
15680
15640
15624
15704
15728
15544
15496
15728
15736
15584
15424
15744
15648
15512
15416
15552
15640
15704
15752
15856
15624
15688
15744
15824
15936
15560
15720
15992
15976
15976
15976
15984
15976
16216
16064
15960
15904
16008
15840
15896
15720
15944
16400
16520
16040
15864
15912
15544
15440
15728
15768
15264
15184
15392
15504
15576
15520
15584
15592
15496
15480
15616
15736
15592
15632
15776
15576
15224
15104
15256
15312
15680
16480
17472
18968
20504
21792
20200
18424
17416
16664
15968
15376
15176
14960
15176
15368
15464
15720
15832
15648
15680
15600
15632
15720
15720
15744
15656
15680
15840
15928
15912
15736
15792
16096
15904
15784
15704
16112
16024
15992
16000
15752
15856
15744
15920
16120
16184
16152
16168
16272
16328
16496
16352
16424
16696
16696
16720
16832
17064
17304
17056
17040
17160
17376
17296
17664
17776
17960
18072
17920
17968
17840
17840
18000
17832
17424
17192
17048
16968
16840
16576
16224
16232
16160
16168
16024
15920
15752
15840
15760
15736
15880
15696
15424
15304
15488
15688
15728
15688
15544
15608
15552
15488
15648
15672
15608
15656
15776
15824
15760
15536
15576
15800
15680
15384
15304
15488
15448
15632
15560
15656
15672
15592
15496
15640
15648
15576
15640
15768
15784
15880
15704
15304
15320
15392
15384
15568
15592
15480
15392
15336
15576
15736
15536
15320
15376
15496
15408
15544
15648
15536
15496
15488
15640
15704
15800
15600
15472
15616
15704
15784
15696
15856
16064
15872
16008
15864
15888
15936
15848
15944
15896
15648
15464
15592
15696
15520
15560
15360
15336
15352
15480
15272
15288
15112
15152
15312
15448
15440
15288
15360
15392
15296
15240
15408
15424
15640
15448
15344
15312
15440
15208
15072
15264
15416
15992
16944
18448
19968
21528
21376
18792
17272
16600
16144
15616
14952
14600
14904
15344
15624
15480
15576
15568
15600
15672
15680
15624
15672
15752
15784
15760
15896
15904
15872
15632
15704
15824
16016
15920
15744
15880
15912
15776
15800
15896
16056
16024
16040
16072
16128
16152
16224
16352
16488
16368
16336
16520
16584
16632
16584
16776
16976
17024
17104
17304
17552
17664
17560
17632
17776
17832
17912
18176
18312
18064
17680
17744
17720
17688
17328
17064
16928
16744
16536
16440
16376
16320
16088
16000
15832
15800
15912
15904
15728
15672
15600
15544
15528
15656
15696
15608
15520
15648
15640
15560
15544
15680
15712
15792
15752
15408
15472
15600
15568
15696
15792
15696
15416
15512
15696
15808
15736
15520
15408
15648
15672
15512
15512
15640
15688
15704
15600
15664
15776
15664
15656
15696
15664
15496
15576
15560
15608
15344
15464
15600
15600
15656
15704
15656
15656
15488
15552
15688
15760
15784
15600
15512
15696
15672
15720
15832
15752
15880
16024
16072
16056
16072
16040
16104
16136
16032
15880
15992
16192
16032
15976
15912
15552
15432
15488
15432
15496
15600
15504
15328
15360
15440
15600
15496
15464
15512
15536
15480
15616
15512
15520
15384
15416
15512
15616
15704
15552
15440
15448
15304
15296
15592
15800
16280
17144
18640
20376
21872
21264
19016
17736
16800
15920
15208
14864
14872
15072
15280
15632
15944
15816
15784
15832
15784
15728
15888
16000
15960
15752
15800
15808
15880
15880
15872
15968
16056
16040
15808
15832
16064
16216
16080
15984
15952
16152
16016
16200
16304
16320
16272
16360
16560
16552
16336
16544
16768
16816
16912
16888
16840
16952
17048
17184
17384
17552
17664
17752
17960
18056
18088
18288
18184
18296
18280
18152
18008
17872
17776
17480
17408
17376
17104
16704
16384
16336
16384
16344
16144
16072
15928
15928
15752
15736
15768
15752
15744
15720
15744
15848
15696
15704
15784
15792
15720
15816
15848
16024
15744
15392
15584
15736
15656
15632
15656
15704
15816
15704
15736
15728
15864
15816
15616
15640
15800
15736
15816
15800
15744
15624
15552
15648
15840
15688
15640
15704
15712
15640
15680
15648
15752
15728
15584
15672
15600
15768
15656
15688
15736
15728
15520
15528
15648
15704
15608
15568
15528
15544
15720
15520
15576
15760
15768
15864
16032
15800
15872
15912
15984
16144
16256
16096
16024
16112
16040
16048
16056
16024
16088
15856
15800
15712
15608
15512
15488
15664
15680
15640
15504
15600
15728
15584
15488
15456
15440
15528
15440
15416
15480
15584
15472
15296
15440
15648
15616
15552
15584
15464
15584
15480
15584
15456
15280
15496
16352
17336
18584
19952
21744
21736
19072
17584
16744
16056
15512
14976
14800
15104
15528
15552
15600
15952
16096
15944
15728
15552
15712
15720
15792
15896
15968
15864
15816
15720
15872
16056
15968
15768
15864
16056
16080
15880
16000
16064
15976
16032
16088
16272
16448
16256
16104
16344
16392
16368
16264
16576
16648
16624
16632
16928
16992
16832
17112
17352
17544
17608
17520
17656
17816
17800
17936
17960
18216
18168
18072
18000
18000
17872
17608
17472
17376
17184
16904
16696
16656
16520
16192
16160
16104
15920
15960
15824
15800
15632
15672
15624
15568
15656
15608
15680
15696
15632
15696
15624
15720
15824
15664
15520
15712
15928
15888
15472
15344
15400
15624
15640
15664
15856
15760
15520
15496
15616
15584
15560
15632
15760
15776
15784
15776
15856
16000
15736
15248
15304
15592
15864
15680
15472
15520
15576
15464
15536
15704
15712
15512
15392
15632
15816
15552
15392
15592
15712
15768
15576
15472
15544
15528
15472
15568
15536
15664
15560
15488
15728
15728
15520
15576
15736
15840
15832
15800
15992
16208
16320
16136
16032
15952
15936
15848
15928
16064
15760
15632
15688
15704
15624
15568
15432
15320
15392
15520
15440
15632
15632
15368
15200
15344
15536
15584
15544
15480
15368
15328
15320
15480
15584
15552
15312
15424
15440
15592
15496
15656
15440
15336
15176
15480
16288
17280
18472
20056
22064
22040
19552
17584
16496
16000
15560
15000
14888
15040
15256
15544
15680
15808
15824
15744
15920
16016
15816
15824
15832
15872
15984
15880
15712
15768
15832
15872
15848
15912
16016
15856
15896
15944
16000
16016
15912
15952
16224
16288
16272
16048
16328
16584
16320
16320
16480
16608
16632
16632
16552
16744
16904
16968
17080
17256
17472
17472
17632
17832
18176
18192
18128
18272
18216
18112
18088
18104
17976
17792
17640
17576
17216
16976
16904
16584
16520
16360
16280
16192
16264
16048
15648
15656
15928
15800
15688
15760
15592
15528
15536
15592
15608
15736
15544
15456
15656
15840
15520
15640
15776
15616
15552
15648
15768
15912
15664
15576
15560
15488
15632
15704
15472
15512
15592
15616
15648
15800
15840
15680
15464
15696
15656
15592
15536
15752
15944
15872
15592
15456
15408
15416
15608
15680
15744
15480
15400
15464
15624
15584
15480
15512
15536
15624
15568
15520
15544
15720
15768
15680
15448
15568
15632
15512
15488
15472
15568
15336
15384
15504
15544
15584
15592
15744
15800
15688
15720
15752
15952
15984
15840
15944
16096
15992
15848
15832
15992
15896
15888
15840
15864
15832
15904
15792
15712
15816
15608
15624
15584
15704
15480
15336
15328
15392
15488
15392
15440
15528
15488
15376
15440
15520
15592
15600
15552
15592
15600
15512
15544
15528
15608
15584
15480
15480
15520
15416
15472
15376
15648
16488
17608
19128
20856
22408
21448
19016
17712
16912
15984
15272
14856
14992
15360
15496
15560
15760
15792
15816
15928
15888
15816
15760
15832
15872
15880
16040
16112
16048
15872
15808
15776
15960
16032
16056
16104
16096
16016
15896
16048
16160
16104
16136
16144
16240
16416
16400
16168
16200
16472
16584
16544
16904
16840
16760
16936
17104
17224
17184
17232
17376
17504
17688
17752
17848
18168
18184
18208
18240
18360
18400
18128
17928
18024
17968
17672
17400
17024
16904
16648
16464
16328
16408
16224
15960
15872
15976
15872
15816
15760
15728
15856
15736
15736
15800
15624
15464
15512
15688
15664
15608
15720
15512
15720
15608
15560
15808
15920
15656
15680
15560
15600
15704
15712
15560
15672
15768
15640
15672
15736
15744
15568
15544
15632
15600
15576
15656
15784
15832
15712
15688
15632
15520
15568
15592
15784
15840
15576
15600
15448
15536
15624
15520
15568
15632
15608
15544
15592
15752
15744
15568
15576
15552
15592
15528
15592
15704
15616
15528
15552
15560
15632
15632
15368
15376
15472
15648
15520
15496
15624
15696
15456
15520
15640
15704
15648
15400
15440
15560
15736
15616
15576
15528
15464
15432
15520
15672
15672
15400
15480
15688
15648
15600
15528
15696
15880
15776
15696
15936
16032
15936
15856
16008
16128
16016
15960
15960
15944
15896
15848
15904
15968
15968
15872
15840
15800
15704
15632
15576
15608
15608
15488
15472
15544
15640
15504
15472
15568
15584
15576
15544
15608
15616
15568
15496
15600
15840
15672
15472
15376
15624
15760
15576
15416
15512
15408
15376
15800
16608
17520
18936
20464
22184
21696
19400
17976
17104
16272
15296
14760
14888
15272
15648
15792
15936
15992
15960
15800
15744
15904
15992
16096
15952
15832
16064
15864
15904
16128
16256
16104
15888
15952
16040
16136
16056
16056
16104
16184
16048
16224
16368
16144
16224
16248
16320
16640
16712
16448
16336
16488
16648
16720
16944
16872
16928
17040
17152
17304
17456
17616
17648
17944
17920
17912
18024
18184
18304
18400
18480
18112
18280
18168
17960
17872
17776
17504
17152
17000
16904
16696
16552
16480
16384
16216
16056
16040
16016
16008
16064
16040
15912
15848
15680
15856
15792
15832
15816
15864
15848
15920
15792
15856
16008
15912
15744
15888
16088
15928
15720
15656
15712
15832
15864
15728
15792
15824
15888
15768
15760
16040
15984
15928
15904
15736
15856
15912
15936
15992
15872
15728
15600
15640
15816
15784
15776
15784
15856
15816
15808
15864
15792
15744
15792
15936
16008
15800
15656
15696
15864
15872
15712
15656
15680
15728
15712
15696
15792
15880
15784
15680
15736
15768
15752
15752
15840
15752
16072
16008
15496
15640
15824
15808
15680
15600
15688
15640
15784
15720
15712
15672
15648
15784
15792
15960
15616
15792
15864
15704
15712
15856
16016
15792
15592
15608
15672
15696
15672
15704
15776
15760
15848
15920
15848
15864
15960
15928
16040
16000
16048
16224
16408
16424
16224
16176
16144
16224
15968
15952
16016
16152
16040
15944
15928
15864
15848
15736
15680
15808
15752
15720
15656
15760
15760
15712
15664
15824
16032
15672
15448
15584
15648
15680
15688
15664
15688
15720
15672
15760
15872
15712
15616
15648
15824
16568
17152
18472
20056
21832
22256
19904
18248
17288
16528
15728
15192
15232
15408
15640
15928
16088
16040
16080
16144
16144
16024
15816
15928
15896
15952
16000
16112
16184
16160
16136
16120
16160
16320
16192
16152
16320
16272
16096
16144
16312
16384
16368
16384
16304
16456
16424
16408
16504
16664
16808
16776
16512
16656
16824
16912
17056
17256
17264
17440
17464
17872
18024
17760
17672
18048
18232
18264
18264
18296
18480
18368
18320
18304
18144
18064
17712
17480
17320
17224
16944
16976
16904
16656
16256
16112
15976
15864
15968
16016
15816
15888
15880
15824
15816
15960
16040
15800
15864
15888
15896
15672
15728
15928
16064
16000
15808
15544
15656
15712
15712
15760
15776
15824
15712
15832
15928
15800
15856
15912
15952
15872
15760
15728
15784
15784
15712
15624
15664
15808
15800
15784
15736
15896
15888
15712
15736
15984
15760
15544
15544
15664
15864
15904
15664
15728
15576
15408
15728
15696
15472
15464
15552
15752
15776
15592
15616
15680
15640
15584
15456
15608
15872
15672
15616
15528
15696
15784
15544
15472
15632
15504
15456
15408
15560
15656
15616
15456
15624
15640
15576
15632
15688
15744
15752
15704
15688
15712
15752
15912
15928
15688
15608
15760
16000
16152
16224
16024
15960
15992
16088
16000
15880
15856
16144
16024
15688
15592
15904
15816
15632
15440
15512
15400
15400
15544
15584
15544
15440
15424
15528
15480
15488
15408
15632
15768
15632
15696
15776
15728
15568
15432
15352
15512
15520
15232
15272
15496
16192
17224
18584
20096
22016
22400
19808
18064
16928
16216
15800
15184
14936
15200
15472
15896
15968
15944
15840
15800
15888
15912
15896
15872
15800
15824
15848
16008
16008
15928
16024
16176
16056
15920
15912
16232
16304
16200
16000
15976
15912
16176
16136
16112
16216
16384
16416
16392
16440
16488
16464
16464
16792
16888
16880
16912
17008
17136
17216
17312
17560
17632
17648
17552
17752
17952
18072
18144
18224
18296
18472
18352
18216
18128
18056
18072
17608
17136
16960
16912
16864
16816
16664
16432
16040
15816
15832
15992
15824
15680
15728
15792
15736
15848
15904
15760
15616
15680
15744
16024
16000
15672
15584
15432
15704
15728
15744
15504
15640
15624
15600
15744
15776
15696
15624
15664
15816
15656
15672
15776
15952
15928
15888
15744
15576
15504
15536
15696
15696
15624
15616
15616
15632
15744
15736
15640
15696
15720
15728
15696
15776
15816
15608
15616
15664
15704
15608
15432
15584
15632
15664
15568
15544
15648
15544
15648
15592
15672
15744
15640
15536
15592
15648
15688
15712
15744
15824
15560
15328
15448
15640
15688
15416
15696
15456
15496
15560
15592
15768
15832
15640
15464
15552
15792
15720
15792
15856
15920
15976
15856
15664
15944
16112
16120
16072
16096
15968
15912
16016
16040
15960
15896
15872
16064
16040
16016
15584
15624
15688
15616
15424
15600
15592
15488
15568
15704
15728
15616
15488
15512
15688
15680
15632
15544
15736
15768
15552
15504
15824
15736
15536
15496
15504
15416
15472
15696
16216
17016
18336
19920
21856
22488
20200
18256
17144
16280
15728
15192
14888
15200
15600
15920
15840
15992
16008
15824
15944
16096
16008
15864
15864
15904
16016
15968
15904
16120
16024
16104
16024
16048
16152
16296
16080
15992
16160
16216
16272
16296
16392
16480
16328
16320
16376
16400
16400
16536
16560
16816
16688
16680
16832
17040
17152
17184
17264
17416
17464
17616
17816
17872
18000
18192
18344
18328
18472
18448
18408
18464
18488
18120
18080
18056
17872
17640
17424
17168
17048
16984
16648
16512
16456
16376
16384
16232
16032
15928
15968
15920
15928
15912
15808
15808
15896
15888
16056
15888
15944
16032
15872
15680
15904
15968
15880
15936
16088
15824
15720
15888
15920
16048
15936
15864
15904
15888
15904
15944
15912
15976
15936
15816
15824
15920
16024
15968
16016
15920
16016
15872
15808
15840
15840
16016
15872
15824
15864
15920
15864
15864
15960
15888
15840
15936
15968
15952
15920
16064
15928
15968
15752
15632
15776
15968
15712
15872
15904
15904
15768
15784
15776
15992
15984
15928
15888
15800
16032
16016
15992
15896
16032
15928
15712
15784
15832
15848
15896
15896
16016
15856
15816
15848
15984
15960
15904
15976
15968
16112
15912
16056
16184
16264
16208
16120
16080
16280
16368
16504
16568
16400
16328
16120
16184
16192
16160
16256
16208
16232
16104
15888
16040
15960
15920
15832
15824
15912
16064
15944
15904
15856
15832
15720
15752
15992
15856
15768
15720
15888
15920
15872
15816
15904
16064
16064
15832
15880
15848
15784
15720
16112
16968
18216
19424
21000
22592
21616
19424
18056
17048
16144
15480
15000
15272
15792
16096
16080
16192
16320
16384
16264
16232
16104
16160
16176
16088
16144
16216
16144
16112
16264
16328
16304
16264
16352
16328
16256
16288
16472
16416
16440
16440
16488
16560
16512
16472
16520
16600
16616
16664
16664
16816
16768
16872
16896
17016
17216
17400
17280
17360
17512
17696
17776
17848
18080
18256
18112
18232
18408
18568
18456
18520
18536
18456
18464
18240
18096
17904
17672
17432
17296
17312
17032
16768
16672
16560
16272
16256
16384
16384
15992
15936
15976
16088
16032
15960
16048
16072
16096
15896
15904
16136
16104
15976
15984
16120
16200
15952
15888
15968
16088
15944
15904
15904
16000
16016
15984
16000
15952
15968
16008
16064
16024
15912
16040
15984
16040
16048
15976
15952
16000
16032
15904
15936
15904
16008
15984
15832
15856
15968
15992
15992
15920
15944
15808
15864
15944
15968
15888
15872
15936
16072
16056
15880
15776
15840
15936
15792
15824
15824
16000
15872
15728
15912
15904
15928
15880
15776
15760
15976
15928
15936
15952
15840
15888
15864
15896
15888
15952
15800
15992
15872
15704
15720
15824
15968
15816
15936
16008
16072
16032
16064
16152
16168
16160
16440
16456
16408
16248
16216
16216
16272
16104
16032
16024
16216
16296
15984
15808
15920
15968
15984
15880
15760
15888
15800
15824
15840
16016
15960
15784
15656
15744
15784
15728
15760
15904
15888
15648
15640
15800
15800
15776
15784
15832
15760
15584
15504
16120
17024
17880
19240
21040
22552
21344
19080
17680
16936
16368
15512
15120
15272
15488
15768
16008
16104
16128
16144
16008
16088
16192
16136
16144
16224
16232
16264
16008
16136
16160
16144
16152
15992
16144
16144
16208
16216
16352
16320
16384
16480
16632
16336
16384
16496
16496
16424
16432
16480
16632
16560
16728
16824
16896
16952
17080
17248
17288
17392
17672
17472
17608
17808
18008
18120
18232
18128
18360
18472
18376
18376
18488
18400
18128
18096
17992
17784
17464
17344
17136
17032
16848
16632
16496
16400
16272
16192
16120
16208
16192
15920
15984
15904
15832
15792
15808
15896
15808
15896
15936
15952
15808
15776
15888
15912
15920
15968
16088
16000
15800
15720
15760
15864
15832
16040
15936
15872
15848
15784
15768
15808
15904
15872
15944
15704
15712
15784
15776
15880
15952
15952
15848
15968
15944
16008
15832
15736
15904
15864
15760
15688
15672
15568
15632
15720
15760
15880
15864
15752
15784
15768
15840
15568
15592
15712
15768
15728
15912
15880
15888
15688
15656
15664
15776
15608
15456
15688
15680
15592
15696
15680
15744
15664
15688
15656
15824
15912
15808
15888
15904
15904
15984
15992
16072
16408
16280
16056
16168
16056
15976
15944
16064
16128
15976
15864
15944
15968
15720
15440
15616
15728
15592
15616
15624
15904
15864
15528
15536
15704
15680
15544
15400
15512
15592
15520
15640
15864
15808
15576
15568
15648
15624
15792
15640
15576
15528
15480
16032
16848
17840
19352
21336
22656
20992
18760
17280
16496
16008
15616
15056
15080
15344
15696
16008
15960
16016
15968
16016
16344
16320
15952
15792
15648
15896
16096
16112
15928
15928
15984
16120
16144
16272
16296
16320
16136
16184
16320
16216
16224
16504
16480
16424
16304
16328
16432
16448
16512
16624
16584
16616
16848
16896
16944
17152
17232
17296
17392
17736
17784
17608
17632
17832
18104
18192
18232
18176
18368
18432
18456
18520
18344
18208
18032
17960
17632
17424
17168
17104
16944
16632
16336
16112
16208
16304
15992
15856
15888
16024
15904
15784
15888
15992
15768
15760
15696
15736
15776
15864
15880
16008
15896
15768
15760
15808
15832
15864
15664
15752
15776
15704
15776
15800
15808
15808
15744
15912
15808
15952
15904
15808
15880
15888
15752
15832
15736
15880
15912
15720
15720
15768
15752
15808
15808
15816
15776
15808
15752
15928
15760
15856
15568
15664
15680
15752
15800
15776
15664
15736
15808
15800
15800
15800
15752
15616
15656
15752
15720
15688
15776
15616
15592
15664
15800
15792
15744
15592
15752
15792
15752
15640
15600
15720
15736
15840
15928
15952
15952
15968
16008
15872
15912
16128
16120
16128
16152
16248
16296
16144
16064
16200
16056
16000
16000
16088
15936
15856
15760
15784
15696
15744
15760
15640
15592
15600
15640
15624
15704
15712
15584
15640
15672
15776
15856
15712
15728
15760
15720
15744
15664
15656
15488
15584
15640
15568
15528
15536
15928
16912
18240
19792
21400
22480
20864
18808
17448
16576
15816
15224
14832
15016
15496
15880
15904
15928
15976
16104
15856
16016
16104
16080
15968
15928
15944
16088
16104
16000
16256
16360
16192
16056
16168
16224
16128
16064
16144
16232
16184
16176
16000
16320
16488
16424
16472
16600
16656
16536
16552
16776
16944
16976
16968
16752
16936
17120
17248
17336
17568
17648
17640
17776
18048
18200
18136
18328
18440
18344
18520
18584
18608
18336
18104
18040
17936
17944
17616
17328
17208
17088
16896
16384
16320
16344
16336
16160
16104
16144
16024
16032
16152
16136
15896
15928
15960
15944
16160
15952
15832
15768
15840
15896
15896
15872
15912
15960
15928
15904
16032
16176
16008
15912
16152
16144
15904
15976
16048
16184
15984
15864
15936
15960
16008
16056
16040
16120
16120
15872
15824
16000
16072
16056
16072
16112
16120
16048
16056
16120
16184
16072
15968
15888
16160
16336
15944
15784
15840
15912
15904
16072
16136
16080
16064
16104
16176
16032
16072
16160
16224
16184
16000
15808
15848
16072
15976
16000
15976
16104
16040
16064
16048
16064
16232
16192
16112
16200
16192
16192
16048
16000
16192
16160
16176
16200
16200
16168
16264
16416
16400
16392
16392
16464
16608
16688
16640
16552
16632
16632
16696
16544
16440
16408
16424
16608
16600
16344
16280
16016
16088
16192
16112
16176
16184
16168
16112
16120
16144
16264
16224
16128
16248
16288
16232
16192
16216
16248
16104
15992
16128
16336
16240
16192
16064
16112
16096
16328
17056
18040
19504
20960
22904
22856
20464
18928
17736
16648
16064
15568
15536
15928
16256
16536
16600
16600
16712
16656
16576
16552
16848
16712
16776
16632
16672
16592
16464
16456
16688
16760
16656
16640
16688
16824
16776
16872
17080
16968
16912
16864
16792
16904
17192
17040
17000
17088
17080
17136
17232
17440
17496
17432
17608
17744
17824
17864
17848
18016
18320
18432
18480
18504
18536
18792
18824
18944
19048
19144
19160
19104
19168
19120
19000
18752
18656
18360
18264
17976
17776
17680
17568
17296
17168
17088
16920
16912
16824
16720
16648
16680
16536
16688
16696
16728
16616
16664
16832
16808
16784
16712
16624
16408
16432
16696
16816
16584
16544
16512
16696
16664
16608
16648
16648
16824
16640
16672
16552
16584
16768
16648
16648
16616
16488
16512
16704
16728
16600
16464
16504
16600
16536
16560
16696
16640
16488
16440
16648
16600
16600
16512
16640
16608
16696
16632
16416
16360
16408
16464
16592
16416
16424
16512
16408
16480
16480
16456
16480
16512
16592
16488
16344
16528
16568
16608
16496
16552
16544
16480
16384
16416
16408
16432
16296
16424
16392
16488
16536
16520
16688
16640
16552
16720
16784
16816
16648
16600
16768
16928
17064
16968
17056
16912
16960
16848
16776
16824
16872
16704
16592
16680
16608
16480
16424
16424
16344
16368
16440
16448
16464
16416
16392
16504
16384
16400
16400
16464
16464
16360
16232
16320
16352
16336
16416
16536
16672
16608
16312
16136
16104
16304
16680
17568
19016
20520
22256
23136
20992
19120
18096
17368
16848
16104
15736
15800
16056
16360
16544
16784
16592
16608
16608
16544
16536
16680
16744
16760
16712
16680
16824
16824
16768
16792
16776
16632
16736
16784
16792
16808
16824
16896
16936
16928
16840
16816
16968
17080
16976
17072
17144
17200
17216
17256
17432
17480
17504
17504
17592
17664
17896
17936
18008
18152
18120
18320
18480
18640
18792
18768
18848
18976
18960
18864
18928
18936
18952
18712
18408
18192
17992
17904
17664
17224
17048
17008
16896
16744
16816
16832
16544
16560
16504
16544
16448
16552
16608
16328
16448
16480
16296
16392
16352
16272
16344
16600
16464
16208
16224
16344
16280
16240
16360
16560
16472
16248
16280
16368
16408
16384
16352
16376
16312
16320
16400
16616
16600
16336
16096
16208
16280
16216
16224
16256
16168
16336
16440
16384
16096
16048
16208
16232
16400
16304
16336
16320
16120
16160
16192
16176
16312
16344
16208
16080
16008
16184
16288
16208
16032
16128
16072
16248
16096
16032
16104
16120
16128
16224
16272
16152
16288
16576
16368
16376
16456
16072
16112
16296
16464
16584
16560
16632
16568
16664
16592
16472
16488
16488
16480
16432
16424
16264
16280
16312
15984
15824
15944
15904
15896
15936
15896
15984
15936
15920
15944
16000
15976
15976
16056
16224
15960
15992
16064
16104
16104
16056
15816
15800
15872
15840
15648
15808
16280
17032
18168
19968
21672
22992
21200
19016
17560
16936
16400
15896
15496
15440
15648
15952
16104
16216
16288
16152
16288
16304
16056
16080
16240
16408
16344
16320
16360
16248
16208
16296
16520
16664
16696
16368
16232
16224
16400
16440
16400
16568
16736
16504
16464
16600
16456
16616
16792
16856
16824
16872
16768
17080
17352
17376
17288
17232
17488
17512
17648
17848
17904
17944
18104
18336
18568
18600
18520
18552
18688
18696
18640
18496
18392
18192
17904
17624
17720
17528
17000
16904
16856
16544
16616
16432
16296
16128
16192
16152
16008
16216
16256
15992
15904
16104
16200
16024
15968
16040
15912
15840
15736
15784
16032
15944
15856
15896
15960
15984
15920
15824
16104
15976
15984
15952
15936
16072
16152
15968
15912
15856
15960
15936
15840
15744
15808
15824
15896
16016
15960
15800
15832
15928
15872
15816
16048
16184
15824
15688
15712
16032
15984
15816
15736
15768
15752
15864
15824
15904
15800
15704
15736
15624
15672
15784
15792
15936
15936
15768
15768
15912
16056
15736
15688
15656
15896
15992
15920
15896
15960
15960
16008
16072
16272
16448
16344
16232
16264
16360
16296
16144
16096
16312
16296
16304
16000
15680
15720
15472
15568
15608
15696
15688
15712
15720
15760
15712
15552
15656
15800
15736
15552
15776
15768
15704
15776
15936
15848
15680
15488
15672
15784
15760
15376
15480
15480
15512
15816
16424
17256
18664
20272
22136
22480
20080
18112
17056
16320
15944
15400
14992
15136
15368
15616
15920
16064
15912
15952
15824
15880
16056
16024
15912
16008
16024
16144
16128
16128
16144
16248
16112
16208
16224
16112
15784
15904
16176
16240
16208
16152
16240
16400
16400
16400
16480
16576
16800
16568
16448
16608
16776
16784
16928
17192
17232
17208
17240
17344
17472
17624
17640
17840
18136
18128
18120
18400
18408
18400
18432
18432
18552
18432
18288
18256
17848
17528
17320
17136
16920
16784
16504
16384
16376
16384
16200
16168
16168
16008
15904
16000
16048
16120
16104
15784
15760
15824
15848
15840
15936
16104
15920
15760
15880
15888
16016
15824
15816
15944
15960
15848
15816
15968
16128
15976
16032
15824
15864
15888
15856
16080
16224
16032
15744
15704
15888
15952
15808
15904
16008
15872
15760
15848
15920
16016
15840
15760
15952
16024
15984
15752
15856
15976
15848
15744
15704
15776
15792
15832
15872
15920
15840
15696
15688
15960
16176
15712
15528
15664
15776
15840
15800
16040
15992
15736
15584
15776
15864
15912
15744
15792
15808
15760
15872
15952
16024
16120
15848
16032
16152
16168
16208
16208
16456
16600
16440
16344
16432
16280
16232
16264
16232
16248
16072
15912
15968
16016
15928
15968
15768
15848
15800
15704
15736
15856
15816
15800
15856
15976
15984
15664
15648
15776
15648
15696
15600
15640
15744
15760
15744
15840
15912
15976
15800
15736
15736
15768
15880
16608
17832
19312
20808
22464
21944
19840
18232
16984
16176
15512
15032
15032
15576
15920
16032
16008
16240
16328
16112
16048
16104
16184
16144
15760
16024
16232
16280
16040
15960
16120
16104
16112
16096
16160
16296
16224
16208
16336
16424
16424
16528
16528
16464
16176
16344
16608
16552
16576
16432
16632
16784
16744
16800
16920
17096
17200
17088
17344
17512
17616
17584
17832
18216
18064
17968
18184
18432
18560
18336
18216
18376
18400
18504
18224
18088
18032
17784
17440
17232
17048
16936
16680
16640
16576
16544
16104
15984
16136
16216
16272
16056
15968
16080
15864
15912
15936
15928
15912
15952
15952
15992
16072
15880
15888
15976
16152
16008
15904
16032
16024
15960
15840
15952
15968
15944
15968
15936
15912
15920
15912
15976
15952
15952
15928
15936
16088
15952
15728
15944
16064
16128
15976
15872
15800
15824
15880
15840
15880
15888
15880
15824
15824
15912
15880
15960
15736
15840
15864
15768
15840
15936
16040
15984
15904
16008
15864
15616
15720
15768
15896
15832
15616
15672
15792
15824
15808
15816
15928
15800
15672
15816
15936
15992
15832
16016
16120
16224
15848
15864
16032
16088
15984
15984
16200
16320
16272
16216
16240
16376
16152
16040
16112
16272
16088
16088
15864
15920
15920
15872
15968
16016
16000
15672
15512
15592
15624
15592
15696
15752
15792
15760
15696
15720
15768
15616
15736
15752
15856
15776
15760
15752
15856
15776
15560
15608
15784
15992
16568
17752
19328
21192
22504
21088
18936
17760
16888
16184
15632
14992
15048
15384
15680
15952
15992
16000
16016
16128
16088
16104
16176
16008
15816
15912
16008
16168
16168
15888
15904
16056
16120
16072
16056
16152
16184
16256
16240
16336
16440
16224
16176
16288
16568
16608
16480
16448
16528
16424
16504
16608
16848
16880
16856
17048
17160
17280
17328
17432
17680
17696
17824
17832
17864
18096
18208
18224
18304
18352
18448
18280
18216
18272
18120
17808
17632
17592
17424
17096
16832
16728
16616
16416
16208
16192
16320
16160
15904
16000
15944
15808
15872
15864
15912
15896
15760
15720
15864
15856
15800
15800
15936
15936
15648
15856
15936
15848
15672
15728
15912
16000
15936
15952
15992
15904
15800
15784
15912
15920
15656
15488
15680
15800
15912
15800
15752
15768
15864
15752
15736
15752
15952
15920
15816
15592
15704
15712
15816
15976
15912
15728
15392
15520
15672
15672
15728
15568
15712
15688
15592
15584
15704
15928
15800
15432
15544
15616
15640
15848
15840
15808
15952
15784
15688
15968
15944
15800
15696
15848
15992
16104
16224
16376
16360
16072
16104
16056
16048
15896
15904
15920
15920
15624
15656
15816
15736
15568
15376
15376
15376
15416
15384
15488
15608
15552
15536
15496
15552
15464
15440
15480
15712
15728
15760
15576
15664
15720
15320
15304
15448
15432
15280
15352
15920
16848
18144
19600
21368
22312
20504
18312
17112
16400
15856
15264
15056
15240
15392
15520
15472
15776
15824
15768
15744
15976
16016
15760
15816
15864
15888
15904
15808
15944
16016
15960
15936
16000
16184
16224
16112
15928
16224
16440
16256
16168
15968
15936
16016
16104
16368
16432
16392
16464
16464
16568
16608
16680
16760
16896
16904
16992
17112
17304
17336
17520
17616
17760
17872
17904
18040
18240
18256
18208
18232
18376
18512
18184
17856
17776
17624
17368
17168
17080
16832
16560
16408
16408
16384
16152
15928
15904
15944
15896
15808
15616
15664
15768
15760
15744
15848
16064
15752
15648
15784
15816
15504
15464
15528
15608
15688
15688
15768
15792
15728
15680
15704
15728
15792
15672
15696
15664
15760
15704
15792
15904
15872
15840
15760
15728
15728
15576
15576
15616
15896
15760
15680
15656
15712
15744
15712
15704
15936
15832
15616
15608
15736
15688
15592
15536
15688
15784
15712
15784
15664
15608
15584
15576
15664
15784
15672
15608
15568
15640
15576
15544
15624
15752
15704
15536
15560
15640
15824
15792
15904
15888
15904
15848
15848
16016
16136
16256
16200
16256
16248
16160
16200
15984
15976
16048
15952
15792
15768
15728
15640
15728
15680
15592
15584
15552
15624
15736
15680
15696
15544
15520
15480
15592
15672
15720
15672
15616
15744
15744
15608
15496
15608
15848
15776
15672
15600
15728
15680
15640
15984
16920
18104
19680
21544
22584
20664
18664
17472
16624
16008
15352
15048
15368
15576
15776
16088
16088
16240
16136
16040
15880
16064
16120
15992
16120
15992
16024
16080
16080
16152
16184
16168
15992
16048
16208
16352
16408
16384
16368
16384
16472
16376
16368
16504
16584
16704
16656
16736
16528
16672
16848
16960
16976
16944
17024
17280
17528
17528
17656
17792
17696
17880
18040
18280
18384
18456
18568
18704
18744
18528
18488
18688
18856
18744
18368
18192
17904
17712
17584
17496
17392
16976
16968
16784
16504
16384
16248
16480
16400
16432
16296
16216
16264
16272
16232
16200
16360
16400
16376
16344
16344
16408
16304
16336
16312
16440
16344
16352
16352
16456
16472
16288
16312
16328
16456
16352
16384
16472
16448
16432
16432
16440
16472
16352
16384
16408
16424
16392
16504
16464
16488
16440
16400
16368
16384
16336
16312
16328
16416
16232
16104
16152
16176
16304
16256
16312
16224
16256
16256
16216
16280
16328
16296
16272
16336
16416
16360
16424
16296
16304
16360
16216
16296
16304
16512
16584
16544
16528
16496
16488
16576
16704
16736
16672
16688
16800
16760
16640
16600
16584
16632
16568
16408
16368
16336
16248
16120
16048
16160
16192
16152
16056
16080
15992
15968
15992
16048
16008
15992
15944
16016
16088
15992
16032
16008
16120
16144
16040
16096
16208
16176
16000
15896
15944
16160
16640
17456
18824
20328
22072
22968
21136
19192
17896
16976
16280
15696
15384
15544
16056
16304
16376
16400
16456
16552
16568
16496
16480
16496
16448
16376
16440
16600
16560
16456
16432
16536
16592
16504
16520
16584
16616
16528
16544
16656
16744
16696
16680
16728
16792
16848
16840
16800
16888
16920
16928
16968
17104
17216
17208
17344
17528
17520
17600
17712
17872
17984
18088
18272
18416
18472
18472
18592
18656
18736
18768
18752
18736
18736
18624
18376
18192
18032
17840
17720
17432
17264
17056
16832
16728
16728
16592
16536
16440
16344
16400
16304
16328
16328
16288
16376
16240
16312
16328
16280
16208
16184
16280
16296
16288
16272
16296
16392
16336
16280
16312
16360
16320
16256
16264
16296
16224
16288
16328
16336
16264
16272
16296
16312
16272
16232
16200
16344
16312
16208
16184
16288
16240
16168
16160
16240
16248
16208
16176
16144
16136
16184
16328
16368
16320
16208
16032
16064
16072
16096
16128
16136
16280
16248
16128
16120
16160
16192
16120
16160
16216
16360
16376
16344
16384
16736
16736
16488
16424
16448
16528
16592
16504
16696
16824
16696
16672
16568
16632
16512
16376
16360
16344
16272
16168
16208
16216
16136
16200
16248
16240
16248
16256
16360
16416
16152
16032
16088
16080
16152
16064
16144
16368
16224
16104
16160
16328
16336
16152
16200
16008
16056
16256
16608
17528
18824
20296
22344
23216
21296
19456
18336
17264
16528
15624
15504
15912
16296
16688
16760
16720
16480
16432
16512
16624
16664
16816
16680
16688
16560
16624
16528
16512
16824
16928
16896
16824
16728
16792
16744
16896
16912
16824
16752
16728
16856
16936
17128
17248
17200
17392
17376
17064
17208
17568
17536
17424
17440
17680
17864
17848
17896
18128
18432
18152
18120
18824
18832
18784
18784
18960
19144
19320
19408
19280
19168
19024
18848
18664
18736
18672
18376
18112
17664
17608
17448
17472
17256
17040
16688
16952
16512
16720
16640
16552
16776
16792
16888
16800
16880
16992
17200
17200
17088
17144
17176
17128
17144
17472
17744
17304
17176
17208
17448
17744
17512
17208
17312
17136
17080
17248
17376
17544
17424
17496
17296
17328
17176
17048
17176
17120
16912
17040
17096
17232
17224
16960
16776
17000
17160
17272
17152
17168
16920
16816
16648
16936
17032
16840
16760
17048
16904
16792
16752
16656
16752
16920
16776
16760
16608
16688
16760
17152
17088
16624
16640
16880
16976
17024
16952
16920
17096
17352
17208
17384
17384
17504
17368
17168
16992
17208
16984
16984
17240
17000
16480
16272
16440
16656
16640
16536
16664
16784
16824
16632
16744
16776
16696
16584
16584
16728
16720
16720
16688
16664
16688
16584
16640
16736
16680
16648
16568
16496
16488
16656
17144
17968
19296
20728
22448
23712
21704
20192
18984
17832
17080
16320
15936
16128
16560
16784
16848
16856
16912
16912
16920
16896
16976
16928
16872
16896
16888
17000
17000
16968
16952
16984
16992
16824
16936
17008
16688
16384
16440
16552
16512
16488
16656
16768
16976
17008
16984
17152
17344
17368
17304
16824
16632
17072
17080
17400
17936
18136
17800
17952
18144
18432
18432
18264
18496
18896
18960
17976
17984
18768
19104
19328
19328
19408
19512
19368
19208
19112
18936
18576
18728
19040
18744
18776
18256
18224
17840
17968
17696
17520
17432
17368
17312
17120
17200
17056
16848
16728
16408
16424
16680
16832
16904
16664
16632
16088
16752
16944
16856
16472
16096
16296
16104
16200
15960
15920
15712
15776
15512
15568
15960
15528
15728
15816
15856
15824
15792
16000
15840
15576
15504
15712
16024
15880
15944
16008
16088
16056
16048
16096
16184
16312
16304
16584
16544
16688
16672
16808
16928
16984
16896
16920
17160
17144
17176
17200
17200
17112
17016
17152
17136
17048
16960
16800
16856
16704
16680
16528
16712
16912
16696
16352
16192
16592
16728
16320
15576
15160
15216
15112
15336
15280
15496
15808
15880
15960
16320
16280
16248
15920
15848
15680
15680
16016
16016
15880
16128
16328
16120
16720
16600
16480
16296
16680
17432
18720
20000
21632
22864
21240
19440
18296
17360
16624
16064
15792
15616
15728
15976
16064
16312
16136
16128
16144
16136
16120
16296
16312
16488
16512
16416
16344
16432
16512
16584
16776
17000
17152
17136
17024
17168
17280
17008
17320
17384
17288
17224
17208
17256
17320
17280
17344
17464
17384
17352
17320
17424
17632
17800
17872
17784
17920
18144
17944
18048
18280
18312
18328
18384
18488
18600
18624
18672
18752
18744
18592
18552
18440
18304
18064
17864
17736
17560
17376
17152
17000
16832
16616
16504
16560
16576
16376
16344
16344
16384
16144
16216
16288
16328
16296
16224
16176
16200
16240
16272
16192
16264
16248
16216
16184
16384
16496
16288
16208
16328
16424
16240
16152
16232
16272
16416
16312
16456
16880
16936
16560
16024
15928
16232
16440
16464
16168
16064
15984
16152
16544
16672
16512
16008
16160
16968
16944
16376
16088
16336
16584
16576
16440
16360
16320
16488
16576
16616
16672
16680
16600
16816
16888
16984
16992
16920
17144
17144
16832
16904
16864
16680
16664
16616
16592
16536
16408
16448
16376
16296
16296
15872
15752
15912
15768
15736
15784
15848
15792
15776
15712
15696
15712
15400
15712
16152
15768
15376
15648
15440
15640
15968
15656
15528
15176
15408
16200
17096
18248
19944
21760
21792
19792
18192
16976
16000
15256
14472
14360
15008
15576
15328
15432
15632
15256
15112
14760
14496
14608
14872
14928
14648
14736
14496
14688
14912
15584
15240
15128
14776
15056
15440
15656
15864
15912
15888
16160
16264
16432
16504
16368
16976
17216
16424
15880
15816
16224
16432
16800
17056
17440
16752
16624
16880
17016
17416
17752
17816
17392
17640
17984
17648
17816
17928
18088
18656
18736
18752
18056
17864
18368
18680
18952
18136
16496
16224
16440
16888
17304
17392
16464
15936
16144
16624
17056
16640
16000
15784
15952
16648
16456
16016
16008
16032
16360
15920
15648
15912
16408
16464
15928
15976
16496
16648
15896
15760
16344
16712
16584
15776
15920
16016
16160
16424
16496
16416
16312
15968
16520
15920
15968
16136
16360
16032
16256
16224
15672
15624
15728
15752
15800
15768
15712
15720
15656
15624
15704
15800
15744
15944
15912
15856
15920
15936
16112
15896
15984
16040
16016
16408
16544
16440
15848
16008
16592
16792
16352
15664
15424
15560
15824
15504
15536
15480
15744
15712
15592
15728
15392
15784
15232
16072
16288
15704
15312
15448
15088
15720
15600
15736
15224
15088
15592
15272
15200
15224
15504
15512
15288
15312
15760
16264
16944
18360
20144
22016
20520
18648
17496
16776
16120
15032
14648
14720
15144
15064
15304
15352
15488
15360
14984
15224
15696
15792
15704
15384
15392
15536
15288
15536
15416
15080
15344
15888
15936
15592
15496
15792
15640
15352
15600
15904
15824
15704
15360
15240
15424
16176
16720
16448
15984
15480
15416
15880
16096
15832
15968
16024
16392
17080
16616
16736
16832
16808
16720
16880
17120
17480
17264
16992
17408
17488
17408
17304
17080
16968
17096
16560
16600
16992
16272
15840
15416
15640
15608
15496
15352
15488
15712
15336
15152
15152
15160
15360
15448
15256
15352
15136
14904
14920
15360
15424
15320
15464
15032
15144
15112
15296
14968
14800
14856
14888
15112
15032
14856
15008
15056
14296
15200
15072
15016
15784
15424
15512
15168
15208
15248
15056
15424
15576
15208
14984
15312
15136
14432
14640
15280
15544
15160
15200
15272
15288
15040
14992
14896
14712
15680
15344
15792
15552
15408
15592
15928
15792
16176
15976
15896
15864
15600
15984
15568
15552
15384
15488
15552
15584
15152
15312
15576
15264
14896
15360
16120
15792
15328
15424
15824
15896
15872
16240
15728
16184
15792
15872
16216
15992
15976
16136
16064
15536
15616
15840
16600
17600
18448
19872
21424
21608
19600
18600
17640
16640
15976
14816
14656
15104
15864
15896
15632
15720
15408
15536
15464
15336
15608
15544
15272
15160
15024
15024
14864
15320
15400
15336
15136
15208
15248
15152
15384
15784
15600
15608
15672
15832
15688
15784
15920
16336
16248
16192
16288
16376
16416
16536
16584
16848
16856
16864
17040
17216
17232
17320
17336
17632
17592
17608
17656
17752
18136
18424
18384
18264
18368
18376
18496
18528
18336
18200
18040
18208
17688
17320
17024
16744
16776
16808
16608
16552
16792
16960
16760
16632
16600
16552
16384
16008
16216
16256
16000
16024
15952
16072
16064
15904
16008
16072
16032
16080
16232
16192
15864
15712
15672
15752
15760
15808
15728
15904
15928
15920
16080
16352
16056
15944
15920
15928
15936
16040
16200
16568
16472
16376
15920
15720
15696
16136
16520
16296
16136
16184
16296
16304
16216
16208
15672
15560
15720
16936
17808
16872
16160
16280
16456
16576
16160
15888
15592
15704
15296
15584
16128
17040
16440
15336
15440
16192
16344
15992
15320
14992
15992
16832
15456
15664
15880
16216
15736
15176
15304
15504
15488
15328
15672
15936
15616
15104
15368
15392
15992
16896
18952
21048
21648
21312
19104
17680
16824
16008
15464
15480
15432
15360
15720
15760
15608
15704
16096
16264
16200
15912
15896
15672
15608
16104
16224
15680
15656
15928
15968
15976
15808
15976
16248
16008
15976
15952
16032
16464
16104
16128
16408
16072
16088
16200
16400
16504
16200
16376
16776
16760
16592
16632
16920
17072
17024
17152
17344
17344
17424
17584
17704
17880
17920
18000
18112
18264
18248
18120
18360
18272
18136
17912
17888
17712
17552
17256
17072
16960
16848
16688
16456
16456
16424
16296
16192
16120
16104
16176
16088
16008
16168
16064
15960
15992
16144
16032
15912
15936
15928
15984
15944
15904
16000
16016
15896
15904
15904
15888
15992
16128
16376
16152
15952
15872
15928
16200
16240
15888
15768
15864
15864
15904
15896
15896
16144
16384
16456
16256
15784
15552
15584
15832
15912
15808
16040
16144
16296
16248
16184
16168
16272
16400
16472
16480
16616
16528
16496
16408
16408
16408
16448
16312
16264
16320
16120
16024
15936
15824
15656
15608
15624
15696
15664
15592
15664
15576
15648
15584
15520
15568
15560
15528
15440
15480
15480
15264
15368
15848
15832
15576
15376
15320
15112
15064
15536
16160
16848
17872
19104
20936
21752
19768
18232
17360
16464
15552
14832
14576
14792
15344
15752
15864
15848
15768
15624
15272
15384
15656
15656
15328
15424
15512
15448
15512
15760
15816
15648
15584
15416
15552
15560
15424
15376
15408
15272
15272
15456
15680
15736
15584
15528
15512
15536
15528
15560
15672
15728
16088
16056
16296
16528
16808
16480
16192
16432
16648
16808
16952
17216
17432
17336
17376
17552
17448
17680
17944
17616
17488
17328
17120
16984
16864
16720
16464
16408
16352
16472
15968
15832
15928
16032
16152
15624
15576
15376
15384
15456
15528
15536
15568
15568
15720
15736
15672
15656
15768
15856
15760
15704
15712
15864
15840
15608
15680
15824
15968
15960
15784
15888
15648
15536
15616
15768
15784
15760
15672
15768
15944
15440
15640
15720
15840
15968
15816
15800
15488
15496
15824
16000
15944
15800
15808
15872
15992
16088
16032
16112
16296
16352
16176
16176
16288
16384
16192
16144
16128
16104
15840
15712
16224
16104
15864
15600
15448
15616
15552
15472
15544
15272
15440
15408
15392
15416
15576
15320
15464
15664
15728
15384
15352
15680
15744
15448
15280
15312
15504
15424
15360
15400
15400
15552
16096
16928
18120
19616
21264
21144
19304
18200
17312
16200
15592
15072
14912
15064
15312
15512
15584
15664
15856
15920
15744
15544
15640
15792
15880
15792
15776
15920
15984
15872
15888
16072
16048
15960
15968
16104
16120
16072
16032
16128
16280
16136
16144
16216
16280
16272
16328
16376
16464
16568
16456
16536
16712
16744
16768
16752
16968
17208
17184
17224
17432
17424
17504
17632
17776
17928
17968
18072
18400
18488
18392
18352
18520
18312
18208
17976
17784
17688
17480
17344
17088
17304
17080
16968
16640
16592
16560
16504
16456
16392
16296
16304
16232
16216
16200
16152
16072
16128
16552
16440
16272
16256
16296
16272
16256
16344
16488
16336
16176
16272
16360
16504
16448
16352
16184
16144
16152
16320
16704
16960
16792
16360
16048
16232
16344
16392
16232
16120
16112
16144
16184
16288
16344
16184
16240
16344
16648
16576
16200
16312
16440
16448
16512
16784
16880
16512
16312
16464
16848
16696
16360
16104
16144
16360
16408
16184
16304
16288
15856
15656
15832
15992
15728
15752
15952
15872
15776
15752
15568
15672
15880
16080
15904
15872
15680
15616
15944
15936
15608
15600
15888
15928
15696
15624
15672
15904
16536
17432
18712
20176
21824
21016
19216
18120
17248
16216
15568
15000
14984
15280
15488
15776
16128
16120
15976
15968
16024
16152
15888
15960
16376
16232
16064
15944
15992
16200
16256
16232
16224
16192
16160
16128
16144
16200
16200
16232
16120
16328
16376
16264
16472
16296
16240
16168
16288
16504
16392
16304
16456
16528
16696
16752
16848
16864
17120
17312
17368
17496
17648
17656
17672
17912
18032
18056
18064
18152
18104
18080
17888
17776
17688
17656
17336
17120
17016
16896
16672
16528
16400
16384
16256
16072
16176
16216
16064
16032
16080
16088
16096
16072
15928
16016
16208
16136
16064
16024
16032
16024
15944
15952
16040
16016
15904
16024
15968
15912
15896
15928
15984
15944
15912
15976
15968
15984
16016
15840
15872
15936
15864
15880
16024
15968
15840
15776
15872
16080
15960
15944
16080
16216
16168
16128
16088
16176
16232
16272
16408
16464
16384
16344
16344
16336
16304
16208
16152
16136
16144
16008
15864
15848
15904
15840
15672
15864
15728
15688
15664
15712
15808
15784
15680
15696
15744
15688
15648
15696
15744
15784
15664
15744
15688
15784
15720
15680
15752
15728
15568
15488
15816
16544
17392
18712
20176
21712
21216
18952
17704
16992
16304
15608
15040
15016
15216
15632
15776
15952
16024
15920
15904
16016
16016
15944
15944
16008
16008
16024
15936
16048
16056
16048
15984
16024
16096
16104
16080
16112
16208
16216
16136
16160
16256
16336
16320
16304
16344
16456
16432
16512
16552
16568
16664
16688
16752
16952
16960
16984
17064
17256
17344
17368
17528
17664
17752
17752
17856
17920
18040
18024
18008
18120
18112
17904
17712
17632
17520
17288
17048
16960
16832
16664
16416
16304
16304
16224
16112
16024
16064
16032
15944
15944
16016
15944
15896
15880
15968
15968
15888
15856
15888
15992
15912
15848
15856
15992
15936
15856
15888
15936
15920
15864
15848
15928
15976
15864
15848
15880
15936
15896
15840
15928
15944
15784
15864
15984
15840
16128
16064
15808
15752
15752
15712
15824
15984
15824
15712
15840
16016
16152
16176
16112
16112
16256
16424
16536
16552
16480
16344
16464
16568
16432
16296
16304
16192
16296
16200
16024
16104
16104
15904
15824
15992
16000
15904
15848
15848
15960
15912
15760
15848
15832
15824
15736
15824
15832
15848
15856
15728
15752
15856
15832
15760
15760
15808
15768
15576
15496
15832
16560
17304
18536
19928
21592
21160
19160
18024
17216
16152
15272
14760
14856
15200
15616
15832
15936
15928
15832
15800
15880
15848
15776
15824
15864
15880
15864
15824
15896
15976
15904
15880
15960
15984
16024
15944
15984
16072
16016
16024
16112
16136
16144
16104
16312
16320
16392
16344
16336
16408
16528
16552
16568
16712
16832
16816
16984
17104
17248
17184
17072
17328
17472
17496
17544
17728
17808
17920
17920
17920
17968
17960
17752
17656
17584
17416
17152
16992
16824
16648
16520
16376
16280
16168
16096
15968
15904
15944
15920
15872
15816
15880
15816
15752
15816
15848
15752
15656
15680
15752
15848
15792
15768
15760
15800
15768
15728
15776
15752
15664
15712
15752
15920
15888
15904
15872
15768
15664
15704
15640
15736
15664
15656
15696
15736
15728
15672
15648
15736
15704
15704
15584
15688
15680
15656
15664
15680
15752
15768
15696
15832
16008
15992
15888
15952
16056
16160
16192
16136
16192
16288
16248
16184
16160
16136
16032
15952
15920
15920
15784
15608
15600
15616
15568
15488
15520
15616
15568
15496
15512
15520
15488
15520
15496
15568
15520
15496
15520
15520
15584
15456
15480
15496
15456
15576
15568
15520
15480
15368
15304
15656
16416
17280
18472
19904
21448
20688
18760
17856
17088
16048
15288
14688
14824
15232
15560
15768
15936
16056
16088
15976
15824
15896
15760
15680
15648
15768
15840
15808
15800
15952
16112
15968
15928
15960
15936
16080
16032
16192
16208
16024
15928
15968
16064
16160
16320
16376
16408
16272
16280
16368
16512
16504
16552
16600
16752
16800
16912
16888
17048
17184
17200
17368
17496
17544
17504
17456
17664
17944
18040
17920
17928
17976
17816
17656
17520
17408
17168
16888
16776
16632
16480
16328
16200
16128
16072
15984
15880
15928
15864
15784
15704
15768
15752
15632
15520
15704
15744
15704
15872
15776
15936
15768
15632
15592
15648
15688
15600
15648
15792
15768
15664
15608
15728
15624
15432
15816
15808
15776
15576
15576
15768
15832
15768
15768
15656
15704
15648
15584
15584
15728
15776
15664
15672
15744
15808
15648
15608
15664
15864
16008
15880
15840
15536
15600
15632
15800
15888
15776
15744
15768
15968
16080
16184
16264
16168
16184
16072
16128
16096
16024
15904
15824
15880
15880
15800
15672
15784
15672
15344
15560
15736
15352
15544
15440
15376
15368
15456
15408
15336
15368
15264
15360
15352
15544
15528
15440
15368
15336
15304
15160
15296
15344
15312
15352
15280
15800
16816
17640
18368
18952
20456
20920
19064
18048
17360
16384
15600
14952
14608
14912
15312
15552
15712
16064
15808
15808
15936
15904
15888
15856
15920
15968
15872
15888
15832
16040
15968
15896
15920
16056
15992
16024
15976
16064
16128
16144
16088
16256
16256
15944
16128
16368
16480
16720
16776
16992
17048
16928
16968
16872
16928
16848
16808
17088
17216
17360
17256
17480
17712
17656
17664
17664
17960
18184
18160
18216
18072
17824
17784
17664
17360
17312
17336
17096
16968
16888
16768
16384
16376
16344
16232
16064
15880
15856
16024
15936
15960
16312
16064
15784
15592
15672
15896
16064
16136
15912
15856
15728
15784
15824
15984
15952
16040
15976
15928
15912
15840
15968
16112
16336
16528
16264
15832
15696
15880
15528
15424
15568
15672
15640
15728
15936
15752
15664
15848
15920
15984
15976
15848
15728
15632
15560
15664
15648
15648
15576
15616
15760
15776
15920
15896
15904
16088
16088
16160
16336
16504
16752
16680
16344
16248
16296
16584
16560
16224
16088
15920
15736
15720
15744
15800
15632
15976
16096
15984
16232
16384
16080
15792
15736
15816
16040
15680
15688
16016
15984
16080
16632
16672
16152
15696
15688
15968
16344
16256
16040
15976
15936
16224
16416
17168
18056
19096
20320
22072
22184
20480
19784
18880
17504
16608
16120
15904
16200
16424
16352
16272
16408
16528
16544
16544
16520
16496
16520
16408
16320
16424
16568
16744
16872
16592
16384
16400
16200
16456
16520
16480
16536
16384
16256
16384
16456
16640
16816
16480
16368
15968
16144
16368
16496
16640
17000
16936
16560
16704
16576
16824
16848
16720
17024
17336
17360
17416
17704
17712
17600
17368
17504
17840
17768
17800
17824
17736
17496
17504
17288
17128
17048
16824
16560
16344
16592
16680
16472
16144
15872
15696
15720
15896
15792
15760
15704
15880
16024
15608
15952
16232
16400
15984
15488
15352
15696
15944
15776
15584
15904
16008
15952
16160
16600
16672
15920
15424
15848
16136
16144
15808
15752
15896
16056
15872
15848
15944
16008
16280
16152
15720
15608
15656
15736
15992
16120
15688
15376
15512
15584
15528
15816
15944
16008
15968
15968
15912
16160
16272
16264
16208
16136
16096
16440
16176
16216
16224
16168
16040
15848
15840
15728
15552
15640
15648
15648
15576
15512
15584
15576
15536
15520
15528
15704
15608
15544
15584
15632
15576
15648
15664
15648
15512
15504
15408
15536
15496
15440
15376
15512
15760
16288
17088
18304
19584
21344
21584
19808
18680
17720
16824
16168
15616
15496
15672
15888
16496
16808
16168
16128
16280
16312
16096
16176
16216
16184
15928
16024
16256
16000
16104
15944
16008
16064
15936
15904
16024
16168
16320
16184
16200
16320
16256
16256
16368
16424
16384
16272
16264
16448
16568
16504
16512
16648
16736
16744
16608
16840
17016
17024
17096
17240
17352
17320
17400
17584
17704
17664
17720
17864
17976
17904
17752
17784
17664
17568
17392
17136
17008
16856
16576
16464
16352
16256
16160
16032
16056
16048
15968
15848
15816
15872
15760
15768
15848
15880
15808
15696
15800
15848
15776
15720
15736
15840
15776
15736
15712
15792
15792
15664
15656
15760
15784
15704
15736
15744
15792
15720
15584
15688
15704
15664
15680
15640
15624
15672
15552
15608
15688
15672
15560
15536
15608
15704
15688
15752
15864
15888
15824
15776
15904
16040
16120
16120
16056
16136
16024
15968
15928
15928
15872
15744
15696
15712
15552
15408
15328
15392
15408
15360
15224
15320
15368
15280
15280
15360
15456
15456
15368
15368
15368
15320
15328
15376
15448
15408
15360
15400
15464
15480
15376
15264
15296
15248
15408
15848
16896
18120
19464
21088
21120
19192
18024
17016
16128
15448
14808
14544
14960
15352
15664
15792
15712
15792
15824
15688
15616
15664
15880
15856
15736
15768
15752
15912
15888
15840
15944
15936
15896
15992
16032
15864
15984
15968
16192
16088
16184
16168
16320
16280
16224
16208
16376
16392
16304
16344
16568
16616
16584
16568
16720
16752
16888
16920
17080
17304
17224
17328
17432
17544
17664
17672
17760
17808
17864
17816
17792
17752
17664
17424
17184
17072
16960
16656
16472
16448
16360
16224
16056
15936
15944
15832
15800
15824
15888
15800
15744
15672
15792
15728
15696
15688
15760
15680
15728
15736
15720
15816
15792
15664
15784
15784
15704
15696
15728
15776
15744
15712
15768
15792
15736
15704
15680
15728
15712
15712
15648
15800
15832
15664
15592
15736
15728
15632
15648
15648
15816
15680
15704
15808
15904
15952
15888
16048
16136
16104
16112
16224
16408
16352
16264
16312
16456
16344
16136
16160
16240
16160
15984
15872
15872
15872
15760
15704
15704
15744
15744
15672
15672
15784
15664
15544
15584
15672
15664
15648
15632
15688
15736
15640
15672
15704
15744
15784
15744
15784
15776
15600
15528
15632
16064
16720
17592
18808
20400
21704
20456
18960
18096
17264
16288
15552
15104
15152
15496
15792
16072
16168
16176
16104
16128
16192
16112
16096
16136
16216
16192
16128
16192
16256
16216
16152
16232
16312
16344
16288
16312
16304
16408
16328
16296
16376
16416
16432
16456
16488
16664
16616
16560
16672
16728
16784
16840
16912
17072
17112
17128
17248
17304
17352
17416
17576
17728
17864
17776
17816
17960
18112
18104
18064
18064
18120
17992
17896
17880
17840
17552
17336
17200
17128
16960
16712
16656
16680
16568
16432
16352
16352
16352
16184
16128
16240
16256
16152
16064
16128
16200
16088
16080
16144
16120
16120
16080
16216
16360
16368
16344
16296
16344
16240
16232
16208
16232
16296
16176
16160
16152
16184
16224
16088
16096
16136
16128
16136
16224
16376
16312
16192
16208
16304
16336
16200
16296
16336
16416
16456
16496
16536
16496
16560
16544
16712
16896
16848
16776
16872
16824
16688
16600
16768
16904
16816
16600
16568
16456
16480
16304
16248
16280
16192
16224
16176
16304
16208
16152
16000
16120
16136
16256
16080
16024
16104
16184
16160
16232
16216
16032
16016
16296
16344
16264
16152
16080
15984
16184
16552
17344
18432
19624
21376
22136
20448
19240
18368
17352
16576
15840
15424
15560
16048
16416
16440
16448
16544
16600
16560
16488
16480
16632
16600
16568
16592
16624
16680
16600
16552
16632
16632
16544
16584
16608
16720
16600
16632
16688
16744
16664
16712
16776
16864
16848
16800
16784
16952
17008
16944
17016
17096
17232
17232
17256
17408
17520
17576
17680
17760
17968
18104
18096
18192
18320
18352
18376
18480
18664
18528
18368
18464
18360
18112
17904
17816
17664
17560
17280
17248
17016
16984
16848
16792
16672
16864
16728
16600
16712
16888
16600
16512
16632
16624
16480
16456
16664
16520
16456
16560
16800
16584
16432
16496
16560
16600
16632
16648
16576
16560
16464
16384
16376
16544
16616
16600
16784
16824
16376
16320
16336
16888
16672
16416
16200
16288
16328
16352
16288
16152
15984
16312
16128
16080
16048
16296
16248
16288
16488
16880
16664
16424
16408
16704
16808
16816
16688
16824
16880
16688
16640
16632
16888
16552
16408
16472
16352
16240
16160
16112
16224
16152
16144
16088
15984
16080
16016
16104
16152
16112
16040
16064
16168
16248
16016
16024
16128
16208
16024
16112
16112
16128
16128
16080
16184
16120
16024
16368
17104
18184
19368
20928
22240
20944
19424
18520
17704
16800
16064
15584
15704
16192
16512
16576
16600
16704
16752
16768
16680
16704
16736
16672
16680
16704
16680
16680
16744
16816
16840
16728
16696
16712
16744
16736
16664
16760
16808
16816
16760
16840
16880
16888
16872
16848
16912
16968
17000
16952
17072
17152
17192
17280
17344
17384
17464
17528
17712
17864
17920
17992
18048
18248
18264
18336
18432
18464
18536
18552
18368
18408
18392
18208
18000
17848
17696
17536
17328
17120
17064
16968
16808
16704
16784
16664
16568
16552
16608
16568
16536
16456
16480
16536
16536
16504
16528
16536
16472
16464
16528
16632
16536
16456
16528
16576
16560
16512
16520
16584
16512
16544
16544
16544
16608
16544
16544
16592
16560
16448
16432
16512
16480
16496
16504
16632
16560
16488
16432
16576
16496
16360
16480
16440
16456
16528
16456
16536
16560
16648
16616
16688
16712
16752
16720
16808
16920
17024
17096
16944
17072
17088
17056
16936
16880
16880
16880
16680
16784
16720
16600
16472
16432
16432
16496
16448
16392
16464
16512
16472
16368
16408
16456
16280
16328
16400
16480
16416
16320
16408
16480
16456
16288
16400
16528
16544
16400
16336
16280
16384
16728
17504
18528
19816
21288
22496
21040
19552
18592
17768
16920
16368
15832
15816
16120
16560
16704
16800
16776
16864
16792
16808
16784
16896
16800
16824
16848
16832
16912
16928
16832
16872
17024
16984
16936
17000
17072
17016
16984
17032
17000
17104
17096
17064
17208
17248
17224
17288
17352
17352
17344
17472
17560
17640
17616
17696
17904
18024
18112
18136
18312
18392
18488
18576
18632
18784
18872
18904
18920
19024
19000
18872
18856
18784
18672
18456
18280
18160
18032
17736
17616
17552
17496
17288
17184
17192
17168
17144
17056
17064
17112
17056
16992
16960
17048
17000
16920
16912
17024
16976
16952
16952
17040
17072
17000
16968
17008
17064
16968
16984
16976
17032
17024
17024
17056
17104
17032
16992
16992
17056
17056
16968
16968
17088
17152
17008
17008
17016
17024
17032
16936
17032
17104
17048
16984
17040
17088
17072
17016
17072
17176
17232
17192
17336
17328
17344
17304
17416
17592
17680
17600
17560
17680
17760
17600
17528
17544
17520
17424
17256
17208
17240
17144
17112
17128
17176
17080
17056
17072
17088
17072
17048
17040
17096
17048
16992
17024
17080
17088
17016
17000
17120
17144
17072
17056
17128
17200
17136
17096
17072
16984
16992
17344
18168
19240
20560
22096
23280
21880
20144
19048
18176
17528
16944
16408
16384
16816
17216
17336
17480
17472
17456
17440
17424
17496
17560
17488
17536
17536
17552
17552
17520
17528
17600
17664
17632
17600
17680
17664
17680
17672
17752
17784
17752
17736
17816
17888
17920
17896
17952
18072
18056
18128
18152
18224
18304
18320
18408
18528
18608
18696
18792
18928
19048
19096
19128
19288
19392
19456
19496
19616
19672
19648
19608
19528
19440
19224
19008
18912
18816
18600
18360
18264
18184
18032
17840
17840
17768
17728
17672
17608
17672
17560
17504
17472
17512
17576
17584
17504
17488
17600
17512
17496
17464
17560
17560
17544
17456
17576
17584
17504
17480
17512
17592
17496
17496
17496
17568
17472
17456
17536
17520
17504
17464
17448
17496
17424
17424
17464
17544
17504
17456
17400
17472
17488
17408
17360
17480
17464
17400
17344
17472
17480
17344
17312
17352
17392
17440
17368
17432
17440
17440
17432
17472
17616
17648
17616
17600
17640
17648
17648
17768
17904
17880
17816
17824
17840
17856
17736
17648
17696
17616
17480