16360
16512
16136
15832
16264
16560
16216
15832
16224
16528
16280
15888
16160
16576
16384
15968
16056
16496
16496
16024
16040
16464
16584
16064
15952
16400
16592
16184
15888
16280
16648
16240
15872
16208
16504
16240
15904
16160
16544
16352
15896
16032
16424
16448
15960
15928
16384
16456
16016
15872
16320
16560
16128
15824
16216
16480
16200
15880
16208
16608
16376
16000
16192
16672
16464
16088
16216
16624
16504
16088
15984
16432
16608
16080
15864
16320
16568
16168
15792
16184
16440
16120
15768
16056
16440
16160
15840
16056
16472
16312
15840
15880
16184
16168
15864
16072
16728
17624
17880
17856
17352
17064
16112
15312
15392
15592
15320
15248
15752
16256
16104
15728
15992
16400
16280
15840
15904
16368
16392
15936
15928
16400
16472
16016
15808
16264
16536
16096
15784
16264
16592
16176
15848
16200
16560
16312
15856
16168
16624
16512
16088
16184
16624
16632
16216
16184
16720
16896
16496
16280
16856
17184
16784
16592
17056
17352
17088
16792
17152
17488
17288
16888
17112
17400
17264
16800
16680
17032
16944
16408
16232
16560
16720
16200
15880
16336
16568
16144
15752
16136
16440
16088
15752
16104
16432
16184
15792
15976
16352
16224
15800
15856
16272
16296
15912
15800
16256
16384
15968
15736
16168
16456
16064
15720
16176
16504
16168
15816
16072
16456
16240
15776
15968
16392
16296
15824
15880
16320
16368
15880
15760
16256
16456
16008
15776
16120
16392
15976
15720
16080
16424
16104
15744
16048
16360
16128
15752
15912
16312
16264
15792
15768
16304
16336
15872
15864
16360
16560
16088
15848
16312
16552
16184
15800
16120
16456
16136
15736
16072
16384
16096
15752
15912
16232
16184
15744
15736
16144
16208
15760
15600
16096
16264
15880
15616
16040
16328
15832
15464
15936
16520
16408
16512
17656
18624
17888
16752
16304
16024
15552
14952
14936
15544
15856
15592
15616
16072
16296
15888
15624
16048
16304
15984
15632
16000
16392
16072
15760
16016
16376
16152
15768
15904
16344
16312
15824
15856
16304
16368
15944
15784
16296
16448
16048
15856
16296
16576
16216
15872
16328
16672
16424
16080
16440
16888
16728
16384
16544
17048
17096
16672
16744
17248
17400
16936
16840
17312
17432
17000
16704
17040
17240
16720
16288
16600
16824
16448
16000
16208
16528
16312
15864
15936
16392
16280
15856
15848
16272
16344
15880
15672
16184
16376
15976
15656
16096
16432
16048
15688
16048
16368
16096
15680
15976
16336
16160
15744
15880
16288
16216
15848
15816
16256
16368
15936
15720
16216
16456
16016
15720
16192
16448
16096
15704
16104
16408
16144
15768
16016
16408
16208
15792
15920
16280
16264
15832
15792
16264
16352
15904
15704
16160
16392
15960
15704
16152
16456
16016
15656
16064
16376
16120
15792
16072
16472
16360
15896
16024
16416
16416
16000
15960
16360
16408
15976
15720
16240
16456
15968
15616
16096
16408
16032
15576
15896
16240
15968
15600
15824
16264
16112
15664
15728
16176
16192
15720
15600
16000
16208
16080
16104
17096
18136
18040
16928
16808
16400
15512
14840
15016
15544
15520
15336
15712
16168
16064
15648
15704
16128
16176
15696
15720
16224
16296
15864
15624
16072
16344
15888
15608
16056
16360
16000
15640
16000
16336
16080
15688
15936
16368
16224
15808
15896
16304
16328
15888
15904
16376
16616
16144
15944
16472
16752
16416
16168
16656
17024
16776
16472
16840
17216
17056
16696
17008
17384
17256
16816
16816
17168
17144
16544
16400
16736
16816
16280
16000
16376
16552
16104
15752
16152
16416
16072
15696
16024
16304
16056
15632
15928
16304
16184
15760
15800
16240
16240
15784
15672
16176
16336
15848
15608
16104
16336
15928
15640
16016
16336
16024
15672
15896
16280
16136
15704
15928
16328
16216
15792
15784
16256
16288
15744
15720
16160
16336
15872
15688
16080
16368
15936
15624
16008
16360
15992
15632
15928
16304
16072
15632
15816
16248
16128
15704
15768
16208
16192
15744
15664
16112
16288
15880
15664
16112
16424
16032
15696
16120
16440
16128
15816
16088
16400
16104
15720
15832
16256
16120
15664
15752
16104
16200
15656
15544
16016
16192
15744
15488
15944
16168
15840
15456
15896
16160
15912
15560
15792
16064
15856
15640
16096
16728
17408
17664
17408
16992
16504
15312
14888
15144
15280
15144
15160
15768
16152
15744
15456
15792
16176
15880
15544
15848
16184
15960
15608
15744
16136
16104
15624
15656
16104
16200
15744
15584
16040
16272
15792
15600
16008
16336
15928
15640
16024
16368
16056
15728
16016
16400
16208
15856
16072
16496
16456
16080
16208
16672
16776
16424
16336
16808
17120
16736
16560
17008
17272
16880
16560
16984
17232
16840
16368
16576
16840
16456
16000
16128
16472
16352
15808
15824
16192
16208
15776
15600
16024
16224
15760
15512
15984
16240
15880
15496
15856
16200
15912
15520
15792
16224
15984
15584
15664
16136
16056
15624
15632
16120
16184
15752
15552
15992
16192
15856
15544
15968
16264
15944
15552
15912
16288
15960
15600
15912
16176
16032
15632
15712
16168
16112
15688
15640
16144
16192
15720
15576
16032
16248
15792
15544
15960
16232
15872
15504
15896
16216
15928
15520
15808
16184
15992
15584
15672
16128
16080
15664
15688
16120
16328
15896
15704
16112
16360
16000
15744
16128
16336
15904
15600
15864
16264
15944
15472
15752
16200
16000
15504
15616
16032
15968
15544
15552
16000
16072
15640
15456
15928
16104
15672
15424
15800
16056
15704
15688
16248
17160
17640
17456
16784
16656
15784
14912
14784
15152
15256
15088
15200
15816
15984
15576
15416
15864
16112
15696
15448
15856
16152
15744
15464
15808
16136
15856
15440
15784
16128
15992
15568
15680
16088
16032
15608
15632
16120
16176
15752
15568
16016
16328
15872
15592
16048
16368
16064
15776
16160
16512
16288
15968
16304
16720
16664
16264
16496
17000
17032
16552
16584
17064
17192
16768
16584
17000
17104
16568
16176
16536
16776
16296
15864
16144
16376
16048
15600
15848
16248
16064
15632
15680
16040
16032
15536
15528
15968
16144
15672
15488
15960
16184
15712
15424
15864
16152
15784
15448
15816
16128
15864
15488
15744
16160
15960
15584
15632
16032
16040
15600
15608
16040
16216
15752
15544
15928
16176
15776
15448
15888
16168
15904
15480
15840
16136
15904
15496
15776
16080
15936
15568
15568
16032
16016
15576
15504
15984
16064
15656
15440
15864
16144
15760
15432
15824
16120
15784
15448
15784
16080
15792
15520
15752
16152
16120
15664
15792
16144
16184
15776
15672
16080
16208
15712
15520
15976
16232
15784
15416
15816
16112
15776
15384
15720
16000
15768
15400
15600
15992
15824
15424
15520
15936
15928
15496
15400
15768
15864
15608
15696
16408
17416
17768
17376
16856
16664
15800
14896
14968
15152
15064
14928
15360
15880
15816
15416
15504
15944
15952
15528
15464
15864
16072
15664
15472
15856
16176
15736
15456
15824
16168
15816
15464
15768
16136
15904
15520
15720
16088
16048
15656
15744
16216
16256
15760
15704
16144
16344
16024
15808
16216
16576
16144
15968
16480
16824
16520
16248
16632
17008
16880
16480
16768
17184
17112
16608
16712
17040
16984
16448
16240
16632
16672
16176
15888
16216
16384
15944
15632
15952
16272
15912
15528
15792
16112
15928
15520
15736
16080
15896
15528
15616
16024
16080
15608
15552
15944
16160
15696
15472
15896
16184
15728
15448
15832
16184
15832
15576
15856
16184
15928
15568
15728
16128
16016
15584
15632
16080
16136
15720
15560
15952
16160
15760
15520
15976
16208
15800
15480
15920
16192
15824
15504
15840
16168
15952
15528
15688
16032
16032
15568
15608
16048
16128
15640
15472
15976
16160
15704
15464
15904
16176
15776
15432
15856
16144
15856
15520
15888
16248
16096
15744
15848
16216
16184
15752
15680
16112
16176
15760
15584
16072
16136
15696
15488
15976
16128
15728
15368
15760
16088
15768
15400
15672
16016
15840
15424
15640
16016
15888
15392
15368
15984
16376
16176
16576
17936
18456
17192
16320
16048
15768
15064
14600
15024
15584
15456
15280
15680
16040
15864
15552
15656
16016
15968
15600
15568
16024
16088
15648
15496
15960
16160
15760
15512
15904
16200
15816
15536
15864
16216
15928
15568
15848
16232
16088
15704
15824
16240
16224
15792
15816
16280
16432
16008
15856
16408
16640
16304
16136
16608
16968
16680
16424
16816
17200
16920
16560
16904
17352
17056
16664
16712
16992
16896
16280
16240
16560
16560
16112
15832
16176
16368
15936
15640
16016
16264
15920
15600
15872
16240
15928
15608
15832
16160
15936
15600
15744
16144
16088
15664
15680
16080
16152
15736
15592
16040
16168
15768
15560
15968
16256
15904
15576
15904
16264
16000
15648
15896
16296
16088
15704
15824
16216
16184
15752
15680
16152
16272
15800
15640
16072
16256
15880
15576
16016
16288
15960
15688
16000
16272
16016
15624
15872
16248
16104
15736
15800
16200
16216
15712
15728
16128
16232
15856
15696
16112
16288
15928
15592
16056
16304
15904
15672
15976
16312
16056
15752
16016
16424
16272
15896
15984
16440
16432
15936
15816
16232
16416
15920
15744
16208
16336
15960
15704
16048
16288
15952
15592
15864
16224
15952
15592
15832
16216
16056
15720
15752
16168
16056
15584
15640
16288
16664
16728
17328
18312
17912
16840
15992
15704
15576
15160
14888
15456
16016
15848
15584
15848
16192
16024
15704
15840
16264
16256
15832
15776
16184
16280
15896
15712
16208
16424
15936
15720
16096
16320
16072
15696
16056
16400
16216
15776
15960
16360
16288
15864
16016
16440
16480
16096
16008
16504
16648
16280
16136
16632
16896
16584
16384
16792
17152
16920
16640
17032
17384
17224
16840
17056
17448
17296
16864
16848
17160
17056
16552
16392
16704
16792
16248
16024
16440
16576
16152
15816
16184
16472
16168
15840
16144
16480
16208
15824
16048
16424
16256
15888
15936
16344
16416
15984
15840
16320
16472
16056
15808
16256
16528
16104
15824
16224
16496
16224
15880
16184
16504
16248
15912
16064
16496
16384
16016
16048
16464
16472
16000
15928
16344
16504
16048
15848
16320
16552
16112
15848
16248
16496
16184
15840
16192
16544
16296
15920
16096
16480
16344
15936
15952
16400
16464
16072
15944
16328
16536
16080
15840
16336
16568
16224
15952
16320
16704
16360
16000
16328
16720
16512
16096
16232
16632
16440
16056
16032
16504
16560
16040
15960
16408
16496
16048
15760
16176
16520
16144
15792
16104
16456
16120
15832
16120
16512
16272
15816
15896
16320
16400
16240
16624
17856
18552
17656
16832
16704
16144
15360
14960
15408
15904
15800
15568
16088
16472
16192
15768
16104
16528
16288
15872
16048
16448
16416
15944
16000
16432
16544
16136
15944
16376
16600
16192
15904
16328
16624
16272
15920
16288
16592
16360
16024
16256
16672
16496
16144
16336
16744
16632
16288
16328
16864
16984
16592
16536
16992
17280
16896
16680
17200
17512
17240
16928
17368
17688
17352
16984
17136
17456
17168
16616
16656
17040
16848
16328
16264
16704
16696
16288
16040
16512
16664
16200
15888
16312
16568
16176
15904
16248
16592
16248
15856
16120
16504
16344
15904
16056
16416
16416
15976
15952
16416
16472
16040
15912
16328
16552
16144
15864
16264
16568
16160
15912
16280
16648
16336
15912
16152
16536
16360
15992
16104
16496
16464
16000
15984
16384
16536
16064
15896
16384
16600
16136
15816
16288
16584
16192
15856
16224
16520
16192
15800
16128
16504
16296
15904
16032
16448
16400
15952
15936
16432
16576
16160
15968
16536
16672
16264
15976
16384
16720
16320
15952
16248
16608
16296
15944
16112
16416
16336
15896
16000
16424
16368
15848
15816
16256
16352
15968
15768
16280
16488
16064
15736
16192
16424
15936
15560
16056
16696
16688
17000
18024
18728
17704
16648
16096
15992
15712
15048
15032
15736
16048
15752
15720
16208
16424
16000
15736
16168
16440
16112
15752
16112
16432
16200
15872
16032
16400
16280
15848
15928
16376
16368
15872
15880
16336
16480
16016
15888
16312
16584
16184
15904
16376
16688
16320
16040
16408
16808
16560
16192
16504
16976
16872
16552
16696
17184
17248
16936
16896
17400
17568
17168
16944
17440
17664
17184
16744
17080
17344
16808
16400
16648
16928
16520
16048
16264
16624
16432
15992
16032
16488
16440
16016
15936
16376
16472
16008
15848
16296
16536
16120
15824
16240
16472
16104
15800
16184
16560
16280
15840
16040
16480
16320
15936
16064
16448
16456
16032
15912
16360
16480
16064
15912
16312
16528
16152
15872
16232
16552
16208
15848
16184
16552
16296
15888
16112
16488
16304
15928
15976
16400
16488
15976
15888
16368
16464
16040
15808
16288
16544
16152
15816
16192
16512
16152
15840
16112
16464
16256
15904
16136
16464
16432
16056
16168
16560
16640
16176
16104
16544
16600
16120
15960
16368
16624
16216
15904
16248
16528
16248
15824
16112
16424
16200
15792
16008
16440
16320
15832
15936
16376
16424
15968
15896
16192
16248
15984
16032
16752
17512
17984
18152
17768
17424
16448
15480
15416
15696
15480
15352
15768
16296
16264
15896
15912
16368
16456
16008
15928
16384
16528
16064
15864
16320
16560
16200
15888
16272
16608
16216
15872
16192
16520
16352
15920
16160
16584
16464
15976
16080
16520
16608
16208
16128
16592
16776
16352
16152
16648
16952
16648
16376
16840
17176
16864
16592
17000
17424
17248
16912
17136
17592
17504
17040
17096
17504
17448
16960
16752
17120
17152
16680
16296
16648
16856
16400
16048
16432
16688
16344
15960
16232
16568
16360
15976
16144
16528
16448
16024
16016
16456
16536
16064
15952
16376
16512
16136
15912
16344
16584
16192
15896
16288
16592
16312
15936
16184
16592
16360
15944
16168
16536
16456
16064
16016
16448
16536
16072
16048
16464
16608
16216
15864
16344
16632
16248
15960
16312
16624
16264
15880
16160
16560
16384
15928
16152
16560
16472
15976
16008
16440
16528
16088
15928
16360
16536
16120
15880
16320
16520
16216
15928
16272
16552
16288
15960
16224
16496
16384
16008
16160
16640
16608
16200
16200
16552
16696
16240
16056
16416
16680
16240
16000
16376
16568
16176
15832
16288
16544
16176
15816
16064
16376
16208
15768
15968
16368
16344
15872
15872
16336
16424
15896
15704
16280
16728
16576
16928
18192
18696
17448
16544
16136
15936
15368
14928
15320
15944
15928
15712
15960
16320
16320
15888
15896
16296
16400
15912
15856
16320
16480
16072
15848
16216
16448
16136
15824
16208
16512
16240
15872
16112
16544
16328
15912
16104
16480
16512
16072
16016
16520
16640
16168
16096
16528
16816
16472
16240
16712
17008
16688
16456
16880
17232
17072
16712
17032
17480
17400
17024
17120
17528
17440
17032
16920
17264
17248
16712
16448
16768
16896
16456
16080
16416
16656
16264
15880
16208
16544
16216
15880
16144
16456
16288
15872
15920
16392
16424
15928
15856
16328
16424
15960
15728
16232
16480
15992
15752
16224
16496
16120
15808
16088
16520
16240
15824
16080
16464
16328
15936
15960
16368
16408
15992
15944
16408
16472
16032
15856
16288
16432
16112
15824
16184
16440
16096
15776
16128
16472
16200
15856
16096
16400
16224
15840
15872
16360
16320
15856
15872
16280
16392
15944
15744
16192
16376
16032
15768
16256
16480
16168
15864
16264
16568
16312
16008
16264
16592
16384
15920
15984
16384
16416
15960
15856
16248
16400
16000
15776
16112
16376
15960
15680
16056
16344
16072
15696
15968
16392
16128
15704
15928
16224
16024
15728
16000
16728
17184
17688
18248
18112
17480
16432
15512
15544
15584
15184
15144
15736
16176
15936
15632
16024
16376
16104
15736
15976
16368
16272
15840
15952
16336
16352
15952
15880
16320
16488
15984
15824
16216
16520
16128
15856
16240
16568
16256
15888
16248
16496
16344
16048
16216
16632
16488
16104
16208
16656
16752
16448
16384
16880
17104
16744
16592
17024
17344
17048
16776
17272
17616
17280
16960
17240
17536
17224
16728
16888
17216
16936
16424
16408
16728
16672
16176
16040
16496
16576
16128
15888
16304
16504
16160
15848
16240
16528
16216
15800
16152
16472
16192
15872
16040
16456
16360
15872
15960
16320
16400
16008
15840
16392
16512
16096
15888
16296
16544
16184
15896
16280
16632
16272
15912
16176
16520
16384
15968
16160
16528
16384
15984
15992
16432
16464
16056
15920
16360
16552
16096
15912
16320
16568
16168
15880
16256
16536
16208
15880
16168
16496
16328
15912
16024
16480
16376
15976
15960
16432
16464
16008
15864
16336
16512
16128
15856
16328
16688
16320
15992
16368
16656
16392
16080
16312
16672
16416
15952
16120
16496
16464
16032
16024
16432
16520
16072
15864
16304
16472
16000
15792
16224
16480
16104
15768
16168
16520
16200
15840
16008
16384
16184
16048
16448
17368
18136
18192
17408
17264
16688
15600
15088
15504
15808
15624
15560
16128
16488
16128
15824
16168
16488
16208
15856
16096
16488
16360
15896
16080
16504
16448
16048
16024
16456
16504
16088
15952
16384
16600
16224
15920
16368
16656
16280
15952
16368
16696
16456
16112
16400
16768
16640
16224
16424
16888
16920
16520
16560
17032
17232
16832
16760
17224
17488
17160
16928
17400
17680
17296
17016
17304
17600
17248
16744
16936
17184
16888
16448
16416
16840
16744
16240
16168
16544
16640
16176
15936
16440
16632
16216
15944
16328
16624
16256
15848
16288
16552
16272
15936
16152
16520
16408
15944
16032
16440
16464
16016
16016
16408
16528
16080
15936
16368
16608
16144
15864
16360
16656
16312
15904
16272
16600
16280
15976
16248
16616
16432
15960
16008
16528
16472
16016
16032
16456
16568
16080
15904
16360
16592
16208
15880
16320
16544
16224
15896
16200
16576
16320
15912
16168
16520
16368
15976
16016
16456
16480
16064
16088
16584
16696
16240
16056
16560
16800
16352
16024
16360
16680
16264
15912
16296
16584
16272
15888
16144
16520
16256
15888
15952
16368
16360
15928
15872
16328
16432
16048
15816
16288
16488
16048
15688
16080
16496
16416
16368
17320
18432
18408
17192
16912
16560
15848
15136
15104
15648
15872
15672
15696
16336
16480
16032
15808
16272
16528
16112
15864
16312
16592
16208
15912
16224
16560
16320
15952
16152
16544
16432
15976
16088
16520
16480
16096
16032
16488
16640
16192
16040
16472
16752
16376
16112
16592
16840
16528
16200
16608
17056
16856
16528
16824
17272
17192
16848
16936
17424
17552
17200
17120
17520
17704
17200
16984
17352
17464
17000
16632
16960
17176
16640
16256
16408
16688
16480
16016
16272
16672
16400
15960
16032
16472
16528
16088
15992
16464
16552
16120
15896
16344
16552
16144
15848
16288
16560
16272
15912
16184
16560
16344
15912
16176
16560
16456
16024
16096
16520
16520
16088
16056
16496
16664
16208
15960
16456
16672
16224
15968
16360
16680
16304
15968
16264
16584
16376
15984
16208
16592
16488
16056
16096
16520
16560
16152
15976
16440
16648
16224
15944
16400
16576
16240
15976
16360
16656
16344
15944
16176
16592
16344
15968
16144
16608
16552
16096
16248
16712
16744
16280
16216
16616
16856
16352
16088
16464
16696
16328
15976
16360
16720
16336
15968
16280
16584
16328
15872
16072
16448
16432
16000
15992
16408
16496
16032
15872
16392
16560
16056
15744
16296
16904
16728
17048
18304
18976
17888
16944
16520
16224
15648
15160
15368
16032
16136
15864
15992
16464
16520
16088
15936
16368
16560
16176
15936
16400
16600
16256
15992
16296
16640
16360
16040
16312
16656
16416
16048
16240
16648
16576
16152
16136
16624
16664
16288
16144
16592
16816
16408
16160
16664
16992
16616
16328
16760
17184
16960
16640
16936
17408
17272
16896
17120
17624
17568
17152
17240
17696
17728
17248
16984
17368
17448
16896
16640
16944
17112
16656
16304
16592
16880
16488
16136
16344
16704
16496
16080
16240
16624
16592
16152
16176
16616
16640
16200
15984
16504
16728
16272
16056
16472
16728
16328
16000
16320
16680
16488
16120
16312
16712
16544
16120
16272
16680
16600
16208
16168
16616
16696
16232
16056
16560
16736
16360
16048
16456
16680
16352
16008
16416
16712
16392
16056
16344
16728
16464
16064
16232
16608
16528
16168
16072
16552
16672
16248
16040
16520
16704
16296
16016
16440
16736
16296
16016
16384
16672
16448
15992
16264
16648
16496
16072
16200
16616
16600
16208
16240
16656
16808
16376
16176
16648
16856
16496
16208
16520
16752
16416
16064
16432
16696
16432
16032
16320
16704
16464
16032
16072
16456
16488
16080
16032
16472
16592
16136
15976
16384
16592
16144
15832
16336
16880
16736
16808
17976
18976
18216
17120
16800
16336
15800
15224
15360
16048
16240
15928
15984
16432
16576
16152
15984
16440
16696
16256
15968
16408
16696
16328
16024
16360
16624
16448
16080
16312
16728
16592
16152
16264
16656
16656
16192
16224
16608
16792
16368
16152
16632
16872
16504
16208
16752
17040
16712
16400
16800
17168
16944
16648
16944
17432
17312
16976
17128
17616
17656
17240
17248
17720
17824
17344
17112
17536
17656
17128
16752
17072
17264
16824
16416
16696
16984
16728
16288
16480
16832
16664
16168
16248
16720
16744
16296
16240
16568
16760
16336
16112
16552
16784
16392
16112
16520
16792
16472
16112
16464
16808
16504
16128
16360
16736
16616
16208
16256
16664
16736
16256
16240
16656
16776
16384
16200
16552
16784
16376
16096
16512
16824
16408
16128
16424
16776
16440
16104
16336
16752
16576
16160
16240
16648
16624
16216
16168
16592
16712
16344
16072
16480
16768
16360
16008
16464
16752
16392
16024
16384
16760
16456
16088
16304
16656
16600
16152
16256
16664
16760
16360
16288
16720
16864
16504
16248
16584
16760
16392
16104
16440
16720
16400
15952
16336
16640
16432
15920
16184
16536
16376
16016
16064
16536
16512
16080
16000
16432
16664
16152
15920
16312
16608
16360
16360
17072
18168
18536
17824
17288
17000
16024
15328
15296
15752
15952
15720
15928
16432
16440
16088
16016
16472
16688
16176
16024
16456
16672
16336
16048
16432
16712
16352
16000
16368
16680
16384
16016
16272
16632
16576
16200
16248
16680
16720
16264
16200
16680
16848
16456
16256
16664
16976
16632
16336
16784
17112
16880
16584
16896
17344
17072
16752
16984
17456
17464
17152
17200
17616
17672
17272
17120
17496
17592
17120
16792
17192
17352
16872
16424
16696
16912
16528
16136
16360
16728
16512
16048
16232
16616
16560
16112
16128
16560
16608
16136
16048
16488
16624
16256
15992
16456
16680
16248
15904
16336
16624
16328
15992
16264
16600
16424
16000
16184
16656
16592
16184
16152
16560
16600
16184
16040
16560
16704
16288
16024
16424
16632
16248
15968
16296
16648
16368
16000
16208
16840
16256
15984
16224
16760
16384
16000
16072
16712
16456
16064
16008
16656
16472
16104
15976
16520
16592
16096
16040
16376
16624
16128
15912
16296
16768
16272
16040
16256
16816
16424
16184
16240
16832
16512
16224
16088
16680
16416
16208
16048
16584
16568
16176
15992
16448
16560
16120
15920
16200
16552
16192
15936
16056
16568
16232
16000
15992
16576
16280
15976
15776
16384
16480
16464
16616
18008
18624
18016
16968
16936
16336
15680
15248
15400
15816
15808
15712
16040
16504
16232
15976
15992
16552
16384
16088
16008
16584
16464
16248
15968
16544
16480
16248
15976
16456
16408
16216
16072
16376
16528
16376
16136
16256
16632
16440
16176
16176
16736
16592
16360
16200
16856
16728
16512
16400
17016
16960
16792
16584
17120
17208
17064
16960
17304
17440
17368
17152
17320
17656
17480
17160
17072
17504
17328
16960
16712
17136
16952
16552
16240
16768
16688
16376
16120
16552
16512
16384
16088
16416
16504
16368
16120
16264
16504
16440
16072
16080
16456
16496
16192
16048
16512
16464
16200
15984
16560
16448
16240
16016
16464
16480
16392
16128
16392
16504
16400
16168
16200
16480
16480
16136
16200
16512
16528
16232
16096
16568
16528
16248
16040
16552
16488
16296
16088
16448
16488
16352
16048
16328
16456
16384
16096
16200
16392
16440
16120
16072
16456
16480
16152
16040
16464
16488
16160
15984
16496
16488
16272
16024
16416
16456
16376
16120
16488
16608
16536
16240
16400
16624
16648
16232
16160
16520
16520
16208
16064
16472
16472
16208
16056
16456
16440
16232
15952
16352
16368
16240
15944
16256
16360
16328
15992
16120
16328
16280
15912
15992
16544
16928
17040
17728
18520
17896
16976
16128
15968
15712
15408
15256
15864
16056
16048
15904
16224
16320
16320
16032
16176
16360
16376
16152
16048
16344
16504
16192
16040
16480
16504
16208
16000
16432
16448
16248
16056
16488
16448
16368
16112
16368
16488
16472
16104
16312
16536
16536
16256
16280
16624
16760
16440
16336
16816
16968
16760
16632
17064
17192
17024
16800
17304
17368
17248
17000
17304
17384
17352
17024
17048
17168
17096
16648
16528
16736
16792
16408
16248
16560
16584
16296
16016
16424
16464
16296
15992
16416
16432
16304
15992
16224
16368
16296
15992
16104
16320
16368
16016
15944
16296
16408
16128
15912
16344
16488
16216
15968
16392
16440
16184
15968
16312
16440
16360
16040
16224
16344
16344
16008
16096
16352
16424
16040
15992
16272
16456
16088
15912
16352
16456
16144
15856
16232
16408
16184
15936
16288
16344
16208
15888
16160
16312
16256
15920
15992
16272
16328
15968
15888
16288
16376
16000
15840
16304
16360
16056
15856
16240
16320
16176
16016
16368
16456
16368
15976
16208
16392
16344
15944
16032
16320
16320
16008
15920
16224
16320
16024
15800
16176
16224
15944
15752
16128
16176
15984
15728
16088
16184
16080
15760
15968
16128
15976
15680
15920
16528
16904
17272
17984
18256
17464
16592
15784
15664
15520
15144
15056
15688
15912
15920
15744
16088
16232
16120
15776
16016
16224
16168
15888
15880
16224
16320
15920
15840
16224
16304
16016
15872
16248
16360
16088
15824
16232
16320
16160
15944
16256
16440
16360
16016
16224
16424
16400
16176
16240
16592
16672
16416
16328
16760
16944
16584
16528
17024
17176
16912
16776
17200
17288
17176
16984
17280
17368
17216
16848
16968
17096
16936
16536
16440
16696
16680
16280
16112
16432
16456
16064
15912
16304
16440
16160
15928
16272
16424
16112
15872
16168
16304
16208
15928
16048
16288
16256
15960
15968
16344
16368
16048
15864
16288
16464
16080
15888
16328
16416
16216
16016
16352
16472
16232
15976
16280
16432
16336
16024
16192
16408
16400
16040
16080
16384
16440
16120
16024
16384
16512
16128
16024
16384
16472
16232
15976
16368
16448
16248
16000
16272
16440
16368
16088
16176
16440
16424
16080
16064
16480
16456
16136
16080
16456
16504
16192
16056
16432
16600
16360
16168
16600
16672
16464
16224
16536
16712
16520
16232
16352
16624
16520
16192
16256
16536
16544
16224
16128
16488
16464
16120
15992
16328
16488
16264
16008
16376
16488
16208
16040
16272
16424
16144
15904
16208
16824
17032
17368
18288
18800
17944
16992
16016
15904
15696
15304
15352
15960
16280
16088
15992
16296
16400
16256
15992
16248
16480
16376
16064
16192
16504
16408
16128
16136
16472
16504
16192
16056
16472
16512
16232
16080
16408
16544
16296
16128
16464
16632
16384
16152
16448
16656
16536
16288
16456
16760
16768
16472
16520
16928
17088
16776
16792
17232
17368
17104
17016
17400
17592
17352
17144
17496
17672
17344
16992
17208
17320
17096
16688
16648
16936
16776
16376
16360
16624
16624
16272
16136
16552
16576
16216
16064
16368
16536
16272
16056
16376
16560
16288
16032
16304
16504
16304
16072
16104
16528
16448
16112
16048
16464
16480
16176
16080
16456
16584
16192
16024
16424
16544
16296
16072
16408
16584
16312
16056
16296
16544
16328
16072
16224
16496
16440
16080
16080
16424
16464
16192
16088
16424
16496
16176
16056
16424
16504
16184
16016
16352
16520
16256
16008
16224
16456
16320
16024
16184
16496
16408
16120
16096
16456
16496
16112
16064
16432
16568
16224
16112
16512
16680
16376
16160
16512
16712
16464
16248
16400
16632
16464
16144
16224
16536
16464
16064
16096
16472
16432
16096
15992
16344
16416
16096
15992
16320
16424
16152
15960
16248
16448
16208
15864
15992
16392
16472
16424
16856
18024
18568
17616
16912
16688
16048
15424
15192
15544
15896
15840
15840
16304
16480
16160
15952
16304
16480
16248
15976
16224
16504
16304
16064
16192
16520
16440
16064
16080
16440
16472
16136
16048
16448
16544
16232
16080
16392
16608
16344
16120
16424
16640
16440
16224
16408
16752
16608
16304
16496
16888
16840
16584
16768
17088
17192
16880
16864
17296
17504
17200
17032
17440
17656
17328
17040
17336
17552
17152
16776
16872
17072
16768
16384
16480
16760
16656
16272
16192
16576
16576
16208
16072
16456
16552
16256
16056
16448
16520
16224
16048
16320
16520
16280
16016
16192
16472
16376
16040
16160
16536
16488
16144
16112
16480
16472
16160
16104
16488
16584
16272
16088
16392
16552
16256
16016
16352
16600
16368
16056
16264
16512
16376
16080
16160
16488
16480
16136
16144
16488
16496
16128
16000
16384
16512
16184
16024
16344
16536
16232
15912
16208
16512
16296
15896
16152
16504
16392
15888
16024
16424
16592
15992
16032
16552
16688
16168
16064
16560
16688
16312
16104
16456
16544
16280
15920
16256
16616
16344
15912
16120
16488
16440
15896
16032
16304
16408
15840
15880
16352
16472
15936
15840
16208
16432
16024
15752
16040
16320
16120
16192
16816
17920
18440
17832
17224
16944
16192
15328
15248
15504
15608
15440
15624
16216
16392
15960
15832
16264
16424
16024
15864
16288
16488
16136
15848
16160
16416
16240
15912
16152
16464
16272
15968
16056
16424
16432
16008
16048
16464
16496
16120
15976
16472
16560
16232
16112
16504
16712
16376
16208
16568
16888
16648
16440
16704
17088
17016
16768
16872
17304
17336
17016
17016
17512
17520
17168
16944
17304
17416
16936
16648
16936
17000
16560
16264
16512
16736
16392
16024
16256
16504
16360
15984
16104
16408
16336
15992
15944
16400
16456
16088
15888
16264
16448
16016
15816
16280
16440
16192
15880
16160
16456
16232
15912
16160
16432
16376
16008
16032
16432
16448
16000
16008
16472
16512
16152
15944
16320
16464
16104
15928
16328
16544
16184
15936
16208
16488
16264
15864
16128
16456
16360
15968
16056
16424
16400
16000
15952
16384
16376
16056
15888
16296
16448
16096
15840
16240
16416
16112
15880
16144
16416
16152
15864
16040
16456
16344
15992
16120
16528
16536
16120
16088
16520
16648
16264
16008
16376
16512
16128
15920
16264
16520
16152
15880
16152
16400
16120
15808
16008
16328
16184
15864
15912
16360
16312
15920
15840
16288
16376
15848
15656
16128
16640
16512
16744
17976
18736
17808
16848
16448
16096
15512
14992
15264
15840
15984
15712
15912
16336
16304
15880
15896
16320
16408
16040
15888
16288
16432
16104
15872
16256
16488
16120
15904
16184
16456
16208
15896
16096
16496
16376
16008
16088
16472
16472
16048
16048
16480
16600
16232
16160
16536
16752
16416
16232
16600
16928
16632
16480
16792
17136
16960
16696
16992
17344
17312
17016
17104
17496
17448
16992
16944
17304
17360
16856
16624
16888
16952
16472
16240
16480
16720
16320
16088
16240
16528
16344
16016
16128
16480
16336
16088
16048
16472
16472
16056
15984
16352
16520
16120
15944
16296
16528
16120
15968
16264
16496
16208
15992
16192
16472
16296
15952
16144
16480
16376
16088
16128
16448
16360
16016
15960
16256
16376
16128
15888
16240
16400
16064
15920
16216
16448
16240
15976
16304
16456
16248
15952
16192
16528
16320
15952
16016
16472
16384
16024
15944
16432
16392
16056
15944
16376
16512
16024
15824
16256
16504
16096
15840
16176
16600
16224
15864
16056
16528
16416
16064
16016
16592
16552
16024
16040
16464
16552
15976
15856
16280
16632
15992
15712
16176
16512
16056
15680
16016
16400
16032
15640
15920
16336
16240
15752
15872
16352
16400
15848
15728
16096
16376
16064
16280
17080
18104
18392
17712
17344
16920
15744
15096
15192
15624
15672
15472
15872
16368
16216
15736
15912
16368
16424
15984
15808
16344
16352
16048
15848
16304
16424
16104
15776
16192
16440
16072
15848
16232
16464
16240
15872
16144
16456
16320
15896
15920
16576
16480
16120
15992
16344
16496
16144
16096
16568
16848
16616
16176
16720
16968
16784
16456
16824
17224
17168
16792
16984
17408
17368
16952
16840
17392
17400
16816
16624
16976
16848
16392
16128
16608
16624
16240
15872
16352
16608
16280
15888
16160
16416
15976
15736
15760
16048
16192
15872
15704
16264
16184
15864
15840
16336
16448
16128
15880
16184
16392
16048
15816
16176
16368
15984
15776
16128
16480
16256
15864
15944
16288
16232
16072
15864
16256
16280
15936
15872
16224
16376
15832
15656
16200
16432
15984
15656
16152
16296
16040
15632
16040
16336
16136
15832
15944
16304
16216
15816
15824
16264
16352
15896
15760
16256
16272
15912
15680
16192
16496
16056
15760
16192
16544
16240
15760
16112
16544
16304
15936
16064
16408
16192
15912
15760
16184
16320
15904
15680
16152
16360
15920
15584
16024
16360
15976
15480
15880
16192
15848
15624
15896
16312
15960
15624
15600
16248
16408
16216
16440
17832
18632
17608
16632
16432
15824
15152
14712
15208
15768
15504
15336
15960
16304
16032
15760
15800
16280
16112
15696
15888
16272
16200
15744
15672
16048
16328
15864
15632
16152
16320
15944
15656
16136
16424
16136
15744
16088
16344
16024
15736
16000
16376
16232
15936
15992
16488
16392
16216
16184
16648
16816
16392
16152
16584
16816
16448
16384
16968
17288
16936
16608
16976
17280
17024
16872
16960
17192
16920
16344
16400
16872
16728
16168
15848
16320
16536
16096
15784
16168
16352
15848
15600
16080
16384
16048
15704
16032
16264
16000
15776
15752
16216
16216
15848
15808
16320
16328
15856
15608
16112
16264
15936
15688
16128
16272
15840
15808
16024
16320
16072
15808
16144
16352
16048
15832
16008
16416
16160
15720
15672
16112
16192
15952
15752
16096
16288
15904
15672
16072
16344
15984
15568
16032
16272
15888
15696
16128
16400
16040
15640
15872
16224
16128
15752
15744
16128
16176
15832
15736
16248
16480
16120
15752
16352
16544
16168
15912
16232
16536
16096
15784
16104
16392
16128
15776
15832
16440
16184
15632
15600
16040
16144
15760
15568
16120
16232
15784
15624
16112
16352
15864
15392
15968
16336
16344
16264
17240
18320
18048
16608
16224
15792
15304
14936
14928
15600
15904
15688
15624
16096
16184
15768
15608
16240
16504
15984
15688
16024
16296
15960
15760
16000
16464
16120
15752
15840
16208
16176
15920
15832
16320
16360
15960
15752
16224
16408
15952
15672
16272
16560
16216
15896
16280
16672
16336
15936
16320
16808
16672
16312
16456
16976
16880
16568
16592
17000
17184
16832
16720
17200
17264
16928
16600
17040
17072
16712
16392
16648
16776
16384
16008
16144
16552
16352
15872
15888
16248
16280
15976
15968
16360
16256
16000
15832
16256
16408
15928
15720
16328
16528
16032
15664
16080
16552
16120
15552
15912
16352
16088
15832
16016
16512
16296
15808
15744
16232
16256
15944
15768
16328
16376
15976
15632
16088
16472
16136
15840
16128
16368
15928
15568
15840
16256
16184
15856
15744
16152
16136
15624
15728
16216
16224
15680
15536
16064
16184
15864
15768
16056
16104
15888
15600
15992
16376
16096
15704
15872
16456
16192
15736
15800
16248
16072
15696
15640
16144
16072
15536
15496
16000
16232
15664
15216
15808
16200
15672
15328
15864
16200
15696
15392
15664
16016
15792
15384
15432
16056
16160
16064
16520
17768
18096
16760
15920
15744
15432
14824
14472
15000
15480
15320
15168
15744
16168
15728
15392
15552
15928
15704
15360
15440
15992
16104
15600
15552
16048
16104
15544
15408
16000
16184
15656
15368
15976
16296
15808
15472
15920
16200
15928
15616
15888
16328
16144
15720
15856
16360
16456
15968
15928
16552
16576
16320
16120
16712
16912
16568
16384
16928
17168
16800
16464
16872
17176
16952
16584
16648
16880
16592
16152
16176
16488
16520
15984
15768
16248
16248
15760
15640
16232
16312
15752
15552
16056
16248
15760
15448
15848
16152
15848
15496
15824
16264
15984
15624
15688
16216
16064
15680
15584
16144
16232
15704
15632
16168
16280
15840
15592
16032
16328
15848
15512
15968
16336
16016
15600
15824
16200
16088
15728
15752
16160
16088
15720
15600
16072
16200
15752
15568
16072
16248
15784
15456
15944
16272
15872
15512
15824
16272
15920
15456
15720
16280
16088
15696
15760
16384
16400
16008
15928
16408
16584
16048
15872
16512
16552
15952
15560
16000
16200
15832
15472
15792
16248
15880
15424
15664
16064
15912
15536
15544
16080
15984
15440
15208
15896
16296
16152
16360
17808
18624
17680
16400
16128
15816
15064
14632
15024
15584
15512
15360
15704
16104
15944
15560
15576
16112
16072
15616
15528
16096
16240
15672
15584
16096
16328
15856
15608
16048
16344
15904
15560
15960
16400
16088
15632
15752
16328
16128
15696
15848
16392
16416
15976
15816
16480
16600
16144
16008
16496
16760
16416
16216
16664
17080
16704
16432
16824
17328
17016
16712
16944
17400
17216
16688
16632
17120
17040
16416
16200
16656
16720
16160
15888
16336
16576
16096
15728
16152
16392
15992
15632
15944
16376
16048
15672
15824
16288
16088
15720
15720
16240
16272
15752
15680
16152
16360
15816
15624
16104
16488
15920
15640
16080
16416
15936
15608
15968
16408
16128
15744
15880
16352
16264
15832
15784
16352
16344
15800
15680
16208
16304
15888
15608
16128
16408
15896
15632
16056
16392
15944
15584
15968
16336
16040
15640
15832
16232
16160
15696
15744
16208
16312
15792
15640
16160
16320
15824
15624
16152
16408
15864
15624
16000
16352
15944
15560
15824
16352
16120
15712
15912
16424
16376
15880
15864
16392
16504
15960
15760
16216
16424
15880
15624
16152
16400
15880
15584
16024
16400
15896
15536
15792
16240
15968
15624
15776
16208
16120
15672
15608
16136
16096
15592
15600
16448
16936
16912
17512
18400
17976
16712
15688
15520
15632
15048
14776
15312
15968
15856
15576
15728
16232
16176
15656
15656
16264
16312
15808
15632
16168
16376
15776
15584
16080
16424
15896
15600
16024
16416
16000
15656
15992
16368
16104
15712
15832
16360
16336
15864
15800
16408
16472
15928
15784
16408
16648
16152
16024
16536
16912
16472
16216
16696
17168
16840
16480
16736
17280
17080
16656
16744
17248
17160
16608
16504
16984
16992
16368
16112
16544
16704
16112
15848
16176
16456
15944
15608
16000
16408
16016
15544
15768
16200
16040
15600
15688
16152
16200
15704
15616
16176
16280
15728
15544
16024
16320
15848
15560
16032
16336
15832
15496
15888
16352
15960
15584
15808
16296
16056
15616
15664
16264
16176
15664
15600
16128
16272
15712
15496
16056
16264
15800
15536
15920
16264
15808
15416
15760
16264
15928
15408
15600
16112
15968
15560
15592
16128
16080
15616
15576
16032
16104
15576
15408
15936
16216
15760
15416
15848
16184
15696
15344
15792
16200
16008
15584
15784
16312
16160
15624
15784
16264
16240
15632
15600
16056
16152
15800
15512
15968
16208
15696
15352
15760
16128
15640
15320
15672
16080
15704
15256
15496
16032
15880
15408
15408
15704
15792
15544
15840
16600
17504
17720
17680
17152
16784
15592
14824
15000
15176
14952
14808
15304
15888
15808
15360
15552
16024
15872
15408
15560
16088
16064
15552
15440
15976
16224
15664
15464
15960
16248
15736
15496
15888
16240
15888
15544
15776
16232
15992
15608
15816
16264
16144
15752
15752
16296
16400
15960
15824
16344
16656
16192
16096
16584
16848
16456
16280
16744
17168
16792
16496
16864
17320
17016
16608
16744
17184
17016
16432
16328
16792
16712
16120
15968
16336
16432
15904
15648
16072
16336
15936
15488
15872
16208
15856
15512
15792
16240
15928
15544
15720
16144
16000
15568
15560
16024
16152
15720
15608
16008
16240
15760
15496
15928
16264
15864
15528
16008
16328
15984
15528
15864
16304
16112
15592
15808
16240
16240
15744
15640
16048
16176
15752
15656
16104
16336
15824
15544
15944
16248
15864
15528
15920
16256
15944
15616
15864
16216
16040
15608
15736
16200
16160
15624
15640
16136
16152
15736
15584
16080
16328
15912
15736
16152
16440
16088
15696
16144
16392
16112
15680
15832
16296
16096
15736
15960
16248
16120
15624
15632
16152
16320
15688
15560
15960
16128
15688
15456
15976
16256
15872
15592
15904
16152
15728
15472
15984
16696
16880
17440
18360
18416
17400
16240
15408
15472
15400
14840
14944
15704
16088
15776
15552
15872
16208
15872
15608
15944
16320
15968
15568
15848
16176
16080
15656
15808
16208
16144
15720
15720
16048
16336
15840
15744
16192
16456
16040
15712
16112
16472
16072
15784
16272
16560
16240
15872
16144
16504
16432
16072
16328
16760
16856
16440
16432
16976
17208
16880
16712
17160
17456
17120
16768
17216
17464
16992
16656
16904
17088
16776
16176
16312
16584
16392
15896
15968
16336
16280
15808
15784
16120
16288
15880
15656
16064
16304
15936
15648
16008
16296
15896
15648
15944
16304
16032
15648
15856
16232
16112
15752
15824
16224
16264
15800
15680
16144
16312
15864
15760
16192
16344
15904
15624
16040
16360
16096
15776
16048
16320
16032
15664
15944
16296
16144
15672
15800
16280
16248
15784
15752
16104
16240
15872
15712
16096
16392
15984
15640
16016
16272
15944
15672
15984
16296
16032
15680
15912
16248
16104
15624
15784
16208
16264
15784
15712
16144
16240
15848
15816
16224
16416
16088
15856
16152
16456
16072
15664
15984
16376
16128
15800
16032
16344
16160
15696
15816
16128
16104
15760
15744
16120
16296
15856
15608
15992
16344
15952
15608
15992
16208
15808
15616
16288
16960
17224
17640
18560
18344
17320
16064
15296
15424
15336
14928
15240
15872
16144
15792
15640
16048
16272
15872
15624
16024
16312
16016
15688
15976
16304
16128
15704
15960
16288
16176
15760
15848
16264
16336
15864
15816
16248
16376
15984
15840
16240
16552
16080
15896
16304
16544
16248
15936
16280
16728
16536
16256
16464
16880
16808
16472
16592
17120
17184
16816
16800
17224
17400
17072
16880
17272
17496
17048
16632
16880
17120
16736
16288
16416
16728
16472
15992
16064
16424
16264
15824
15928
16336
16344
15824
15784
16208
16376
15928
15752
16160
16416
16008
15680
16064
16312
16000
15664
16040
16336
16128
15840
16040
16328
16184
15744
15776
16224
16296
15864
15792
16216
16432
15968
15792
16136
16432
16024
15768
16112
16456
16144
15760
16032
16368
16144
15800
15968
16368
16256
15824
15888
16272
16320
15848
15840
16248
16424
15960
15728
16184
16424
16072
15736
16120
16432
16072
15656
16080
16344
16192
15744
15992
16344
16144
15752
15808
16128
16176
15872
15800
16224
16480
15952
15816
16296
16496
16168
15920
16352
16560
16184
15616
15968
16424
16136
15768
15968
16160
16160
15832
15872
16272
16320
15776
15536
15968
16296
15816
15504
15904
16264
15968
15528
15960
16264
15832
15568
15944
16608
16672
17008
18200
18648
17536
16424
15568
15536
15352
14832
14904
15624
15888
15696
15648
16024
16264
15872
15512
15904
16320
16104
15824
15968
16248
16088
15728
15968
16256
16208
15728
15896
16344
16416
15976
15936
16240
16328
16064
15768
16240
16496
16080
15840
16272
16568
16288
16048
16408
16632
16480
16208
16376
16912
16904
16480
16520
16968
17240
16928
16800
17288
17560
17144
16920
17344
17568
17088
16712
17000
17248
16824
16376
16608
16856
16544
16120
16192
16536
16392
16008
16032
16336
16456
15952
15880
16240
16504
16080
15792
16224
16480
16040
15784
16184
16488
16184
15792
16032
16392
16224
15880
16056
16400
16368
15960
15920
16304
16456
16008
15888
16320
16504
16120
15792
16296
16496
16120
15800
16224
16560
16240
15808
16120
16456
16264
15904
15976
16464
16400
15992
15968
16408
16480
16048
15832
16384
16536
16144
15856
16320
16512
16128
15808
16200
16448
16232
15864
16136
16448
16272
15896
16032
16472
16392
15880
15888
16440
16488
16008
15808
16320
16520
16168
15848
16464
16704
16288
15952
16408
16728
16424
15992
16232
16568
16360
15936
16040
16464
16384
15984
15888
16368
16376
15904
15680
16280
16440
16032
15704
16224
16440
16136
15752
16128
16424
16048
15624
16096
16752
16864
17016
17944
18864
18048
16792
15960
15832
15656
15088
14952
15768
16136
15864
15656
16240
16424
16088
15728
16192
16448
16168
15808
16144
16480
16280
15896
16008
16488
16368
16040
15936
16480
16552
16088
15824
16400
16560
16160
15880
16384
16648
16328
15912
16328
16728
16392
16136
16400
16808
16680
16352
16424
16944
16944
16600
16608
17200
17304
16952
16784
17384
17576
17216
16960
17504
17664
17272
16928
17192
17400
17024
16536
16744
17016
16752
16280
16248
16704
16592
16136
16032
16568
16616
16144
15856
16456
16520
16128
15832
16416
16624
16232
15912
16256
16632
16296
15912
16168
16528
16360
16016
16000
16488
16432
16032
15968
16536
16608
16176
16008
16440
16648
16224
15920
16400
16688
16328
15928
16272
16680
16344
15968
16192
16608
16416
15992
16040
16576
16512
16048
15952
16520
16600
16112
15888
16392
16592
16120
15864
16344
16632
16216
15896
16208
16592
16288
15864
16136
16592
16400
15960
15992
16472
16448
16032
15848
16472
16536
16064
15864
16376
16600
16184
15872
16432
16704
16328
16008
16424
16784
16456
16056
16312
16744
16472
16024
16048
16600
16504
16136
15968
16496
16584
16176
15888
16384
16504
16016
15728
16192
16464
16128
15816
16152
16488
16232
15856
16032
16360
16208
15976
16312
17080
17696
18016
18056
17648
17064
15912
15216
15576
15608
15328
15272
15984
16416
16104
15784
16128
16504
16216
15840
16040
16560
16376
15912
15976
16464
16416
15992
15832
16432
16536
16152
15936
16424
16592
16168
15832
16328
16648
16304
15920
16312
16696
16440
16016
16224
16744
16664
16288
16288
16872
16864
16448
16408
17056
17168
16776
16592
17136
17376
17080
16824
17320
17624
17248
16992
17264
17704
17312
16752
16824
17248
16944
16472
16384
16816
16680
16240
16032
16568
16608
16112
15880
16344
16600
16160
15816
16304
16568
16208
15856
16160
16528
16248
15856
16016
16560
16304
15944
15920
16464
16488
16072
15832
16440
16552
16080
15856
16400
16584
16168
15832
16280
16600
16200
15896
16200
16576
16288
15912
16064
16536
16376
15968
15896
16472
16424
16024
15832
16400
16488
16064
15800
16272
16496
16120
15816
16216
16528
16128
15768
16080
16568
16248
15816
15952
16456
16256
15920
15904
16432
16456
15960
15824
16376
16448
16000
15776
16208
16584
16096
15800
16256
16728
16368
15960
16240
16712
16432
16048
16144
16616
16424
16008
15960
16528
16472
16000
15832
16336
16528
16008
15712
16200
16488
15944
15728
16120
16488
16048
15760
16016
16480
16168
15688
15736
16232
16320
16176
16512
17784
18616
18240
17136
16944
16448
15488
15032
15352
15760
15504
15448
15992
16488
16064
15744
16032
16480
16192
15840
15984
16496
16304
15888
15896
16448
16512
16016
15880
16368
16616
16072
15896
16336
16696
16184
15928
16240
16720
16280
15928
16232
16728
16432
16064
16208
16744
16664
16272
16296
16872
17008
16528
16456
16992
17280
16824
16688
17264
17632
17096
16824
17272
17712
17288
16920
17176
17592
17240
16704
16728
17152
16928
16360
16288
16816
16800
16184
15992
16496
16696
16168
15920
16384
16648
16184
15880
16240
16656
16280
15888
16120
16624
16344
15952
16080
16576
16496
15984
15976
16496
16624
16096
15952
16464
16728
16176
15936
16376
16752
16232
15960
16352
16720
16336
15952
16232
16696
16456
15984
16080
16600
16544
16024
16048
16488
16680
16088
15984
16480
16744
16176
15872
16344
16736
16216
15920
16264
16672
16304
15872
16168
16664
16408
15928
16080
16568
16504
16008
15952
16520
16656
16104
15976
16448
16744
16080
15904
16336
16704
16216
15944
16272
16720
16392
16056
16320
16776
16616
16144
16296
16760
16664
16056
16056
16536
16712
16080
15952
16416
16712
16176
15848
16304
16632
16144
15832
16184
16544
16192
15824
16064
16512
16344
15888
16000
16424
16384
15912
16136
16880
17480
17768
18184
18008
17480
16312
15384
15504
15784
15408
15352
15888
16456
16240
15888
16112
16568
16456
15920
16072
16544
16568
16008
15984
16504
16680
16112
15912
16408
16688
16160
15880
16352
16752
16296
15944
16352
16752
16456
16016
16248
16776
16664
16112
16176
16728
16832
16224
16256
16808
17072
16528
16416
16944
17256
16824
16544
17080
17504
17144
16824
17232
17680
17456
16960
17208
17688
17560
16880
16920
17344
17296
16584
16456
16840
16976
16320
16080
16560
16816
16280
15976
16352
16720
16360
15888
16264
16688
16360
15904
16136
16656
16544
15960
16096
16592
16568
16040
16000
16488
16696
16072
15920
16392
16656
16248
15888
16280
16696
16376
15944
16296
16680
16504
15952
16232
16664
16568
15968
16104
16616
16672
16056
15984
16488
16680
16136
15904
16432
16720
16216
15872
16336
16672
16344
15888
16272
16704
16448
15880
16176
16600
16584
15968
16056
16544
16600
16064
15936
16448
16680
16120
15912
16376
16720
16232
15872
16312
16720
16304
15856
16224
16784
16664
16048
16344
16768
16744
16080
16224
16696
16760
16152
16040
16512
16688
16184
15872
16416
16728
16248
15824
16216
16584
16336
15800
16168
16568
16432
15784
16096
16528
16504
15872
15912
16368
16416
15928
16032
16808
17592
17896
18000
17624
17376
16296
15256
15448
15792
15600
15224
15792
16464
16424
15784
16040
16464
16480
15880
15944
16536
16640
16024
15896
16392
16656
16216
15888
16352
16704
16336
15848
16240
16664
16464
15888
16248
16720
16560
15920
16176
16728
16704
16144
16176
16696
16816
16320
16176
16720
16984
16640
16312
16904
17296
17024
16600
17056
17512
17344
16712
17168
17656
17528
16960
17176
17600
17480
16864
16792
17224
17256
16664
16336
16752
16952
16448
16048
16472
16784
16376
15808
16240
16656
16400
15856
16152
16688
16488
15976
16152
16656
16568
15976
15928
16448
16600
16112
15936
16456
16656
16224
15840
16352
16712
16328
15784
16240
16640
16376
15872
16160
16656
16464
15880
16136
16600
16528
16016
15984
16456
16616
16088
15880
16384
16640
16184
15800
16288
16632
16328
15832
16216
16616
16360
15848
16104
16608
16408
15976
16080
16544
16528
16024
15928
16440
16560
16128
15880
16352
16584
16184
15760
16200
16552
16256
15816
16224
16640
16408
15848
16208
16760
16592
16064
16168
16704
16704
16184
16032
16464
16600
16216
15896
16456
16656
16256
15816
16280
16600
16248
15672
16136
16544
16248
15720
15992
16464
16328
15880
15944
16464
16376
15872
15688
16304
16656
16528
16688
18032
18864
18032
16760
16600
16376
15648
15032
15312
15904
15920
15568
15984
16512
16344
15888
15968
16536
16472
15960
15912
16448
16568
16176
15896
16376
16616
16256
15824
16304
16656
16392
15880
16248
16704
16400
15936
16216
16720
16504
16104
16208
16736
16736
16264
16160
16704
16936
16528
16296
16792
17152
16800
16464
16984
17408
17120
16680
17120
17608
17408
16968
17224
17720
17512
17040
17040
17456
17392
16816
16624
17008
17088
16520
16192
16592
16888
16432
15944
16352
16792
16416
15920
16296
16712
16432
15952
16184
16672
16536
16008
16080
16584
16632
16120
15984
16488
16704
16240
15952
16440
16752
16336
15936
16384
16728
16384
15936
16336
16776
16528
16000
16272
16736
16576
16096
16192
16696
16680
16144
16048
16520
16704
16240
15992
16464
16808
16376
15952
16416
16808
16400
15960
16352
16752
16488
16000
16240
16696
16536
16016
16120
16632
16720
16152
16048
16544
16720
16256
15944
16440
16776
16336
15944
16368
16752
16400
15976
16344
16768
16472
16040
16256
16704
16568
16048
16136
16672
16696
16240
16200
16704
16872
16456
16152
16648
16976
16576
16120
16448
16856
16520
16024
16400
16760
16520
16024
16280
16720
16512
16024
16064
16536
16528
16112
15952
16464
16632
16224
15920
16376
16736
16264
15736
16328
16968
16856
16888
18064
18928
17920
16864
16384
16240
15800
15240
15368
16136
16352
16000
16008
16440
16688
16200
15920
16384
16736
16368
15928
16384
16744
16456
16000
16328
16792
16536
16048
16280
16736
16592
16112
16176
16648
16768
16272
16152
16632
16816
16392
16104
16568
16968
16632
16160
16664
17080
16808
16296
16760
17248
17024
16624
16920
17376
17368
16960
17080
17568
17728
17280
17160
17640
17872
17344
16976
17344
17608
17176
16632
16984
17288
16856
16352
16600
16976
16680
16184
16344
16800
16688
16248
16224
16664
16752
16336
16104
16592
16808
16384
15992
16480
16800
16496
16032
16440
16848
16536
16056
16360
16808
16608
16152
16264
16768
16624
16264
16168
16632
16808
16400
16104
16592
16896
16488
16064
16472
16856
16544
16040
16408
16896
16592
16112
16304
16760
16608
16200
16224
16712
16640
16280
16088
16616
16792
16424
16056
16512
16864
16488
15992
16392
16864
16536
16088
16384
16864
16576
16144
16192
16776
16632
16264
16128
16688
16736
16352
16024
16608
16768
16496
16024
16480
16864
16616
16064
16424
16896
16680
16288
16488
16952
16792
16376
16384
16928
16768
16376
16224
16760
16776
16488
16048
16496
16808
16560
16016
16384
16736
16512
15976
16240
16760
16552
16072
16136
16688
16568
16160
16040
16576
16400
16216
16200
16992
17440
17976
18144
17952
17544
16752
15616
15664
15920
15736
15512
15960
16600
16512
16072
16192
16736
16552
16232
16080
16672
16584
16352
16048
16592
16672
16424
16056
16504
16776
16504
16120
16424
16840
16648
16120
16344
16792
16632
16256
16312
16920
16696
16368
16280
16888
16784
16584
16352
16872
17048
16848
16520
17008
17296
17152
16824
17128
17600
17432
17056
17304
17840
17632
17288
17312
17848
17608
17200
16992
17440
17288
16936
16632
17040
17072
16752
16296
16640
16880
16640
16160
16504
16928
16576
16176
16312
16800
16544
16240
16248
16784
16616
16360
16152
16712
16632
16376
16104
16624
16712
16496
16136
16576
16768
16512
16128
16416
16872
16552
16224
16360
16888
16528
16320
16328
16840
16600
16400
16192
16728
16656
16400
16144
16688
16728
16464
16112
16528
16784
16488
16128
16448
16848
16512
16200
16400
16848
16496
16232
16320
16800
16568
16224
16288
16664
16584
16288
16128
16608
16744
16344
16136
16576
16752
16384
16080
16488
16784
16408
16104
16400
16792
16472
16144
16384
16808
16528
16152
16224
16688
16560
16216
16160
16584
16680
16320
16136
16584
16912
16520
16224
16624
16984
16568
16272
16624
16952
16520
16208
16392
16856
16584
16248
16208
16656
16584
16224
16064
16560
16576
16208
16032
16440
16664
16248
15960
16408
16792
16384
16056
16296
16640
16376
16328
16704
17624
18232
18272
17568
17424
16736
15776
15384
15776
15888
15752
15688
16360
16720
16296
16048
16440
16824
16456
16168
16440
16872
16512
16192
16368
16768
16608
16240
16296
16768
16680
16288
16248
16680
16816
16384
16192
16688
16952
16512
16216
16616
17008
16616
16360
16664
17096
16800
16512
16688
17136
16960
16704
16848
17296
17288
16968
16976
17472
17608
17296
17160
17584
17872
17432
17152
17496
17864
17408
17008
17216
17528
17064
16656
16712
17112
16824
16448
16424
16832
16776
16312
16264
16664
16816
16336
16112
16536
16872
16416
16096
16472
16808
16432
16208
16440
16864
16536
16136
16320
16776
16568
16200
16256
16744
16696
16288
16200
16664
16768
16336
16208
16616
16888
16464
16184
16624
16896
16488
16216
16504
16848
16512
16256
16368
16736
16576
16216
16304
16736
16672
16280
16192
16584
16712
16312
16144
16560
16856
16344
16112
16408
16768
16416
16120
16384
16776
16472
16136
16280
16712
16432
16168
16224
16616
16624
16216
16104
16512
16672
16232
16096
16504
16776
16328
16096
16432
16808
16488
16208
16488
16960
16616
16328
16480
16872
16744
16320
16264
16680
16688
16272
16152
16536
16712
16304
16112
16464
16680
16256
15952
16312
16616
16264
16032
16232
16680
16424
16040
16168
16608
16128
15936
15896
16472
16728
16560
16944
18112
18648
17448
16712
16512
16248
15536
15112
15480
16120
15888
15840
16184
16640
16336
16024
16128
16560
16416
16080
16168
16552
16600
16256
16088
16496
16696
16200
16024
16424
16760
16320
16064
16408
16792
16368
16128
16344
16776
16504
16232
16328
16792
16664
16248
16312
16784
16848
16552
16424
16864
17088
16768
16608
17016
17448
17136
16864
17208
17656
17384
17096
17336
17776
17552
17096
17200
17536
17328
16800
16728
17096
17088
16544
16328
16664
16856
16376
16152
16480
16752
16360
16048
16304
16752
16384
16056
16272
16672
16480
16088
16192
16560
16544
16096
16144
16520
16632
16144
16056
16448
16696
16192
16064
16416
16712
16344
16096
16352
16744
16392
16072
16320
16720
16520
16120
16256
16664
16560
16144
16136
16520
16624
16224
16088
16480
16728
16248
16072
16384
16688
16280
16024
16312
16704
16384
15984
16240
16608
16472
16040
16144
16560
16552
16032
16072
16448
16600
16152
16024
16448
16648
16240
15976
16360
16688
16280
15968
16272
16672
16400
16024
16264
16696
16608
16184
16288
16672
16728
16224
16288
16624
16680
16192
16064
16464
16712
16200
15960
16344
16712
16312
15952
16192
16592
16280
15896
16104
16504
16368
15888
16080
16464
16464
15976
16000
16368
16352
15984
16120
16744
17360
17752
18072
17880
17528
16664
15640
15560
15784
15520
15344
15776
16288
16328
15904
16064
16504
16512
16040
16056
16392
16584
16152
16008
16408
16656
16256
15976
16312
16656
16336
16032
16280
16680
16384
16064
16232
16608
16504
16064
16208
16632
16624
16240
16216
16648
16792
16424
16320
16712
17016
16592
16456
16832
17192
16976
16656
17032
17480
17256
16920
17160
17616
17536
17120
17224
17600
17536
16992
16920
17176
17240
16664
16520
16800
16976
16520
16224
16496
16768
16400
16072
16328
16648
16432
15992
16216
16568
16464
15976
16192
16528
16552
16104
16080
16464
16576
16120
16040
16440
16656
16224
16024
16296
16664
16304
16024
16264
16680
16392
16024
16216
16616
16496
16080
16200
16568
16544
16168
16112
16472
16616
16184
16056
16448
16704
16288
16072
16352
16664
16344
16016
16288
16648
16368
16064
16192
16576
16416
16040
16152
16536
16552
16104
16112
16432
16584
16136
16040
16384
16664
16264
16048
16256
16576
16248
15984
16184
16592
16336
16016
16216
16536
16424
16096
16240
16576
16624
16208
16224
16576
16704
16256
16080
16368
16704
16200
16056
16280
16568
16232
15928
16184
16528
16248
15896
16072
16384
16272
15912
16024
16352
16376
15944
15992
16320
16432
15968
15800
16184
16616
16464
16728
17744
18664
17688
16688
16448
16128
15536
15072
15288
15832
15952
15672
15944
16328
16352
15952
16016
16272
16456
16000
15928
16240
16520
16104
15928
16200
16512
16152
15888
16176
16520
16296
15928
16120
16424
16328
16000
16120
16448
16480
16072
16176
16464
16576
16216
16152
16448
16800
16416
16248
16600
16976
16664
16424
16728
17128
17000
16680
16952
17352
17296
16944
17088
17416
17496
17016
17008
17192
17280
16768
16600
16768
16912
16440
16192
16424
16664
16312
15936
16176
16488
16264
15872
16120
16416
16304
15936
16032
16352
16376
15936
16000
16312
16440
15984
15920
16168
16424
16088
15920
16184
16440
16152
15816
16064
16400
16200
15840
16104
16416
16280
15920
16064
16360
16320
15992
16088
16376
16528
16008
15992
16232
16504
16136
15920
16184
16440
16144
15872
16112
16448
16232
15864
16112
16432
16296
15888
16048
16304
16376
15960
16048
16288
16424
16064
15952
16144
16432
16064
15864
16176
16448
16128
15832
16056
16376
16208
15848
16080
16360
16256
15872
16000
16296
16328
15912
16000
16208
16424
16000
15936
16192
16472
16128
15976
16320
16600
16312
15960
16264
16584
16360
15960
16168
16448
16344
15952
16112
16304
16336
15952
16016
16256
16384
15896
15776
16088
16328
16048
15776
16128
16384
16080
15784
16040
16304
16120
15688
15872
16296
16520
16440
17256
18216
18208
16896
16520
16040
15800
15216
15000
15456
15952
15760
15672
16048
16352
16096
15760
16056
16352
16160
15848
16096
16352
16272
15912
16048
16336
16392
15968
15960
16336
16480
16072
16008
16232
16520
16168
15880
16224
16544
16296
15968
16280
16576
16400
16032
16304
16592
16624
16240
16416
16736
16864
16496
16648
16968
17216
16848
16816
17136
17448
17128
16952
17264
17544
17240
16896
17080
17344
17048
16560
16704
16944
16784
16304
16320
16528
16552
16064
16112
16328
16488
16096
15968
16240
16472
16112
15840
16184
16456
16184
15880
16144
16384
16200
15800
16080
16416
16312
15888
16064
16296
16392
15976
16040
16280
16440
16128
15992
16216
16456
16104
15904
16192
16504
16232
15864
16128
16384
16200
15824
16080
16320
16280
15976
16104
16288
16328
16008
15976
16208
16400
16096
15920
16200
16384
16104
15848
16096
16384
16200
15824
16104
16360
16224
15816
16056
16368
16272
15912
15960
16200
16328
15928
15880
16176
16360
15952
15872
16064
16344
16064
15784
16040
16336
16128
15848
16128
16424
16328
15952
16200
16448
16456
16056
16152
16352
16352
15928
15920
16248
16368
15984
15840
16144
16376
15992
15720
15968
16264
16040
15664
15960
16240
16096
15696
15928
16208
16192
15792
15824
15984
16152
16056
16272
17000
18048
18184
17416
16968
16624
15712
15088
15168
15400
15424
15368
15832
16144
16104
15744
16000
16208
16208
15896
15960
16184
16304
15904
15928
16184
16344
16048
15856
16192
16408
16104
15800
16112
16376
16184
15840
16184
16464
16272
15952
16216
16424
16408
16088
16256
16496
16576
16264
16280
16560
16784
16560
16424
16768
17016
16824
16616
16952
17288
17160
16856
17208
17456
17360
16920
17144
17376
17184
16784
16864
16960
16904
16440
16336
16504
16616
16288
16056
16312
16520
16208
15920
16216
16440
16216
15880
16200
16392
16264
15880
16176
16384
16304
15952
16120
16288
16368
15952
16000
16280
16456
16088
15952
16240
16488
16256
15936
16240
16496
16288
15944
16232
16456
16344
16016
16248
16424
16416
16048
16144
16392
16464
16136
16008
16344
16408
16144
15968
16280
16456
16240
15928
16224
16464
16248
15920
16192
16432
16280
15920
16144
16384
16336
16008
16072
16352
16376
16024
15976
16288
16424
16160
15968
16248
16432
16192
15928
16200
16408
16232
15904
16256
16432
16264
15944
16200
16408
16472
16144
16240
16472
16560
16248
16200
16440
16576
16192
16000
16328
16504
16272
15888
16224
16432
16272
15872
16144
16352
16216
15848
16072
16272
16184
15960
16048
16320
16312
15968
15864
16168
16256
15944
15864
16464
16896
17224
17728
18384
17744
17000
15952
15688
15632
15432
15152
15680
16056
16152
15904
16000
16248
16384
16024
15912
16200
16400
16120
15904
16248
16456
16248
15880
16240
16488
16280
15904
16248
16424
16360
16000
16216
16424
16384
16080
16160
16424
16480
16208
16120
16416
16544
16352
16160
16472
16760
16576
16320
16760
16968
16832
16536
16912
17192
17160
16856
17128
17368
17376
17064
17144
17400
17432
17096
16928
17128
17176
16760
16448
16704
16864
16568
16168
16432
16592
16368
16032
16336
16480
16384
16008
16216
16360
16352
15992
16080
16336
16424
16120
16048
16296
16480
16168
15976
16272
16496
16256
15936
16328
16480
16264
15968
16288
16472
16304
16032
16248
16400
16424
16056
16120
16408
16440
16152
16016
16360
16472
16152
15952
16320
16528
16264
15896
16328
16480
16272
15992
16360
16472
16320
16000
16232
16376
16368
16040
16072
16344
16424
16096
16016
16368
16448
16144
15968
16312
16520
16144
15888
16392
16496
16208
15880
16304
16456
16320
15944
16248
16424
16344
15976
16120
16416
16424
16056
16056
16376
16520
16112
16024
16448
16696
16360
16072
16512
16656
16416
16128
16408
16552
16408
16032
16288
16520
16456
16024
16040
16456
16464
16048
15896
16312
16384
15992
15752
16224
16432
16136
15848
16224
16456
16168
15800
16088
16312
16216
16112
16552
17360
18104
17984
17240
17080
16560
15552
15112
15424
15680
15512
15440
15928
16344
16040
15792
16192
16496
16152
15800
16112
16448
16192
15848
16008
16480
16432
15928
16016
16424
16544
16096
15936
16384
16520
16064
15888
16272
16600
16264
15976
16240
16600
16304
15968
16320
16664
16568
16216
16368
16792
16832
16384
16448
16976
17080
16712
16728
17232
17432
17048
16840
17320