15904
15872
16008
16128
15960
15912
15968
16144
15992
15856
15920
16112
16088
16008
16088
16336
16304
16152
16200
16456
16456
16264
16200
16312
16328
16224
16048
16168
16280
16008
15808
15920
16008
15880
15728
15856
15992
15960
15704
15840
16000
16000
15776
15664
15728
16136
16632
17632
19024
20504
21656
22256
21160
18600
16536
15536
15528
15872
15856
15768
15968
16232
16152
15952
15968
16192
16080
15928
15944
16200
16192
16088
15984
16192
16248
16080
16056
16232
16352
16224
16136
16264
16416
16344
16200
16384
16536
16472
16384
16416
16768
16728
16584
16664
16888
16944
16800
16904
17080
17288
17272
17280
17512
17720
17696
17712
17960
18128
18104
18048
18200
18440
18296
17960
17912
17928
17680
17264
17008
17024
16864
16512
16368
16352
16384
16104
15976
16120
16168
15992
15824
15896
16072
15960
15792
15832
16064
16008
15760
15784
16024
15952
15784
15840
15992
16008
15792
15800
15992
16016
15800
15752
15928
16072
15896
15752
15824
16056
15888
15760
15872
16048
15944
15792
15800
15976
15952
15784
15760
15904
15984
15768
15672
15880
15920
15776
15680
15856
15960
15832
15720
15792
15912
15824
15640
15720
15944
15816
15680
15712
15912
15848
15648
15680
15848
15880
15712
15752
15952
16056
15912
15848
16096
16256
16168
16024
16088
16192
16088
15936
15960
16120
15992
15736
15696
15864
15768
15536
15544
15760
15768
15648
15536
15728
15768
15696
15560
15616
15504
15488
16040
17144
18472
19808
21096
22128
21912
19400
16824
15544
15448
15560
15448
15552
15920
15928
15752
15768
15944
16008
15880
15744
15968
16056
15936
15840
15960
16136
15992
15848
15952
16192
16136
15944
16016
16264
16320
16112
16112
16376
16344
16200
16208
16424
16584
16472
16416
16616
16792
16688
16584
16832
17080
17048
16992
17200
17440
17544
17448
17616
17888
17952
17872
17920
18200
18208
18032
17880
17936
17872
17472
17192
17032
17040
16688
16400
16352
16408
16240
15976
16000
16088
15992
15784
15864
16048
15992
15832
15776
15984
15960
15800
15720
15952
16008
15848
15704
15872
16016
15880
15712
15824
16048
15896
15712
15784
15976
15960
15768
15840
16008
15968
15816
15808
16032
16000
15816
15840
15976
16040
15896
15752
15920
16032
15864
15736
15912
16016
15936
15720
15824
15976
15960
15720
15784
16048
15992
15784
15784
15936
16008
15824
15728
15984
16008
15840
15736
15928
16032
15880
15704
15888
16080
16016
15928
16008
16248
16232
16072
16184
16472
16384
16120
16104
16272
16224
16016
15968
16128
16160
15856
15728
15816
15984
15816
15680
15744
15912
15792
15624
15768
15968
15848
15552
15536
15800
16296
16968
18048
19528
21096
22080
22456
20464
17648
16000
15600
15872
16040
15976
15872
16024
16248
16128
15920
15960
16184
16120
15936
16024
16240
16200
15992
16024
16232
16240
16112
16064
16288
16328
16184
16128
16320
16456
16344
16296
16384
16552
16464
16408
16488
16728
16752
16576
16664
16952
17024
16848
16944
17256
17392
17328
17328
17616
17816
17768
17752
17984
18240
18160
18096
18192
18432
18264
18008
17936
17976
17664
17240
17040
17040
16856
16536
16416
16528
16432
16192
16080
16216
16216
16088
15904
16064
16184
16024
15912
15976
16152
16080
15864
15920
16128
16104
15848
15944
16144
16080
15896
15888
16104
16104
15936
15920
16088
16160
16016
15936
16088
16160
16056
15936
16008
16192
16080
15896
15976
16208
16128
15912
15920
16168
16176
15896
15952
16112
16168
15944
15880
16032
16080
15944
15864
15992
16136
15984
15864
15968
16128
16032
15808
15912
16152
16032
15824
15848
16048
16072
15824
15872
16096
16184
16064
15960
16272
16280
16224
16136
16424
16512
16344
16152
16224
16360
16216
16016
16104
16240
16080
15800
15832
16000
15952
15768
15784
15936
15944
15792
15760
15936
16032
15872
15616
15688
16288
16888
17880
19168
20856
22000
22376
20696
18128
16224
15504
15632
15944
16032
15904
16040
16192
16168
16024
15968
16168
16200
16016
16032
16144
16248
16120
16016
16144
16328
16264
16104
16208
16432
16360
16184
16248
16456
16512
16336
16336
16560
16600
16496
16440
16672
16784
16760
16632
16880
17080
16976
16920
17152
17376
17352
17360
17440
17784
17864
17816
17896
18208
18216
18128
18152
18328
18376
18096
17832
17864
17696
17328
16960
16968
16928
16552
16320
16344
16440
16248
16064
16080
16224
16112
15888
15920
16136
16096
15928
15872
16080
16112
15920
15840
15992
16128
15960
15872
15984
16120
15976
15856
15944
16136
16056
15872
15944
16104
16072
15808
15896
16104
16104
15904
15864
16040
16096
15912
15888
16016
16136
15960
15856
16000
16128
15920
15824
15936
16088
15952
15832
15840
16104
16000
15744
15824
16024
16032
15832
15840
15992
16048
15840
15800
15992
16032
15840
15720
15928
16024
15856
15728
15872
15984
15904
15784
15944
16144
16152
15976
16024
16304
16368
16208
16144
16312
16296
16080
15984
16152
16176
16008
15776
15832
15984
15800
15616
15728
15944
15832
15616
15696
15856
15832
15640
15680
15848
15576
15576
16200
17392
18648
19872
21216
22264
21760
19088
16760
15672
15512
15544
15480
15752
16016
16008
15816
15888
16064
16024
15800
15912
16096
16096
15912
15904
16096
16160
15944
15992
16192
16208
16112
15976
16208
16352
16232
16120
16240
16488
16432
16264
16336
16592
16536
16432
16496
16776
16816
16664
16736
16984
17112
17032
17096
17368
17528
17520
17488
17720
17944
17928
17824
18056
18320
18160
17984
18024
18072
17816
17440
17264
17216
17032
16592
16480
16488
16416
16192
16040
16112
16144
15968
15832
15936
16040
15944
15784
15872
16032
15920
15712
15816
15992
15968
15768
15776
16016
15976
15768
15768
15912
16008
15848
15784
15968
16024
15904
15760
15888
16072
15912
15784
15864
16032
15896
15736
15792
16000
15968
15752
15792
15968
15936
15752
15736
15968
16000
15832
15704
15864
15960
15832
15672
15848
15936
15864
15672
15816
15960
15864
15688
15744
15888
15888
15680
15688
15928
16008
15864
15928
16168
16200
16168
16112
16264
16336
16112
15984
16032
16208
16088
15904
15920
15984
15792
15608
15672
15840
15800
15648
15672
15840
15824
15656
15640
15848
15832
15504
15360
16064
17000
18040
19232
20904
22216
22464
20376
17760
16184
15520
15464
15608
15952
15992
15816
15856
16048
16064
15856
15864
16056
16136
15936
15912
16096
16160
16056
15944
16136
16208
16168
16032
16120
16312
16248
16112
16240
16416
16440
16280
16288
16584
16576
16432
16360
16704
16784
16672
16624
16896
17096
17008
16960
17232
17296
17464
17392
17584
17816
17832
17808
17952
18248
18240
18128
18040
18216
18104
17768
17616
17584
17384
17048
16728
16736
16640
16448
16208
16216
16336
16160
15968
16024
16224
16112
15872
16000
16184
16096
15936
15896
16136
16072
15848
15936
16128
16128
16016
15896
16080
16200
16000
15936
16024
16208
16064
15864
15976
16208
16136
15936
16000
16192
16120
15952
15952
16168
16176
15992
15976
16120
16208
15992
15904
16104
16208
16040
15920
16064
16208
16008
15912
15968
16176
16056
15944
15920
16144
16072
15952
15984
16096
16144
15952
15936
16024
16040
16008
15832
16040
16168
15960
15872
16056
16216
16112
16064
16176
16416
16368
16224
16328
16568
16464
16296
16256
16392
16368
16176
16104
16232
16216
15984
15832
15984
16064
15920
15816
15872
16072
15968
15792
15864
16072
15976
15776
15632
15968
16600
17392
18536
20064
21616
22488
22088
19584
17096
15800
15688
15960
16088
16096
15984
16208
16368
16200
16032
16104
16352
16232
16096
16152
16344
16312
16136
16160
16400
16376
16216
16240
16416
16424
16344
16264
16464
16640
16496
16368
16592
16736
16648
16544
16672
16872
16888
16760
16824
17104
17144
16984
17080
17360
17512
17408
17528
17760
17920
17912
17912
18192
18416
18352
18280
18360
18520
18352
18080
18024
17984
17688
17288
17128
17136
16968
16536
16512
16608
16568
16232
16208
16344
16360
16168
16072
16176
16352
16192
16056
16136
16264
16112
16024
16104
16320
16200
16016
16080
16216
16224
16000
16056
16280
16256
16096
15984
16264
16232
16096
16088
16240
16328
16216
16072
16184
16272
16200
16048
16112
16320
16216
16040
16048
16256
16216
16016
16040
16224
16240
16088
16040
16224
16264
16088
15984
16144
16224
16128
15992
16088
16224
16112
15952
16056
16248
16192
15936
16024
16240
16152
15952
16016
16224
16168
15960
15976
16136
16224
16072
16000
16216
16384
16288
16208
16320
16552
16472
16424
16448
16560
16480
16232
16200
16424
16344
16168
16128
16264
16208
15928
15888
16024
16120
15912
15848
16000
16104
16032
15888
16016
16152
15920
15648
16224
17120
18080
19152
20688
22184
22752
20896
18152
16504
15952
15800
15856
16128
16296
16176
16160
16288
16376
16240
16096
16192
16384
16288
16160
16232
16456
16368
16192
16288
16464
16480
16344
16328
16544
16552
16448
16376
16648
16704
16608
16528
16688
16800
16680
16624
16824
17032
16960
16912
16992
17304
17256
17160
17312
17584
17704
17656
17768
18040
18144
18072
18104
18416
18544
18416
18344
18480
18456
18208
17912
17752
17752
17376
17008
16960
16960
16784
16472
16416
16584
16432
16176
16200
16392
16360
16128
16088
16224
16296
16168
16080
16224
16288
16192
16056
16160
16344
16232
16040
16136
16288
16256
16080
16120
16320
16288
16136
16072
16248
16264
16096
16120
16304
16288
16192
16104
16200
16320
16264
16048
16192
16408
16216
16064
16096
16280
16248
16080
16120
16280
16296
16104
16016
16176
16272
16112
16008
16184
16280
16088
15968
16096
16240
16104
15968
16088
16248
16144
15976
16040
16224
16160
15960
16040
16216
16152
15968
16000
16232
16288
16168
16144
16320
16472
16328
16360
16512
16656
16392
16320
16360
16472
16344
16152
16176
16248
16184
15968
15872
16056
16056
15880
15856
16048
16032
15864
15848
16056
16120
15896
15600
15848
16592
17432
18440
19936
21568
22376
21880
19488
17384
16104
15488
15712
15976
16016
15952
16024
16240
16264
16008
16112
16208
16328
16104
16072
16240
16320
16192
16080
16280
16456
16280
16120
16256
16456
16432
16232
16368
16600
16592
16344
16432
16672
16672
16568
16584
16824
16864
16800
16768
16984
17176
17104
17000
17280
17464
17560
17464
17640
17920
18032
17904
18056
18312
18328
18208
18232
18416
18392
18152
17872
17832
17728
17312
17032
16984
16968
16672
16392
16480
16512
16352
16080
16176
16344
16208
16064
16088
16280
16160
15976
16032
16208
16232
16096
16024
16120
16248
16032
15952
16120
16256
16144
15976
16088
16264
16152
16008
16072
16272
16152
15984
16016
16272
16176
15976
15968
16200
16192
16032
15912
16168
16208
15984
15952
16096
16216
16072
15952
15984
16184
16048
15912
15960
16192
16152
15864
15912
16104
16032
15864
15960
16104
16160
15984
15960
16200
16248
16160
16120
16312
16456
16424
16280
16352
16456
16336
16160
16216
16400
16336
16024
16024
16152
16080
15872
15832
16048
16056
15872
15808
16000
16032
15880
15824
15896
15976
15664
15768
16608
17872
19024
20328
21824
22864
21720
18888
16696
15984
15728
15696
15784
16128
16216
16056
16040
16232
16280
16112
15992
16216
16328
16176
16096
16184
16408
16344
16168
16304
16496
16424
16200
16288
16584
16528
16336
16384
16608
16592
16464
16464
16680
16792
16704
16664
16848
17000
16960
16880
17056
17248
17256
17208
17400
17680
17704
17616
17800
18096
18144
18048
18144
18392
18432
18256
18176
18320
18216
17840
17568
17472
17408
17096
16808
16752
16792
16536
16280
16344
16448
16336
16144
16184
16320
16296
16096
16064
16272
16240
16064
16064
16192
16304
16088
16056
16216
16328
16192
16016
16120
16288
16200
16032
16136
16360
16248
16008
16144
16344
16288
16088
16080
16272
16296
16144
16104
16264
16336
16160
16048
16256
16304
16208
16064
16144
16368
16224
16096
16152
16304
16240
16056
16120
16288
16280
16040
16096
16280
16288
16064
16040
16208
16288
16128
16016
16240
16344
16224
16176
16352
16552
16488
16328
16512
16640
16560
16344
16344
16520
16464
16232
16192
16360
16280
16024
15912
16136
16160
16000
15896
16024
16160
16032
15888
16024
16200
16072
15760
15808
16416
17128
18016
19312
21008
22312
22720
21080
18480
16576
15848
15816
16168
16296
16208
16128
16304
16408
16296
16136
16232
16456
16312
16128
16240
16472
16384
16192
16328
16536
16520
16312
16304
16544
16592
16448
16408
16656
16704
16592
16536
16712
16824
16744
16656
16864
17016
16968
16888
17016
17280
17264
17096
17248
17576
17688
17568
17664
18000
18136
18016
18112
18368
18480
18408
18360
18584
18608
18432
18088
18024
17952
17648
17296
17144
17200
16976
16648
16584
16728
16568
16352
16264
16440
16448
16232
16184
16304
16424
16248
16160
16312
16400
16264
16088
16240
16440
16296
16120
16232
16408
16384
16136
16232
16424
16384
16168
16184
16384
16400
16232
16192
16384
16416
16280
16176
16328
16456
16264
16176
16320
16488
16304
16144
16248
16456
16336
16192
16216
16464
16400
16144
16120
16352
16344
16192
16120
16336
16360
16224
16144
16272
16368
16232
16144
16240
16384
16304
16064
16184
16416
16296
16112
16152
16392
16432
16240
16296
16512
16616
16472
16472
16736
16760
16552
16408
16536
16616
16480
16328
16392
16440
16224
16000
16024
16304
16224
16040
16040
16280
16200
16048
15992
16232
16288
16000
15808
16072
16672
17400
18352
19768
21456
22472
22432
20248
17848
16280
15728
15944
16200
16264
16184
16312
16528
16416
16200
16200
16384
16400
16256
16200
16376
16488
16320
16256
16448
16584
16464
16336
16432
16656
16504
16408
16528
16768
16680
16520
16560
16848
16824
16632
16688
16952
17000
16936
16872
17136
17272
17168
17160
17424
17640
17568
17528
17768
18008
18064
17936
18160
18448
18424
18264
18328
18528
18512
18192
18024
18024
17880
17496
17216
17136
17032
16776
16568
16560
16648
16384
16200
16288
16448
16288
16080
16168
16368
16256
16048
16144
16288
16264
16032
16056
16272
16320
16080
16024
16200
16272
16112
16048
16216
16328
16152
16008
16184
16272
16264
16024
16144
16336
16248
16008
16120
16296
16288
16024
16080
16240
16296
16064
16016
16128
16200
16080
15976
16128
16200
16064
15920
16032
16232
16048
15880
16024
16192
16144
15944
15928
16128
16104
15912
15896
16120
16168
15944
15880
16080
16176
15992
15896
16024
16152
16008
15904
16120
16280
16200
16080
16216
16464
16512
16328
16312
16488
16432
16192
16184
16352
16296
16104
15976
16096
16096
15936
15784
15944
16024
15904
15712
15856
16040
15960
15824
15904
15976
15776
15600
16304
17424
18616
19840
21328
22416
22048
19528
17168
16016
15664
15696
15648
15928
16144
16064
15960
16088
16296
16144
15984
16064
16288
16240
16016
16056
16264
16280
16144
16200
16360
16336
16232
16168
16392
16472
16384
16344
16464
16608
16488
16392
16560
16808
16760
16568
16704
16960
16888
16784
16912
17152
17296
17128
17200
17528
17632
17624
17656
17952
18128
18032
18032
18248
18416
18320
18104
18224
18312
17968
17576
17456
17424
17128
16760
16648
16704
16600
16304
16128
16336
16280
16056
15984
16104
16240
16000
15888
16080
16176
16016
15928
15976
16192
16064
15912
15960
16144
16072
15912
15920
16168
16144
15936
15976
16120
16160
16000
15960
16072
16184
16016
15912
16016
16200
16072
15880
16040
16216
16096
15872
15968
16176
16032
15848
15928
16152
16104
15896
15904
16064
16096
15936
15896
16096
16152
15984
15944
15976
16128
15992
15864
15952
16160
16008
15824
15912
16096
16120
15960
16032
16280
16304
16136
16200
16448
16528
16304
16200
16352
16368
16176
16080
16224
16280
16120
15888
15920
16040
15960
15776
15864
16040
15968
15768
15864
16016
16016
15792
15744
15784
15944
16448
17416
18792
20232
21528
22456
22080
19640
17136
15776
15648
15984
15936
15888
16008
16296
16216
16072
16120
16312
16224
16080
16048
16304
16288
16160
16152
16328
16384
16256
16208
16296
16464
16352
16280
16360
16584
16504
16360
16408
16696
16672
16504
16592
16824
16848
16696
16736
16984
17104
17000
17016
17304
17384
17368
17376
17592
17864
17816
17768
17992
18240
18208
18168
18264
18488
18400
18136
18096
18160
17880
17480
17248
17192
17032
16696
16536
16600
16608
16368
16184
16288
16344
16216
16104
16152
16368
16208
16032
16112
16288
16216
16024
16096
16272
16208
16064
16064
16248
16272
16080
16088
16224
16272
16176
16080
16200
16336
16224
16096
16208
16336
16264
16080
16160
16384
16256
16080
16136
16296
16224
16104
16040
16272
16296
16168
16056
16208
16272
16128
16064
16208
16336
16192
16048
16152
16320
16208
16000
16128
16312
16256
16104
16072
16288
16248
16088
16032
16280
16248
16072
16024
16216
16312
16168
16112
16384
16520
16344
16264
16400
16648
16536
16464
16488
16664
16528
16304
16344
16504
16440
16216
16144
16280
16240
16072
15952
16104
16200
16064
15920
16144
16256
16128
15992
16056
16208
15912
15872
16552
17680
18736
19936
21464
22696
22456
19800
17208
16248
16056
16016
16000
16240
16448
16320
16224
16352
16480
16312
16216
16312
16480
16384
16240
16328
16560
16464
16328
16336
16552
16560
16400
16408
16584
16664
16496
16496
16672
16816
16664
16576
16792
16920
16800
16696
16936
17120
17056
16984
17120
17408
17376
17304
17424
17752
17800
17752
17872
18168
18248
18216
18224
18520
18608
18520
18392
18480
18496
18208
17872
17720
17672
17400
17024
16936
17024
16768
16496
16424
16576
16504
16288
16264
16408
16432
16224
16184
16312
16376
16232
16120
16272
16384
16224
16128
16232
16352
16288
16168
16208
16424
16368
16144
16176
16416
16384
16192
16168
16384
16384
16216
16192
16368
16408
16232
16192
16336
16384
16296
16160
16224
16408
16312
16192
16176
16376
16296
16120
16160
16352
16328
16160
16160
16328
16376
16160
16096
16240
16328
16192
16064
16256
16304
16200
16104
16192
16376
16224
16072
16112
16288
16224
16048
16128
16320
16320
16136
16200
16384
16432
16368
16328
16600
16680
16592
16432
16520
16664
16456
16280
16320
16520
16368
16096
16080
16280
16152
15976
16008
16160
16160
15952
15936
16112
16144
16008
15944
16040
15944
16016
16576
17680
18912
20248
21512
22544
22168
19512
17024
15992
15896
15984
15896
15984
16344
16336
16192
16168
16360
16424
16168
16168
16328
16408
16320
16152
16328
16496
16368
16256
16416
16600
16504
16328
16432
16680
16576
16496
16576
16760
16712
16616
16608
16856
16928
16816
16776
17016
17168
17088
17016
17248
17440
17456
17384
17624
17880
17888
17816
18032
18312
18272
18208
18320
18544
18592
18448
18264
18368
18216
17872
17584
17520
17416
17056
16800
16752
16824
16544
16360
16392
16560
16376
16112
16160
16368
16256
16088
16104
16320
16288
16048
16088
16304
16312
16112
16080
16248
16328
16184
16072
16176
16328
16144
16080
16176
16344
16240
16072
16120
16344
16272
16080
16072
16320
16280
16072
16104
16248
16240
16112
16056
16224
16288
16128
16040
16144
16280
16152
16040
16136
16224
16160
16016
16080
16248
16192
15960
15984
16224
16200
15976
15984
16200
16224
16104
15992
16176
16200
16112
16000
16176
16352
16248
16168
16328
16504
16432
16376
16472
16568
16504
16272
16320
16384
16408
16168
16096
16216
16160
15960
15912
16032
16104
15960
15848
15952
16144
16008
15832
15992
16128
15904
15536
15904
16832
17840
18904
20424
22000
22792
21480
18872
16912
15928
15624
15704
15952
16096
16104
16064
16192
16272
16208
16080
16176
16352
16224
16096
16136
16320
16280
16160
16224
16424
16376
16216
16280
16448
16528
16312
16336
16472
16592
16496
16440
16576
16784
16672
16584
16776
16984
16944
16792
16920
17224
17240
17120
17240
17528
17664
17560
17672
17936
18112
18000
18008
18256
18400
18296
18224
18352
18384
18144
17768
17672
17680
17312
16936
16864
16888
16688
16368
16344
16448
16376
16160
16144
16232
16304
16088
15976
16120
16184
16024
15968
16096
16288
16096
15936
16080
16232
16120
15960
16032
16264
16176
15944
16048
16200
16248
15960
16024
16200
16256
16048
15992
16120
16192
16112
15968
16176
16288
16184
15912
16136
16176
16120
15880
16008
16200
16096
15984
16032
16216
16112
16008
16000
16168
16168
16040
15920
16088
16184
16040
15888
16120
16176
16104
15936
16048
16176
16104
15920
15968
16184
16144
15936
16064
16328
16264
16176
16184
16448
16552
16432
16312
16424
16560
16296
16168
16256
16424
16280
16040
16072
16184
16032
15824
15888
16120
16032
15880
15824
16096
16048
15896
15936
16064
15928
15712
16024
17024
18136
19288
20664
22104
22856
21304
18288
16448
16008
15928
15856
16008
16256
16296
16144
16144
16312
16296
16160
16096
16312
16328
16168
16096
16296
16392
16336
16216
16352
16472
16384
16248
16384
16616
16552
16368
16424
16712
16632
16480
16560
16768
16824
16656
16696
16952
17064
16912
16920
17120
17376
17264
17288
17464
17720
17712
17648
17840
18168
18144
18080
18248
18472
18536
18304
18336
18448
18352
17920
17728
17696
17520
17104
16904
16880
16816
16584
16448
16472
16552
16352
16184
16256
16416
16288
16104
16160
16384
16336
16072
16104
16312
16320
16128
16128
16336
16312
16136
16112
16264
16352
16208
16112
16216
16360
16224
16080
16184
16368
16328
16072
16160
16328
16264
16080
16112
16368
16352
16184
16136
16344
16288
16144
16128
16216
16368
16232
16056
16232
16304
16216
16064
16136
16368
16256
16056
16088
16272
16256
16056
16056
16344
16328
16104
16064
16248
16296
16096
16048
16256
16296
16120
16040
16184
16384
16200
16048
16144
16312
16248
16080
16240
16488
16496
16320
16384
16648
16704
16472
16424
16584
16584
16384
16304
16448
16504
16288
16112
16168
16264
16112
15952
16056
16256
16128
15952
15992
16232
16144
15984
15968
16160
15960
15976
16592
17664
18816
20088
21512
22696
22384
19576
17104
16104
16064
16112
15984
16216
16480
16392
16208
16272
16504
16432
16232
16232
16456
16480
16256
16256
16496
16520
16432
16320
16472
16576
16480
16328
16504
16720
16568
16464
16560
16792
16712
16592
16680
16952
16888
16768
16840
17040
17104
17032
16984
17288
17376
17320
17416
17640
17792
17800
17760
18064
18256
18272
18168
18400
18624
18544
18376
18384
18504
18280
17880
17696
17680
17416
17096
16880
16904
16832
16592
16408
16504
16488
16336
16128
16232
16384
16288
16072
16184
16360
16272
16104
16128
16296
16272
16104
16096
16336
16296
16088
16040
16264
16296
16144
16128
16232
16344
16136
16040
16184
16360
16200
16040
16144
16312
16240
16016
16080
16304
16264
16032
16056
16296
16184
16032
15960
16192
16224
16056
15976
16136
16200
16032
15928
16080
16208
16112
15920
16056
16152
16128
15920
15960
16184
16120
15968
15928
16192
16128
15992
15944
16128
16184
16024
15904
16056
16120
16024
15888
16016
16208
16024
15848
15936
16176
16048
15872
15944
16152
16088
15928
15992
16232
16216
16088
16088
16376
16472
16328
16232
16344
16472
16264
16104
16208
16368
16200
15928
15960
16096
15944
15776
15792
16048
15976
15728
15792
16016
15976
15832
15816
16000
15888
15680
16080
17024
18200
19392
20792
22064
22472
20352
17608
16128
15720
15720
15624
15776
16176
16176
15960
16000
16224
16160
15928
15944
16144
16192
16064
15952
16168
16280
16128
16072
16168
16368
16208
16080
16192
16440
16312
16200
16304
16496
16496
16280
16384
16616
16648
16544
16560
16720
16872
16776
16744
16992
17152
17072
17072
17280
17616
17592
17504
17664
18016
18008
17960
18056
18360
18360
18176
18160
18296
18144
17784
17560
17544
17344
16920
16664
16672
16648
16416
16176
16200
16272
16104
15920
15968
16168
16056
15856
15904
16136
16040
15864
15824
16048
16088
15896
15832
16040
16080
15896
15808
16000
16104
15904
15800
15952
16072
15992
15816
15896
16128
16016
15832
15920
16096
15992
15800
15824
16072
16000
15840
15808
15968
16008
15872
15760
15912
15960
15912
15760
15832
15992
15864
15704
15848
16072
15920
15704
15728
16008
15920
15696
15720
15944
15904
15744
15712
15872
15936
15768
15648
15808
15984
15832
15848
15888
16112
16008
15904
16048
16384
16272
16080
16032
16240
16168
15928
15960
16104
16000
15840
15664
15832
15872
15688
15552
15752
15832
15720
15592
15680
15816
15720
15512
15528
15584
15672
16208
17288
18776
20144
21424
22272
21624
19104
16632
15472
15384
15536
15552
15568
15864
16056
15904
15752
15928
16032
15920
15752
15848
16048
16040
15840
15904
16128
16112
15920
16008
16216
16192
16056
16064
16224
16336
16224
16152
16328
16464
16368
16248
16424
16624
16576
16424
16544
16848
16808
16648
16824
17120
17136
17048
17200
17480
17568
17504
17600
17920
18032
17904
17936
18192
18288
18128
17928
17904
17928
17584
17248
17088
17112
16792
16440
16344
16424
16320
16000
15968
16136
16120
15904
15840
16016
16048
15912
15824
15992
16048
15888
15744
15848
16056
15912
15776
15824
16000
15968
15768
15840
16096
16024
15824
15832
16056
16048
15832
15840
15960
16064
15944
15856
16008
16104
15944
15800
15968
16128
15928
15792
15904
16064
15992
15768
15792
16008
16000
15840
15856
16040
16016
15800
15752
15960
16016
15816
15784
15920
16016
15848
15760
15856
16008
15936
15752
15832
15984
15928
15784
15816
15968
15992
15792
15848
16080
16176
16000
15984
16200
16312
16192
16192
16328
16392
16160
16032
16168
16256
16184
15960
16008
16136
15952
15712
15744
15976
15896
15680
15720
15944
15944
15776
15688
15936
15992
15616
15544
16128
17032
17984
19136
20848
22232
22656
20672
17976
16328
15720
15616
15776
16040
16112
15960
15960
16136
16144
15960
15896
16104
16216
16016
16016
16144
16288
16112
16032
16136
16320
16224
16096
16224
16432
16328
16176
16256
16536
16472
16256
16376
16592
16568
16440
16424
16704
16808
16664
16656
16848
17040
17000
16944
17192
17472
17440
17392
17568
17912
17904
17808
17960
18264
18296
18096
18112
18352
18248
17976
17784
17752
17608
17192
16880
16864
16848
16528
16336
16400
16408
16224
16024
16096
16232
16096
15936
16000
16112
16104
15904
15904
16152
16112
15904
15936
16112
16160
15976
15856
16048
16160
16008
15904
16000
16200
16064
15864
15984
16192
16120
15872
16000
16184
16176
15952
15992
16144
16136
15944
15944
16104
16200
15976
15920
16064
16128
16080
15880
16016
16168
16048
15824
15944
16128
16056
15896
15920
16160
16088
15896
15904
16048
16120
15952
15880
16064
16136
15952
15856
15976
16160
15984
15880
15992
16168
16040
15856
15936
16168
16048
15912
15928
16200
16088
15928
15984
16248
16328
16192
16152
16408
16512
16400
16344
16384
16448
16320
16168
16256
16416
16280
16016
16056
16144
16088
15824
15904
16088
16032
15840
15816
16016
16080
15912
15928
16048
16088
15752
15920
16776
17904
18832
20184
21784
22848
21880
18936
16792
16096
15984
15880
15976
16304
16360
16184
16144
16384
16392
16176
16152
16312
16384
16240
16168
16288
16504
16352
16256
16344
16568
16448
16336
16408
16640
16568
16408
16496
16712
16752
16512
16600
16848
16904
16752
16800
16960
17064
16952
16944
17184
17368
17328
17288
17480
17744
17752
17680
17912
18240
18256
18152
18272
18536
18552
18464
18432
18624
18504
18144
17872
17872
17680
17416
17080
17088
17008
16808
16520
16536
16664
16584
16240
16320
16512
16520
16144
16224
16416
16408
16168
16160
16400
16336
16192
16064
16328
16352
16256
16096
16288
16400
16352
16072
16240
16352
16408
16072
16240
16440
16432
16048
16160
16392
16328
16136
16168
16392
16336
16192
16136
16336
16328
16240
16160
16272
16360
16304
16056
16224
16352
16312
16040
16128
16384
16368
16064
16064
16296
16272
16064
16064
16296
16264
16120
16056
16208
16256
16192
16048
16192
16312
16256
15944
16136
16352
16472
16152
16288
16560
16608
16384
16488
16712
16640
16408
16344
16528
16464
16336
16248
16336
16344
16216
15976
16152
16152
16112
15880
15992
16200
16216
15856
16008
16208
16152
15784
15656
16192
16832
17736
18944
20680
22008
22672
21384
18888
16840
15896
15656
15912
16128
16184
16064
16200
16352
16368
16072
16120
16384
16344
16104
16144
16424
16352
16232
16200
16440
16440
16328
16224
16456
16528
16488
16360
16536
16616
16592
16408
16568
16792
16832
16496
16632
16944
16992
16744
16864
17136
17232
17120
17144
17456
17568
17600
17520
17888
18016
18112
17952
18264
18400
18416
18224
18424
18568
18456
18096
17976
17968
17688
17224
17064
17088
16928
16632
16440
16592
16480
16328
16072
16296
16280
16248
16000
16152
16232
16176
15968
16088
16256
16200
15880
16008
16224
16216
15936
16016
16216
16176
16048
15960
16200
16144
16080
15984
16184
16192
16120
15968
16104
16224
16240
15928
16072
16232
16200
15912
16024
16216
16144
15944
15984
16224
16152
16040
15984
16176
16192
16056
15904
16072
16168
16128
15880
16048
16184
16128
15840
16032
16152
16120
15856
15928
16152
16096
15864
15880
16224
16208
16112
16040
16296
16352
16328
16216
16520
16512
16416
16120
16248
16368
16304
16016
16136
16192
16072
15800
15864
16016
15928
15760
15808
15976
15920
15824
15760
16000
15936
15760
15448
15968
16848
17904
18976
20664
22128
22824
21216
18616
16696
15736
15408
15688
16000
16064
15944
16008
16272
16136
16032
15928
16192
16168
16144
16024
16184
16280
16232
15984
16224
16352
16328
16168
16328
16504
16416
16216
16288
16520
16472
16344
16400
16656
16568
16512
16440
16736
16832
16776
16688
16952
17112
17128
16968
17216
17488
17552
17416
17680
17960
17968
17880
18016
18280
18304
18168
18216
18416
18264
18008
17800
17776
17536
17256
16912
16912
16784
16616
16256
16360
16424
16280
16000
16088
16256
16136
15960
15976
16224
16088
15872
15928
16168
16088
15968
15880
16088
16136
16008
15928
16096
16120
16064
15872
15992
16136
16104
15904
16064
16184
16064
15920
15968
16240
16120
15928
15952
16144
16080
16032
15920
16128
16120
16032
15920
16024
16136
16064
15856
16024
16168
16080
15808
15960
16152
16008
15856
15936
16136
16016
15872
15872
16120
16056
15928
15824
16048
16032
15976
15816
16040
16104
16024
15816
16024
16200
16176
15976
16128
16368
16272
16152
16328
16544
16376
16232
16208
16360
16296
16136
16088
16176
16144
16024
15768
15960
16008
15936
15752
15944
16064
15944
15728
15872
16024
15888
15608
15656
16272
17000
17952
19112
20944
22184
22696
20920
18352
16472
15736
15720
15904
16128
16144
16008
16160
16272
16168
15936
16080
16224
16112
16008
16064
16304
16264
16112
16072
16320
16328
16288
16160
16456
16480
16432
16280
16456
16600
16528
16344
16512
16664
16648
16512
16640
16872
16832
16704
16848
17072
17048
16984
17112
17408
17408
17488
17448
17848
17904
17920
17848
18160
18320
18328
18216
18384
18480
18288
17992
17912
17920
17592
17184
17056
17128
16816
16560
16416
16584
16464
16304
16144
16336
16256
16168
16024
16208
16320
16208
16032
16152
16256
16112
15944
16056
16280
16160
16056
16056
16280
16184
16048
16016
16208
16224
16120
15992
16216
16232
16136
15952
16152
16296
16216
15984
16152
16296
16128
15992
16128
16272
16168
16016
16040
16216
16208
15984
16000
16200
16208
16072
15960
16184
16184
16160
15928
16080
16184
16168
15920
16040
16200
16056
15936
16056
16240
16080
15984
15976
16216
16064
15976
15880
16200
16128
16096
15936
16136
16176
16088
15912
16072
16208
16080
15928
16088
16176
16064
15912
16032
16232
16032
15968
15912
16184
16080
15912
15872
16160
16184
16120
16040
16240
16320
16288
16224
16472
16544
16376
16192
16304
16376
16248
16096
16160
16288
16040
15920
15856
16064
15912
15848
15752
15992
16056
15864
15760
16040
16072
15928
15664
15856
16304
16872
17760
19088
20760
21944
22512
21176
18520
16512
15680
15784
16080
16072
16064
16104
16320
16288
16104
15976
16184
16280
16176
15992
16224
16336
16184
16064
16232
16328
16264
16168
16200
16456
16336
16256
16288
16544
16416
16376
16368
16624
16640
16592
16496
16752
16808
16752
16656
16872
17000
16936
16912
17096
17328
17288
17344
17480
17776
17728
17768
17872
18200
18184
18184
18184
18464
18408
18296
18024
18120
17944
17624
17280
17232
17120
16776
16480
16552
16592
16328
16128
16176
16248
16144
15984
15968
16184
16088
16040
15888
16208
16080
16000
15872
16064
16056
16040
15856
16088
16120
15984
15856
16032
16136
16016
15920
15960
16136
16016
15864
15920
16120
16040
15920
15920
16160
16064
15992
15872
16056
16128
15952
15832
15992
16112
15888
15848
15944
16080
15920
15840
15848
16032
15928
15840
15800
16072
15992
15872
15776
16024
15960
15864
15752
15968
16008
15896
15760
15920
15976
15832
15768
15880
15984
15896
15832
15800
16048
15880
15760
15704
15960
15896
15808
15760
15968
15944
15800
15688
15976
15960
15840
15720
15936
15960
15824
15720
15912
16096
15968
15920
15984
16232
16208
16192
16184
16360
16216
16096
15976
16176
16120
15992
15872
16008
15952
15736
15664
15792
15848
15744
15600
15728
15888
15704
15712
15688
15904
15672
15488
15800
16776
17704
18776
20208
21752
22408
20992
18360
16528
15688
15384
15504
15680
15944
15888
15848
15960
16184
16000
15888
15928
16112
16016
15912
15944
16184
16160
15960
15984
16192
16184
16000
16080
16288
16360
16184
16136
16328
16432
16312
16248
16424
16608
16520
16360
16496
16744
16680
16600
16688
17048
17040
16912
17048
17368
17448
17352
17448
17744
17888
17840
17856
18128
18280
18176
18112
18320
18352
18072
17832
17760
17688
17360
16976
16832
16840
16648
16312
16264
16320
16264
16024
15968
16104
16120
15896
15856
15968
16112
15928
15784
15944
16088
15976
15816
15904
16048
15968
15800
15872
16080
16000
15808
15824
16064
16024
15896
15856
16024
16048
15904
15896
15952
16080
15952
15856
15920
16056
15968
15784
15888
16136
16008
15784
15848
16064
15960
15784
15824
16008
16000
15800
15800
15960
16008
15800
15800
15960
16024
15848
15792
15880
16000
15864
15728
15776
15984
15952
15768
15832
16008
15952
15744
15824
16120
16096
15936
15920
16152
16272
16176
16104
16248
16336
16224
16024
16064
16248
16120
15864
15896
16080
15936
15680
15728
15936
15888
15656
15688
15928
15872
15704
15744
15928
15880
15496
15552
16280
17296
18384
19704
21304
22480
22176
19624
17248
16032
15568
15504
15632
15952
16016
15872
15984
16208
16160
15960
15896
16104
16160
16056
15984
16168
16288
16120
16040
16160
16336
16192
16112
16216
16448
16384
16208
16304
16520
16488
16312
16392
16664
16656
16464
16528
16736
16800
16736
16744
16920
17192
17112
17032
17296
17552
17472
17472
17664
17984
17992
17896
18064
18296
18368
18176
18224
18408
18224
17960
17760
17720
17528
17136
16864
16848
16792
16520
16272
16312
16376
16264
16056
16088
16264
16128
15944
15960
16120
16136
15952
15920
16096
16128
15928
15912
16080
16096
15968
15912
16064
16160
16048
15912
16000
16192
16056
15992
15992
16200
16112
15944
15936
16144
16128
15952
15952
16168
16208
15968
15952
16128
16184
16000
15952
16072
16144
16064
15912
16000
16136
16064
15904
15936
16088
16072
15880
15912
16088
16088
15904
15832
16088
16088
15912
15880
16040
16160
15952
15904
16016
16144
16016
15928
16024
16264
16184
16112
16176
16408
16376
16312
16304
16488
16384
16216
16160
16272
16304
16112
16008
16088
16112
15928
15832
15920
16072
15896
15784
15904
16032
15968
15824
15864
16096
15944
15640
15712
16552
17472
18376
19648
21424
22552
22288
19840
17440
16152
15768
15800
15952
16176
16184
16128
16208
16368
16216
16136
16112
16336
16256
16160
16112
16408
16400
16176
16152
16352
16424
16264
16192
16400
16528
16400
16312
16424
16656
16520
16464
16584
16816
16760
16672
16688
16928
16936
16808
16864
17176
17184
17120
17176
17480
17608
17536
17592
17888
18088
18016
18064
18208
18424
18400
18328
18368
18528
18352
18144
17912
17912
17648
17264
17024
17120
16912
16552
16408
16544
16504
16248
16184
16320
16336
16176
16040
16160
16296
16136
16040
16120
16248
16160
16008
16032
16280
16232
16056
16032
16288
16216
16008
16000
16224
16248
16104
16024
16208
16288
16144
16064
16128
16304
16144
16104
16144
16344
16224
16144
16112
16312
16224
16064
16080
16336
16264
16064
16040
16256
16256
16072
16024
16192
16280
16072
16040
16144
16264
16112
16056
16160
16296
16152
16040
16040
16240
16176
15984
16048
16264
16240
16072
16024
16216
16216
16112
16024
16200
16280
16120
16032
16176
16336
16312
16208
16352
16528
16456
16416
16448
16728
16608
16360
16352
16520
16448
16216
16232
16344
16344
16088
16072
16120
16160
15992
16024
16096
16224
16088
16032
16080
16192
16144
15992
15856
16144
16672
17328
18504
20080
21568
22392
22232
19936
17480
16080
15784
16048
16232
16160
16192
16312
16496
16328
16240
16232
16440
16336
16216
16224
16408
16400
16264
16264
16480
16512
16288
16384
16536
16640
16488
16464
16544
16664
16600
16592
16704
16864
16784
16696
16720
16968
16928
16864
16912
17216
17232
17104
17144
17496
17568
17480
17584
17928
18080
17984
18080
18272
18440
18344
18400
18512
18696
18528
18376
18288
18264
17952
17536
17376
17400
17144
16800
16688
16712
16672
16384
16312
16448
16496
16264
16184
16328
16352
16208
16200
16232
16352
16264
16112
16128
16344
16200
16120
16160
16336
16320
16088
16104
16352
16328
16056
16136
16264
16312
16128
16144
16248
16320
16216
16152
16216
16352
16200
16112
16184
16320
16200
16096
16080
16320
16264
16040
15992
16264
16272
16056
16064
16200
16224
16032
16032
16128
16248
16120
16024
16112
16240
16160
16016
16016
16160
16088
15984
15968
16264
16152
15976
16000
16184
16136
16032
15984
16120
16216
16008
16040
16192
16280
16224
16208
16248
16528
16480
16368
16352
16480
16384
16224
16208
16400
16336
16056
16024
16144
16104
15904
15848
15936
16032
15808
15880
15936
16064
15944
15880
15952
16000
15712
15680
16296
17400
18512
19752
21232
22440
22272
19792
17392
16112
15624
15624
15752
15992
16144
16064
16112
16200
16320
16136
16120
16168
16296
16176
16096
16136
16368
16264
16184
16256
16416
16392
16200
16240
16432
16456
16344
16408
16560
16616
16472
16480
16608
16816
16632
16712
16744
16992
16912
16904
17024
17264
17232
17136
17328
17616
17656
17552
17736
17984
18152
18000
18120
18312
18416
18320
18368
18400
18432
18112
17864
17744
17656
17328
17008
16888
16888
16688
16416
16376
16440
16344
16112
16104
16296
16256
15992
16024
16168
16176
15992
16064
16128
16168
16088
16000
16088
16224
16072
15984
16016
16200
16128
15912
16040
16216
16144
15992
16024
16200
16208
16016
15984
16152
16176
16024
16008
16136
16176
16080
16008
16032
16176
16064
15888
15992
16184
16040
15920
15952
16096
16072
15840
15920
16112
16032
15896
15936
16064
16088
15904
15896
15976
16104
15952
15856
15936
16104
15928
15880
15896
16120
16048
15896
15952
16264
16192
16056
16208
16416
16448
16272
16264
16280
16376
16128
16136
16248
16240
16040
15888
15912
16024
15920
15792
15816
16040
15888
15680
15776
15992
15984
15808
15848
15840
15728
15864
16736
17984
19208
20552
21856
22712
21368
18488
16416
15616
15728
15760
15736
15976
16184
16152
16008
16064
16248
16144
15936
16072
16232
16224
16048
16088
16224
16232
16152
16144
16256
16392
16240
16160
16312
16496
16392
16272
16344
16600
16480
16360
16504
16696
16680
16600
16688
16880
16896
16792
16872
17104
17232
17184
17248
17464
17688
17632
17640
17920
18120
18072
18024
18200
18416
18304
18160
18208
18272
18088
17624
17472
17448
17208
16800
16632
16664
16592
16320
16184
16272
16336
16104
16024
16128
16240
16096
15904
16072
16176
16096
15920
16000
16168
16080
15904
15896
16144
16160
15944
15976
16160
16128
16016
15920
16112
16176
16032
15952
16096
16168
16088
15928
16072
16200
16088
15928
16032
16216
16144
15936
15976
16184
16152
15928
15904
16152
16136
15984
15928
16112
16168
15992
15872
16032
16200
16072
15928
16024
16128
16040
15928
15992
16128
16048
15872
15912
16160
16144
15920
15952
16160
16160
15984
15872
16088
16112
15984
15888
16080
16176
16136
16048
16176
16368
16248
16136
16312
16592
16528
16192
16248
16392
16360
16120
16176
16344
16288
16016
15888
16032
16064
15960
15816
15952
16080
15920
15776
15912
16080
16040
15784
15816
15856
16088
16624
17640
19016
20448
21704
22576
21824
19040
16616
15712
15936
16032
15968
16016
16248
16376
16168
16032
16144
16280
16232
16040
16152
16368
16320
16096
16192
16384
16336
16184
16208
16456
16416
16352
16296
16480
16544
16480
16384
16544
16672
16608
16456
16640
16848
16792
16600
16768
17056
17016
16872
17024
17320
17392
17288
17384
17712
17792
17720
17784
18112
18264
18160
18160
18376
18536
18432
18184
18272
18312
18008
17592
17424
17440
17152
16736
16688
16752
16616
16248
16296
16392
16352
16168
16024
16248
16320
16104
16016
16168
16240
16056
15904
16112
16264
16104
15880
16064
16272
16144
15944
16048
16248
16192
15984
16032
16264
16200
16000
16008
16216
16232
16088
15992
16152
16216
16120
15952
16096
16248
16144
15920
16128
16240
16160
15936
16032
16184
16176
15952
15992
16176
16160
15984
15912
16152
16152
16024
15896
16096
16184
16056
15888
16064
16184
16048
15872
16016
16200
16128
15848
15968
16216
16096
15880
15904
16144
16112
15944
15896
16152
16152
16000
15880
16120
16176
16032
15856
16032
16152
16056
15904
16096
16280
16232
16016
16160
16448
16520
16352
16360
16448
16384
16216
16184
16384
16336
16200
15984
16136
16176
15976
15776
15968
16072
15912
15784
15864
16072
15976
15784
15936
16088
15984
15608
15856
16672
17584
18576
19912
21584
22528
21880
19184
17080
16024
15704
15672
15944
16192
16184
15952
16200
16376
16224
16032
16120
16352
16296
16016
16088
16320
16328
16216
16184
16384
16464
16288
16192
16448
16480
16384
16256
16504
16680
16600
16400
16552
16736
16672
16504
16760
16904
16904
16776
16896
17152
17136
17056
17120
17512
17512
17552
17568
17856
18008
18000
17920
18272
18440
18408
18240
18424
18536
18400
18024
17920
17960
17632
17304
17112
17112
16912
16640
16448
16584
16448
16288
16152
16264
16336
16152
16024
16168
16288
16096
15952
16096
16248
16168
15992
16096
16280
16176
16016
16008
16224
16144
16056
16040
16232
16184
16080
15976
16120
16264
16120
15904
16144
16192
16128
15984
16136
16256
16136
16000
16088
16224
16128
15992
15984
16216
16136
16000
16000
16184
16128
16016
15912
16136
16088
16040
15840
16080
16200
16024
15856
16016
16168
16096
15952
16016
16232
16104
15952
15896
16112
16048
15984
15896
16128
16080
15952
15832
16056
16104
16032
15864
16104
16264
16176
16008
16176
16376
16344
16256
16328
16456
16368
16168
16144
16392
16328
16120
16000
16184
16088
15872
15752
15976
16072
15904
15752
15888
16072
15952
15720
15912
16104
15944
15576
15704
16600
17496
18512
19952
21576
22456
21848
19304
17224
15944
15488
15480
15856
16064
16088
15888
16136
16272
16144
15960
16104
16296
16160
16064
16104
16344
16272
16104
16144
16408
16320
16176
16096
16416
16432
16336
16232
16496
16544
16480
16376
16608
16744
16632
16552
16680
16936
16864
16736
16808
17128
17136
17064
17168
17512
17512
17464
17488
17904
17968
18000
18016
18328
18448
18360
18184
18400
18504
18248
17984
17928
17944
17496
17072
16936
17040
16800
16528
16352
16560
16368
16160
16024
16232
16208
16104
15912
16152
16232
16040
15928
16040
16176
16072
15920
15992
16200
16072
15920
15976
16200
16144
15952
15968
16192
16112
16000
15912
16160
16200
16048
15952
16136
16208
16032
15952
16072
16248
16136
15928
15976
16232
16112
15944
15936
16224
16104
15984
15960
16184
16120
15968
15888
16168
16144
16008
15920
16056
16136
16000
15920
15968
16184
16024
15920
15936
16200
15952
15896
15880
16176
16064
15920
15952
16296
16232
16192
16128
16368
16456
16432
16272
16392
16472
16312
16120
16168
16416
16208
16032
16008
16200
15992
15864
15816
16128
16000
15792
15864
16072
16032
15912
15880
16040
15992
15680
15896
16792
17976
19032
20456
21896
23016
21696
18872
16664
16008
15712
15784
15856
16256
16224
16136
16104
16352
16240
16112
16072
16288
16360
16176
16104
16288
16416
16240
16144
16256
16528
16360
16280
16296
16600
16408
16392
16392
16672
16616
16504
16528
16760
16768
16656
16624
16920
16960
16880
16896
17088
17304
17176
17240
17448
17744
17608
17640
17784
18136
18112
18072
18216
18472
18448
18352
18320
18512
18352
18104
17872
17792
17656
17264
16944
16952
16896
16656
16448
16464
16568
16304
16168
16184
16432
16232
16144
16176
16400
16208
16152
16112
16336
16216
16128
16080
16272
16288
16144
16088
16232
16320
16168
16128
16168
16408
16136
16128
16152
16352
16184
16128
16152
16400
16200
16112
16120
16312
16304
16120
16176
16336
16288
16136
16144
16248
16344
16144
16096
16184
16352
16120
16072
16120
16336
16160
16096
16112
16344
16248
16048
16088
16248
16240
16056
16072
16216
16312
16032
16048
16160
16336
16032
16024
16128
16320
16104
16032
16104
16360
16264
16152
16312
16496
16464
16288
16440
16648
16704
16344
16432
16520
16536
16240
16304
16424
16456
16144
16056
16136
16264
16056
15912
16016
16256
16136
15920
16072
16296
16216
15912
15896
16000
16352
16872
18056
19344
20904
22000
22712
21560
18816
16536
15824
16024
16232
16200
16032
16296
16504
16376
16168
16240
16432
16448
16144
16272
16496
16472
16248
16272
16528
16568
16360
16336
16552
16624
16472
16376
16592
16736
16624
16480
16672
16888
16784
16592
16784
16992
16968
16776
16936
17192
17232
17064
17152
17408
17600
17464
17536
17800
18072
17984
17944
18208
18480
18456
18224
18544
18776
18704
18328
18392
18464
18184
17704
17624
17568
17376
16960
16808
16912
16864
16536
16344
16520
16616
16408
16144
16368
16544
16424
16080
16312
16560
16440
16104
16288
16512
16456
16160
16152
16496
16432
16248
16128
16472
16448
16304
16064
16432
16496
16352
16104
16360
16560
16408
16168
16192
16664
16480
16184
16088
16584
16488
16256
16112
16576
16520
16304
16112
16392
16512
16320
16080
16336
16552
16336
16064
16120
16512
16336
16128
16064
16528
16384
16144
16032
16480
16440
16168
16120
16456
16464
16208
16064
16376
16440
16232
16176
16312
16424
16296
16128
16272
16424
16328
16168
16224
16408
16328
16176
16312
16480
16472
16392
16416
16680
16720
16680
16512
16624
16656
16536
16352
16496
16560
16440
16248
16200
16384
16200
16080
16144
16344
16216
16096
16064
16280
16256
16112
16104
16208
16128
15912
16400
17376
18472
19592
21120
22424
22872
20664
17880
16400
16152
16168
16008
16216
16512
16496
16272
16240
16504
16472
16256
16216
16488
16488
16352
16224
16488
16624
16472
16336
16488
16704
16560
16344
16528
16800
16704
16504
16576
16880
16800
16616
16680
16944
16960
16744
16832
17016
17208
17008
17040
17288
17512
17400
17376
17648
17872
17832
17760
18000
18384
18384
18152
18344
18696
18632
18424
18528
18712
18576
18184
18016
17960
17768
17336
17144
17096
17088
16752
16536
16592
16672
16440
16224
16320
16480
16376
16144
16256
16448
16328
16136
16200
16416
16376
16176
16128
16344
16440
16176
16120
16384
16432
16280
16144
16336
16440
16320
16120
16288
16528
16344
16120
16208
16448
16400
16160
16200
16472
16448
16192
16144
16320
16336
16200
16088
16344
16424
16256
16016
16248
16384
16208
15984
16224
16424
16288
15992
16136
16368
16240
15976
16128
16352
16312
16024
16008
16264
16304
16096
16032
16264
16368
16136
16000
16200
16312
16160
16032
16160
16344
16200
15976
16072
16288
16192
16016
16072
16312
16320
16088
16048
16224
16264
16032
15992
16208
16336
16208
16136
16312
16496
16360
16240
16472
16720
16576
16288
16352
16528
16400
16176
16272
16360
16288
16008
15960
16128
16176
15984
15952
16104
16160
15984
15896
16080
16192
16080
15800
15848
16032
16424
17008
18144
19608
21072
22056
22488
20568
18024
16176
15632
15952
16080
15928
16072
16328
16424
16208
16032
16240
16352
16248
16064
16280
16440
16312
16112
16216
16512
16440
16232
16352
16544
16536
16304
16352
16544
16608
16440
16392
16616
16736
16584
16528
16712
16912
16832
16672
16888
17096
17088
16912
17096
17400
17432
17288
17496
17792
17872
17744
17888
18176
18296
18240
18240
18440
18624
18456
18312
18368
18376
17992
17552
17496
17472
17088
16728
16680
16760
16640
16248
16296
16400
16352
16072
16080
16288
16304
16096
15992
16152
16264
16064
15928
16056
16240
16120
15952
16064
16224
16120
15928
16008
16232
16216
15960
16064
16208
16176
15992
15960
16144
16264
16040
16032
16168
16248
16032
15936
16040
16208
16096
15856
16032
16240
16096
15856
15952
16224
16144
15872
15952
16112
16144
15880
15928
16064
16168
15952
15864
16048
16160
16040
15856
16008
16192
16056
15784
15976
16128
16088
15808
15912
16208
16144
15808
15936
16160
16144
15864
15904
16032
16144
15920
15952
16160
16256
16168
16080
16240
16528
16456
16240
16272
16440
16304
16040
16184
16392
16256
15992
15976
16112
16048
15800
15808
15976
16008
15880
15792
15960
16056
15920
15752
15960
16024
15728
15616
16392
17424
18512
19544
21208
22336
22360
19632
17232
15952
15760
15696
15752
15896
16240
16072
16016
16064
16344
16152
15976
16088
16336
16216
15976
16088
16392
16336
16056
16200
16432
16456
16160
16216
16392
16504
16296
16320
16496
16648
16456
16352
16504
16784
16600
16576
16600
16976
16912
16712
16832
17240
17216
17088
17232
17592
17680
17488
17640
17880
18176
17992
18064
18208
18536
18336
18256
18344
18552
18272
17904
17776
17840
17416
17016
16848
17024
16760
16376
16336
16464
16384
16048
16008
16208
16264
15984
15912
16072
16296
16024
15952
15952
16312
16080
15904
15896
16280
16096
15880
15912
16256
16200
15904
15936
16224
16224
15904
15912
16160
16256
15992
15904
16016
16280
16032
15944
16000
16312
16112
15920
15960
16296
16112
15872
15888
16240
16152
15920
15872
16168
16144
15888
15824
16080
16184
15928
15872
16016
16160
15992
15768
15928
16160
15960
15808
15904
16208
16056
15800
15872
16248
16064
15848
15808
16136
16128
15832
15776
16096
16160
15864
15800
16008
16112
15928
15824
15904
16224
16088
15936
16072
16408
16272
16104
16168
16600
16440
16176
16144
16424
16368
16040
16048
16296
16248
15944
15800
16000
16064
15864
15744
15888
16128
15920
15728
15808
16152
15968
15728
15696
15936
16144
16560
17616
19112
20496
21616
22352
21504
18712
16496
15544
15784
15984
15864
15840
16144
16360
16192
15976
16056
16328
16168
15944
16040
16384
16240
16016
16008
16416
16368
16120
16112
16432
16448
16232
16200
16472
16544
16320
16232
16480
16688
16496
16368
16496
16856
16712
16592
16696
17040
16992
16816
16856
17312
17312
17168
17264
17720
17816
17656
17696
18088
18280
18152
18072
18392
18560
18392
18224
18280
18368
18008
17600
17400
17512
17168
16744
16544
16824
16640
16296
16136
16448
16384
16080
15992
16224
16296
16088
15952
16128
16296
16088
15872
16016
16240
16064
15864
15936
16272
16176
15904
15888
16224
16168
15944
15904
16240
16232
16000
15904
16192
16216
16040
15872
16080
16296
16040
15920
16072
16264
16088
15896
15944
16224
16096
15880
15888
16184
16136
15912
15872
16192
16208
15944
15872
16120
16176
16024
15888
16080
16200
16072
15856
15976
16232
16048
15824
15864
16208
16048
15832
15864
16192
16120
15896
15816
16168
16152
15920
15896
16152
16256
16032
15872
16032
16200
16016
15960
16104
16384
16264
16032
16208
16592
16528
16288
16240
16528
16480
16200
16056
16400
16376
16088
15904
16184
16112
15912
15720
15944
16120
15960
15720
15888
16184
16008
15816
15848
16120
15840
15768
16440
17776
18736
19968
21368
22608
22072
19208
16872
16048
15880
15816
15808
16072
16280
16184
16024
16168
16400
16256
16000
16136
16392
16312
16056
16104
16432
16424
16216
16200
16464
16464
16304
16192
16448
16552
16448
16336
16592
16744
16592
16488
16632
16864
16776
16568
16736
17064
17016
16792
16912
17280
17288
17216
17240
17656
17784
17680
17688
18064
18200
18160
18104
18368
18624
18552
18352
18448
18656
18376
17968
17864
17912
17552
17136
16904
17112
16896
16496
16376
16600
16520
16232
16112
16328
16448
16216
16040
16240
16352
16176
15984
16120
16344
16208
15976
16040
16344
16272
16016
16040
16320
16288
16032
15984
16288
16280
16104
16008
16216
16328
16152
16016
16216
16360
16248
16000
16184
16368
16192
16032
16040
16296
16256
16008
15952
16312
16248
16024
15968
16224
16296
16008
15912
16168
16280
16080
15968
16136
16304
16168
15960
16072
16280
16152
15936
16008
16312
16192
15952
15936
16248
16200
15952
15880
16208
16216
15992
15928
16184
16336
16136
16048
16272
16456
16392
16280
16464
16616
16424
16144
16152
16456
16416
16104
16112
16256
16160
15888
15808
16056
16088
15896
15824
16016
16072
15888
15792
15976
16128
15904
15568
15792
16576
17328
18256
19704
21472
22368
22144
19704
17552
16152
15520
15608
16064
16144
16080
15984
16272
16368
16200
16024
16168
16336
16208
16056
16192
16416
16320
16088
16192
16496
16496
16224
16256
16520
16568
16320
16352
16608
16664
16440
16384
16672
16752
16680
16600
16792
16976
16944
16776
16920
17240
17168
17008
17152
17576
17592
17408
17504
17976
18000
17896
17952
18336
18488
18344
18304
18504
18608
18368
18096
18120
18072
17664
17216
17144
17184
16928
16560
16472
16656
16528
16176
16088
16384
16336
16088
16040
16264
16344
16048
16024
16104
16296
16144
15960
16144
16288
16112
15952
16016
16296
16176
15904
16016
16272
16216
15904
15952
16248
16216
15976
15976
16232
16304
16024
15944
16096
16240
16088
15952
16096
16248
16080
15856
15968
16224
16088
15896
15984
16248
16128
15848
15856
16072
16096
15904
15872
16104
16136
15896
15808
16024
16144
16008
15800
15976
16160
15976
15792
15920
16160
16048
15768
15864
16152
16096
15872
15960
16272
16312
16064
16128
16440
16544
16160
16144
16296
16408
16192
16024
16168
16248
16064
15728
15808
16056
15912
15728
15776
15976
15936
15688
15688
15960
15992
15728
15552
15680
16088
16648
17672
19240
20840
21992
22360
21048
18600
16504
15392
15424
15824
15840
15752
15872
16224
16152
15928
15864
16176
16208
15944
15936
16184
16232
16040
15952
16144
16352
16216
16008
16168
16424
16272
16024
16200
16528
16432
16184
16232
16544
16512
16240
16360
16712
16736
16568
16568
16808
16944
16816
16776
17112
17320
17232
17216
17456
17768
17712
17576
17816
18152
18112
17976
18072
18384
18352
18032
17920
18080
17856
17400
17128
17112
16984
16608
16336
16424
16488
16160
15984
16056
16184
16032
15768
15872
16112
15992
15728
15728
16056
16048
15720
15664
16016
16056
15808
15736
15952
16112
15864
15736
15992
16096
15912
15776
15864
16032
15984
15704
15824
16080
15976
15736
15784
16064
15984
15728
15760
16016
16024
15784
15744
15936
16040
15848
15728
15888
16064
15864
15664
15816
16048
15888
15648
15792
16064
15952
15672
15728
15992
15968
15712
15688
15936
15944
15680
15696
15928
16072
15896
15808
16016
16240
16160
15952
16168
16488
16272
16032
16048
16296
16200
15888
15944
16176
16096
15728
15712
15936
15944
15696
15616
15864
15952
15728
15648
15808
15984
15760
15552
15504
15872
16424
17112
18440
20048
21504
22288
22016
19752
17208
15672
15384
15840
15896
15768
15808
16096
16232
15952
15832
16008
16192
16000
15800
15984
16288
16104
15872
15976
16296
16208
15920
16016
16320
16328
16072
16096
16352
16392
16208
16160
16432
16520
16432
16320
16536
16720
16632
16480
16632
16936
16936
16696
16888
17224
17248
17104
17232
17624
17680
17552
17688
18000
18144
17968
17936
18264
18400
18176
17960
17992
17976
17624
17160
17112
17112
16848
16424
16376
16496
16352
16008
16024
16232
16200
15920
15832
16104
16112
15896
15760
16016
16072
15936
15808
15936
16128
15952
15704
15920
16200
16000
15776
15824
16112
16032
15800
15816
16080
16040
15816
15776
16040
16056
15840
15808
16032
16056
15936
15744
15976
16040
16016
15760
15872
16056
15960
15736
15784
16024
16024
15752
15752
16032
15984
15808
15736
15952
15960
15784
15736
15944
15984
15848
15712
15880
15960
15912
15744
15792
16008
15952
15704
15792
15952
15952
15712
15680
16008
15976
15768
15728
15968
16024
15792
15680
15888
16000
15928
15792
15976
16168
16120
15984
16128
16408
16320
15984
16032
16248
16216
15944
15976
16136
16040
15736
15656
15848
15928
15640
15568
15752
15880
15712
15520
15736
15896
15776
15520
15504
15792
16152
16704
17912
19480
20936
21848
22208
20320
17680
15880
15400
15752
15816
15736
15824
16032
16104
15888
15720
15880
16064
15904
15720
15832
16128
16000
15792
15856
16168
16136
15896
15960
16224
16224
15960
16016
16232
16280
16152
16056
16240
16432
16288
16160
16384
16560
16552
16360
16536
16792
16808
16600
16736
17120
17096
16976
17112
17512
17568
17392
17504
17856
18024
17920
17832
18104
18320
18120
17888
17960
18056
17680
17264
17184
17176
16864
16432
16328
16488
16280
15944
15920
16104
16096
15792
15744
15928
15960
15776
15632
15840
15888
15776
15592
15776
15928
15848
15624
15712
15920
15848
15584
15744
15976
15928
15672
15656
15968
15936
15688
15632
15880
15976
15760
15632
15808
15944
15808
15616
15800
15992
15800
15568
15736
15952
15824
15552
15600
15952
15856
15640
15552
15896
15848
15648
15528
15808
15872
15632
15528
15704
15848
15728
15488
15648
15896
15720
15512
15592
15840
15784
15528
15616
15840
15784
15528
15592
15800
15816
15600
15504
15760
15800
15656
15496
15696
15856
15664
15520
15688
15872
15704
15504
15584
15792
15696
15464
15576
15928
15896
15712
15752
16008
16080
15952
15968
16208
16168
15952
15752
15944
16088
15880
15696
15768
15920
15752
15472
15584
15744
15680
15424
15512
15752
15712
15472
15480
15752
15736
15384
15232
15832
16616
17360
18400
20080
21568
22264
20976
18408
16512
15480
15216
15488
15776
15880
15640
15776
15976
15952
15680
15752
15952
15976
15776
15656
15936
16016
15784
15712
15976
16080
15976
15800
16016
16216
16120
15848
16080
16240
16176
15992
16144
16400
16360
16144
16208
16504
16544
16440
16456
16720
16832
16744
16632
16984
17152
17112
17056
17384
17688
17624
17464
17688
18080
18104
17888
18008
18304
18216
17920
17824
17880
17720
17216
16928
16992
16872
16504
16224
16296
16392
16112
15856
15912
16064
15976
15712
15736
15984
15896
15688
15696
15960
15896
15672
15600
15904
15944
15744
15632
15864
15944
15704
15632
15736
15960
15832
15688
15776
15904
15888
15648
15784
15952
15960
15736
15720
15928
15968
15712
15672
15896
15960
15744
15632
15816
15920
15720
15608
15712
15920
15848
15608
15728
15880
15808
15592
15664
15880
15904
15624
15632
15840
15864
15624
15576
15824
15920
15688
15576
15784
15904
15704
15592
15736
15904
15792
15568
15696
15904
15816
15576
15656
15872
15824
15608
15624
15888
15824
15568
15528
15776
15872
15720
15664
15912
16024
15888
15832
16088
16320
16168
15976
16032
16248
16056
15840
15888
16128
16016
15688
15640
15872
15784
15536
15520
15776
15816
15584
15504
15696
15816
15640
15544
15632
15656
15600
15936
16904
18184
19352
20792
21976
22256
19832
17136
15664
15472
15664
15440
15616
15912
16024
15880
15824
15896
16064
15856
15752
15920
16048
15976
15752
15904
16160
16016
15824
15936
16200
16136
15960
15960
16296
16304
16080
16096
16392
16384
16224
16176
16464
16584
16440
16344
16568
16720
16648
16552
16792
17064
17048
16952
17112
17440
17424
17368
17464
17840
17944
17832
17872
18160
18280
18112
18040
18176
18248
17880
17592
17504
17416
17040
16680
16576
16664
16384
16136
16128
16256
16120
15784
15832
16056
16008
15800
15760
15976
15952
15768
15672
15872
15944
15824
15712
15848
15960
15824
15672
15768
15984
15920
15696
15792
16008
15992
15696
15728
15976
15968
15736
15696
15944
15936
15768
15696
15912
15984
15800
15712
15824
15968
15856
15640
15736
16008
15896
15680
15760
15992
15904
15640
15656
15920
15976
15736
15736
15888
15960
15672
15664
15880
15968
15760
15640
15800
15952
15824
15608
15736
15952
15952
15728
15856
16128
16080
15856
15976
16328
16328
16016
15968
16200
16224
15960
15864
16048
16032
15816
15680
15784
15840
15680
15608
15728
15864
15752
15560
15648
15888
15792
15544
15448
15560
16008
16584
17752
19328
20960
21856
22216
20472
18032
16048
15224
15288
15672
15696
15640
15864
16056
15984
15776
15792
16088
16024
15760
15816
16072
16064
15904
15848
16080
16208
16024
15912
16144
16296
16152
15992
16224
16384
16304
16128
16304
16504
16432
16240
16344
16608
16608
16488
16552
16832
16904
16720
16784
17096
17216
17136
17168
17416
17656
17624
17632
17888
18088
18040
18024
18128
18368
18232
17976
17944
18008
17688
17296
17056
17072
16872
16464
16304
16368
16400
16104
15968
16128
16144
15968
15792
15912
16072
15896
15768
15840
16032
15952
15744
15816
16008
15992
15816
15784
15976
15992
15752
15800
15960
16032
15896
15816
15968
16096
15880
15800
15944
16072
15960
15784
15808
16064
15984
15728
15840
15976
15944
15784
15760
15992
15984
15752
15720
15944
15984
15824
15736
15880
16008
15840
15696
15832
15984
15872
15712
15808
15936
15912
15680
15744
16056
16072
15896
15888
16160
16224
16016
16040
16288
16360
16136
15984
16096
16192
16016
15880
16008
16048
15880
15648
15736
15864
15760
15600
15616
15848
15840
15632
15584
15816
15808
15504
15272
15736
16528
17392
18568
20248
21864
22680
21768
19104
16736
15632
15432
15648
15896
15888
15816
15880
16048
16064
15760
15744
15968
16024
15816
15816
16048
16072
15968
15872
16032
16136
16072
15912
16024
16256
16160
16032
16128
16336
16232
16152
16160
16464
16424
16272
16312
16568
16672
16472
16520
16800
16928
16792
16776
17048
17192
17200
17192
17440
17712
17704
17640
17864
18128
18080
18008
18080
18336
18192
17912
17760
17768
17616
17152
16984
16928
16848
16536
16304
16344
16368
16168
16048
16064
16176
16064
15888
15896
16072
15976
15824
15864
16072
16048
15808
15832
16040
16016
15832
15816
16048
16096
15952
15888
16032
16112
16000
15856
15960
16096
16032
15840
15872
16088
16056
15824
15896
16080
16032
15832
15776
16032
16024
15904
15816
16056
16048
15848
15784
15944
16080
15920
15792
15872
16008
15896
15760
15808
16000
15880
15736
15736
15976
15912
15792
15800
16032
16128
16032
15968
16128
16264
16136
16072
16096
16208
16072
15880
16072
16160
15904
15720
15760
15888
15736
15544
15592
15776
15800
15592
15600
15776
15784
15592
15544
15680
15536
15512
16040
17272
18632
20024
21400
22432
21992
19336
16696
15568
15464
15512
15416
15528
15864
15920
15728
15744
15952
15960
15728
15656
15808
15976
15832
15808
15920
16000
15888
15792
15944
16056
15984
15856
15976
16144
16136
15992
16008
16224
16232
16080
16112
16344
16408
16256
16240
16376
16568
16488
16480
16784
16920
16824
16808
17048
17232
17272
17224
17432
17600
17784
17616
17688
18000
18048
17792
17736
17824
17712
17288
17016
16984
16864
16496
16288
16272
16272
16056
15800
15864
16000
15816
15584
15576
15824
15696
15576
15576
15768
15800
15584
15512
15776
15736
15536
15464
15600
15696
15592
15600
15632
15744
15664
15544
15640
15848
15704
15640
15552
15680
15648
15480
15560
15720
15720
15552
15496
15776
15792
15648
15584
15720
15680
15552
15496
15576
15800
15576
15488
15528
15688
15640
15512
15528
15736
15680
15464
15536
15784
15896
15768
15704
15888
15968
15880
15832
16016
16008
15792
15568
15744