-26
-25
-23
-25
-31
-25
-19
-20
-27
-26
-20
-20
-26
-24
-16
-16
-21
-20
-10
-5
-8
-10
-4
-1
0
2
6
13
12
14
23
26
29
30
42
53
61
63
74
91
99
108
123
139
159
164
175
197
210
211
218
234
244
246
251
252
259
255
242
230
217
200
172
150
131
107
85
68
54
40
24
9
7
-3
-8
-14
-18
-21
-30
-26
-25
-25
-29
-37
-35
-30
-30
-35
-31
-29
-27
-29
-30
-31
-28
-30
-31
-27
-26
-31
-30
-21
-24
-27
-26
-24
-22
-27
-32
-31
-26
-29
-33
-37
-28
-29
-31
-35
-32
-30
-32
-38
-33
-33
-36
-41
-35
-37
-40
-43
-44
-39
-39
-43
-40
-37
-39
-46
-40
-41
-44
-39
-37
-42
-43
-42
-44
-44
-44
-43
-46
-46
-43
-44
-47
-45
-41
-46
-49
-44
-44
-43
-43
-45
-44
-43
-49
-44
-42
-42
-49
-46
-44
-48
-45
-49
-49
-41
-40
-52
-51
-47
-46
-46
-52
-47
-43
-46
-49
-43
-45
-44
-37
-30
-25
-23
-17
-10
-1
7
6
8
8
15
17
19
15
-5
-22
-20
-14
-17
-19
-20
-25
-34
-42
-48
-50
-49
-53
-56
-54
-52
-53
-58
-49
-46
-52
-59
-79
-129
-159
-153
-127
-16
188
425
615
610
497
370
218
149
121
90
45
17
8
-5
-18
-25
-31
-32
-37
-37
-36
-32
-33
-34
-31
-32
-35
-31
-25
-28
-31
-29
-23
-20
-25
-25
-18
-13
-13
-13
-6
-2
-1
-2
5
14
12
13
21
30
35
34
39
53
62
66
74
90
102
109
119
135
152
162
173
187
205
214
219
235
248
255
259
259
264
261
248
236
225
207
181
156
139
118
93
69
54
42
24
11
1
-4
-12
-19
-20
-20
-25
-31
-31
-24
-23
-34
-32
-28
-29
-31
-32
-25
-23
-28
-35
-25
-21
-24
-29
-26
-20
-21
-27
-26
-21
-22
-24
-22
-18
-17
-24
-26
-24
-23
-26
-26
-23
-24
-28
-27
-25
-23
-26
-30
-29
-27
-32
-36
-33
-28
-31
-36
-39
-33
-32
-39
-37
-32
-31
-36
-33
-29
-29
-32
-36
-31
-27
-32
-35
-28
-26
-29
-31
-31
-29
-30
-34
-34
-29
-29
-30
-31
-27
-26
-30
-32
-32
-31
-38
-39
-33
-27
-26
-30
-30
-30
-32
-33
-32
-31
-36
-36
-34
-26
-29
-32
-32
-24
-15
-14
-11
-6
0
1
9
22
26
21
19
31
36
30
15
3
-1
-3
-6
-3
5
5
-9
-20
-19
-25
-34
-35
-35
-32
-40
-40
-35
-31
-31
-33
-29
-32
-56
-114
-148
-151
-134
-58
110
318
517
555
458
374
248
180
153
123
77
37
19
9
7
-1
-12
-12
-12
-13
-20
-19
-11
-10
-18
-15
-8
-5
-10
-14
-5
-4
-7
-9
-2
0
0
0
4
8
8
6
10
18
20
18
23
30
35
33
41
51
57
62
67
78
87
96
105
119
133
138
149
167
184
191
199
217
229
236
240
246
255
256
250
250
249
240
217
198
184
166
141
116
100
83
66
49
40
29
17
9
3
3
-2
-10
-10
-6
-12
-13
-12
-10
-8
-13
-15
-10
-9
-13
-15
-11
-8
-10
-13
-8
-10
-14
-17
-15
-6
-8
-12
-7
-4
-5
-12
-13
-9
-9
-13
-16
-12
-9
-12
-16
-13
-13
-20
-18
-15
-14
-15
-20
-20
-16
-17
-24
-23
-18
-21
-25
-25
-24
-20
-25
-24
-20
-16
-21
-22
-22
-20
-23
-27
-24
-21
-23
-25
-25
-17
-21
-21
-22
-20
-20
-22
-23
-19
-19
-23
-24
-19
-17
-24
-25
-19
-18
-17
-23
-21
-17
-19
-25
-22
-17
-19
-26
-27
-22
-22
-22
-24
-17
-18
-22
-23
-18
-13
-11
-6
4
12
8
9
14
26
33
26
30
39
44
40
34
27
14
0
0
4
7
4
-6
-7
-7
-20
-25
-21
-24
-27
-26
-24
-22
-25
-34
-31
-25
-26
-44
-85
-121
-129
-126
-93
37
241
443
558
487
404
301
204
165
141
98
55
30
26
11
-1
-3
-4
-5
-8
-8
-12
-13
-15
-18
-13
-10
-11
-11
-3
-1
-6
-9
-2
5
-4
2
7
8
2
3
16
24
21
14
21
30
35
31
36
48
54
51
55
71
83
87
91
109
123
134
139
154
173
184
195
206
223
236
245
252
264
269
267
267
266
263
251
237
224
207
182
156
137
116
93
73
60
48
33
18
13
9
0
-10
-14
-13
-9
-16
-21
-16
-15
-20
-20
-15
-13
-18
-20
-16
-11
-14
-18
-18
-14
-14
-19
-20
-14
-14
-18
-14
-12
-12
-17
-14
-17
-14
-15
-14
-14
-14
-19
-26
-21
-18
-20
-19
-21
-22
-24
-28
-28
-24
-23
-27
-26
-20
-27
-32
-32
-30
-27
-35
-34
-26
-23
-30
-33
-28
-29
-29
-36
-33
-28
-31
-34
-33
-26
-32
-40
-36
-28
-29
-29
-38
-31
-28
-31
-37
-32
-29
-31
-37
-32
-30
-32
-32
-29
-33
-36
-39
-35
-34
-31
-33
-37
-31
-33
-34
-31
-22
-15
-10
-11
-6
1
5
11
18
19
19
24
33
31
18
-3
-5
-3
-5
-9
-7
-1
-12
-24
-26
-29
-32
-37
-46
-37
-29
-39
-39
-36
-37
-40
-43
-45
-69
-120
-147
-135
-98
21
231
476
645
594
483
353
206
143
117
86
51
29
14
-1
-7
-10
-18
-25
-26
-20
-21
-28
-25
-15
-17
-20
-21
-17
-14
-17
-23
-12
-7
-8
-13
-4
-4
-7
-8
-2
6
7
7
8
13
18
23
27
36
41
42
50
60
69
72
85
99
112
122
130
142
157
173
186
204
220
229
240
254
267
277
274
277
284
283
271
264
256
244
219
195
171
147
118
92
78
65
49
32
22
15
7
-2
-11
-8
-8
-13
-16
-15
-12
-18
-21
-18
-8
-14
-19
-14
-5
-9
-19
-16
-11
-12
-12
-7
-7
-8
-13
-10
-4
-7
-10
-17
-11
-12
-11
-9
-8
-8
-12
-14
-14
-7
-12
-16
-12
-10
-13
-19
-14
-10
-13
-18
-11
-10
-10
-18
-17
-12
-13
-16
-18
-12
-12
-17
-19
-14
-15
-15
-20
-19
-13
-16
-20
-14
-13
-15
-17
-17
-15
-15
-19
-19
-10
-14
-17
-18
-14
-13
-14
-17
-12
-7
-14
-16
-17
-14
-16
-18
-14
-10
-11
-18
-17
-16
-14
-18
-17
-10
-8
-15
-14
-1
12
16
17
21
26
29
36
38
40
40
47
52
51
36
19
13
14
16
11
17
17
6
-3
-10
-9
-13
-14
-14
-11
-10
-11
-14
-13
-9
-13
-18
-25
-55
-113
-139
-132
-95
26
218
435
618
587
478
361
236
194
167
126
83
50
34
22
16
14
9
1
0
4
0
-3
-5
5
7
1
1
4
11
8
4
5
10
8
10
18
20
18
18
20
26
27
26
32
38
38
38
43
51
54
56
64
77
85
87
96
111
121
127
136
154
171
183
192
208
224
236
245
255
267
275
273
277
286
291
280
269
257
241
217
196
178
158
134
111
96
81
63
48
43
36
27
19
18
21
13
7
9
12
11
7
5
8
11
4
4
7
8
3
4
9
13
10
6
11
14
12
9
12
17
14
10
8
13
15
10
9
16
15
12
9
10
12
9
7
5
12
11
6
6
11
7
3
3
5
2
2
4
4
4
1
2
5
4
2
-2
1
7
4
3
6
7
3
0
3
8
7
1
3
6
4
-6
-5
0
-1
-4
0
8
8
4
-1
2
3
-1
-3
-3
4
4
0
0
4
1
-5
-2
-3
0
0
3
6
6
2
2
9
16
22
24
29
33
34
41
47
51
46
49
61
65
54
35
28
29
24
16
23
29
25
9
5
3
0
-7
-9
-5
-6
-7
-10
-5
-2
-3
-10
-10
-17
-62
-114
-125
-110
-63
64
257
461
576
500
420
314
232
193
163
123
79
51
37
29
23
16
10
10
12
8
4
7
13
14
9
10
14
17
9
9
14
19
14
12
17
23
21
18
23
28
32
30
32
38
43
41
45
54
56
55
58
73
81
81
87
103
113
120
127
144
158
168
177
192
204
221
225
240
254
257
264
271
278
274
268
264
259
245
222
199
183
163
138
118
96
86
65
52
46
42
31
16
15
14
10
3
1
1
2
-1
-5
-2
2
-3
-5
-2
4
-1
-5
-1
7
2
-3
-1
1
1
-2
-2
4
2
-2
1
6
6
-1
-1
3
0
-2
-1
1
0
-3
-8
-5
-2
-7
-9
-3
-3
-7
-13
-14
-13
-13
-21
-15
-5
-9
-14
-16
-11
-9
-17
-19
-18
-16
-16
-18
-18
-17
-19
-23
-23
-12
-11
-19
-20
-19
-17
-21
-17
-17
-17
-24
-23
-19
-17
-20
-21
-20
-22
-21
-22
-19
-17
-20
-25
-20
-16
-20
-26
-26
-21
-21
-23
-19
-19
-14
-11
-4
3
8
6
5
19
25
23
23
31
41
42
36
23
17
9
0
1
10
8
-2
-12
-16
-19
-29
-29
-28
-23
-29
-36
-37
-31
-30
-33
-29
-35
-39
-66
-116
-135
-123
-106
-2
201
430
590
551
456
344
205
148
122
102
54
28
19
10
-4
-14
-11
-14
-17
-24
-17
-15
-17
-21
-19
-16
-11
-12
-15
-7
-2
-7
-11
-6
-2
-2
-7
-8
-1
-3
1
9
8
11
14
17
22
33
29
27
40
47
50
63
74
75
86
99
115
127
135
147
164
183
194
202
220
236
247
252
266
273
271
271
273
270
256
242
224
204
183
156
130
111
87
64
47
41
28
7
-1
-9
-8
-11
-19
-23
-23
-22
-26
-28
-27
-26
-30
-32
-29
-27
-27
-29
-27
-24
-26
-28
-25
-21
-20
-24
-23
-19
-23
-27
-27
-22
-21
-23
-20
-20
-22
-27
-25
-20
-20
-26
-32
-27
-25
-29
-35
-28
-27
-31
-34
-31
-28
-30
-37
-36
-31
-30
-37
-36
-31
-31
-34
-32
-34
-35
-36
-37
-34
-38
-42
-41
-37
-36
-41
-45
-41
-36
-38
-41
-39
-35
-37
-40
-41
-37
-39
-44
-41
-37
-35
-39
-39
-37
-34
-36
-44
-41
-37
-38
-38
-36
-33
-31
-37
-39
-38
-37
-37
-34
-27
-18
-11
-1
-1
-2
-1
4
12
16
14
24
32
31
23
1
-7
-7
-12
-13
-3
-2
-15
-21
-25
-30
-38
-44
-42
-39
-41
-49
-49
-44
-36
-37
-45
-43
-60
-113
-162
-161
-143
-67
108
332
557
625
514
406
269
183
145
118
74
35
12
0
-6
-8
-19
-21
-24
-28
-26
-30
-25
-25
-24
-27
-25
-20
-20
-23
-24
-21
-20
-18
-14
-8
-8
-11
-10
-6
-3
-4
-6
4
9
12
8
12
19
24
24
34
46
54
59
66
80
92
100
107
124
137
148
162
178
192
204
214
226
242
248
248
258
262
262
254
250
245
228
205
182
162
138
112
92
74
59
41
28
22
12
0
-9
-14
-15
-20
-25
-20
-19
-20
-26
-26
-24
-25
-31
-29
-22
-22
-25
-27
-21
-20
-25
-27
-19
-15
-17
-19
-17
-12
-14
-20
-16
-12
-15
-23
-18
-18
-17
-20
-19
-15
-15
-22
-22
-20
-22
-22
-22
-18
-21
-20
-24
-22
-22
-26
-28
-25
-25
-27
-26
-27
-23
-24
-34
-33
-27
-29
-35
-34
-29
-28
-30
-31
-25
-26
-29
-35
-31
-29
-32
-35
-34
-30
-29
-34
-33
-30
-32
-35
-36
-33
-28
-31
-37
-32
-29
-31
-33
-30
-31
-35
-34
-32
-28
-27
-33
-32
-28
-31
-35
-33
-30
-35
-35
-34
-28
-29
-30
-20
-9
-1
-6
-4
6
13
18
19
19
25
32
31
31
21
6
-2
-4
-2
-1
-2
-7
-11
-17
-24
-30
-34
-33
-37
-38
-39
-36
-34
-35
-36
-35
-35
-41
-63
-116
-155
-161
-145
-57
107
306
502
539
447
359
237
181
148
108
62
29
12
2
-8
-13
-16
-21
-28
-27
-23
-24
-27
-24
-19
-17
-22
-22
-14
-16
-22
-21
-15
-13
-15
-17
-11
-4
-4
-7
-1
4
5
4
7
11
17
16
21
27
34
37
41
52
56
61
67
82
92
97
108
128
143
152
160
177
199
204
210
218
232
237
237
241
241
238
227
214
207
189
168
144
124
104
81
62
48
39
24
11
1
0
-8
-15
-19
-21
-21
-24
-26
-26
-27
-30
-30
-25
-24
-25
-30
-24
-25
-27
-26
-23
-22
-27
-31
-24
-23
-28
-33
-29
-27
-27
-31
-28
-20
-20
-26
-27
-25
-21
-27
-31
-27
-24
-30
-36
-35
-32
-31
-33
-33
-31
-38
-40
-39
-34
-35
-42
-44
-42
-42
-41
-41
-39
-37
-39
-43
-43
-45
-47
-45
-42
-42
-42
-45
-46
-47
-49
-46
-45
-40
-42
-46
-47
-38
-39
-46
-46
-42
-41
-48
-48
-46
-43
-44
-48
-44
-41
-42
-48
-44
-38
-43
-43
-44
-41
-42
-44
-49
-47
-45
-47
-49
-49
-46
-46
-37
-30
-23
-22
-19
-14
-11
-6
3
6
4
7
11
17
12
-4
-13
-22
-24
-25
-24
-25
-27
-33
-44
-51
-51
-56
-59
-58
-54
-51
-57
-59
-54
-51
-56
-63
-73
-102
-148
-163
-153
-100
45
265
490
588
494
382
255
153
115
86
53
15
-1
-13
-28
-34
-36
-40
-47
-44
-44
-45
-46
-43
-37
-42
-48
-48
-42
-37
-41
-45
-39
-32
-36
-36
-32
-31
-35
-30
-27
-24
-21
-23
-17
-10
-8
-10
-4
4
11
10
15
29
38
45
51
66
79
86
94
106
122
139
155
166
182
191
200
215
227
231
234
242
246
242
235
220
209
195
171
145
122
98
77
55
37
22
3
-13
-19
-25
-33
-35
-38
-41
-44
-51
-53
-49
-49
-56
-54
-50
-51
-54
-55
-54
-52
-55
-58
-53
-51
-51
-54
-54
-50
-52
-53
-54
-48
-45
-52
-52
-46
-46
-50
-55
-50
-49
-54
-56
-51
-51
-53
-58
-57
-51
-53
-57
-59
-57
-63
-64
-62
-55
-60
-64
-64
-59
-59
-66
-67
-62
-56
-62
-65
-63
-62
-66
-71
-61
-59
-62
-67
-65
-57
-64
-69
-69
-62
-59
-66
-67
-63
-59
-61
-63
-61
-58
-61
-67
-64
-63
-66
-66
-62
-60
-62
-67
-65
-60
-60
-64
-66
-60
-60
-63
-64
-58
-58
-62
-66
-61
-52
-51
-47
-33
-30
-33
-32
-21
-9
-12
-16
-11
1
5
-2
-17
-29
-35
-37
-39
-32
-27
-37
-51
-53
-54
-64
-72
-68
-61
-61
-67
-67
-62
-63
-69
-64
-63
-69
-105
-161
-183
-178
-152
-42
160
379
563
543
444
333
194
140
117
86
33
-1
-10
-13
-24
-39
-40
-40
-43
-52
-52
-46
-42
-47
-50
-44
-40
-43
-48
-42
-38
-37
-38
-36
-33
-33
-35
-35
-29
-26
-29
-26
-19
-15
-18
-14
-7
-1
-3
0
9
19
26
30
42
50
61
67
78
93
102
109
123
143
163
169
183
201
207
211
221
232
237
228
222
223
220
210
188
173
156
129
100
81
64
42
16
4
2
-4
-18
-27
-29
-35
-41
-44
-47
-44
-47
-49
-45
-46
-49
-51
-49
-48
-50
-56
-53
-50
-50
-52
-48
-45
-47
-50
-46
-41
-45
-46
-49
-43
-41
-46
-44
-43
-41
-45
-46
-43
-41
-43
-50
-49
-44
-45
-51
-50
-44
-48
-52
-52
-47
-48
-53
-55
-49
-47
-49
-53
-51
-48
-53
-54
-52
-48
-50
-54
-53
-47
-49
-54
-51
-49
-49
-55
-55
-51
-51
-55
-52
-45
-47
-49
-53
-51
-49
-56
-54
-51
-49
-52
-53
-51
-49
-52
-55
-52
-45
-48
-56
-54
-47
-49
-54
-54
-49
-50
-55
-55
-49
-48
-53
-55
-54
-50
-48
-42
-32
-23
-18
-18
-15
-5
3
-1
-6
-3
10
11
9
3
-12
-22
-30
-25
-24
-25
-30
-37
-46
-53
-55
-56
-52
-54
-59
-58
-58
-55
-63
-61
-59
-62
-70
-89
-132
-167
-178
-172
-90
73
271
466
521
430
341
221
159
134
100
47
12
-2
-14
-29
-36
-36
-37
-44
-47
-46
-43
-44
-45
-38
-36
-37
-42
-40
-35
-37
-40
-34
-29
-32
-32
-29
-23
-23
-27
-22
-15
-14
-20
-13
-5
2
3
3
10
19
19
18
30
40
49
54
66
82
89
94
105
124
136
143
154
173
189
196
204
216
222
219
224
226
226
221
206
195
180
158
132
112
90
72
52
35
23
9
-6
-15
-15
-24
-33
-35
-34
-36
-43
-42
-41
-44
-45
-49
-44
-42
-46
-50
-48
-42
-43
-46
-45
-40
-40
-47
-46
-41
-40
-42
-42
-40
-40
-44
-44
-42
-37
-38
-43
-45
-45
-47
-49
-44
-41
-39
-47
-45
-44
-45
-53
-53
-44
-49
-49
-48
-46
-44
-48
-49
-47
-47
-54
-51
-47
-45
-48
-50
-47
-46
-48
-49
-47
-47
-50
-52
-58
-52
-52
-54
-57
-51
-47
-49
-56
-55
-49
-51
-57
-55
-50
-50
-54
-53
-50
-52
-53
-49
-51
-51
-57
-57
-51
-52
-55
-52
-48
-49
-49
-49
-37
-29
-31
-27
-19
-11
-11
-6
-4
-2
6
4
9
8
-9
-25
-32
-30
-27
-28
-29
-30
-36
-45
-55
-58
-60
-61
-62
-56
-56
-57
-66
-68
-57
-60
-66
-73
-99
-139
-165
-151
-118
-9
182
407
552
487
394
285
173
119
93
64
23
1
-10
-22
-29
-32
-38
-45
-44
-39
-40
-44
-45
-41
-37
-45
-46
-39
-36
-39
-43
-41
-34
-33
-36
-32
-27
-30
-34
-32
-26
-19
-20
-19
-11
-10
-6
-7
0
11
7
16
25
35
40
49
64
73
83
91
106
123
136
145
160
183
193
204
212
224
235
236
239
249
246
234
226
213
197
173
147
123
103
79
49
33
24
9
-10
-16
-21
-28
-40
-47
-41
-42
-48
-53
-49
-48
-52
-57
-54
-50
-54
-57
-52
-47
-51
-55
-50
-46
-47
-51
-53
-43
-42
-47
-47
-40
-41
-42
-45
-41
-44
-45
-47
-44
-40
-45
-48
-46
-44
-49
-54
-53
-53
-53
-55
-51
-49
-47
-50
-49
-45
-47
-52
-55
-50
-51
-58
-60
-57
-54
-56
-54
-52
-49
-52
-57
-58
-55
-59
-62
-56
-54
-54
-56
-56
-53
-53
-60
-62
-56
-56
-59
-67
-60
-56
-59
-59
-57
-54
-53
-57
-56
-52
-55
-60
-57
-52
-50
-55
-53
-49
-49
-57
-59
-49
-47
-40
-36
-27
-18
-19
-23
-16
-4
-2
-4
-4
7
13
7
2
-11
-20
-30
-32
-30
-19
-22
-35
-40
-40
-49
-60
-56
-52
-56
-60
-58
-54
-58
-61
-60
-58
-64
-83
-131
-168
-171
-162
-97
67
284
490
571
480
385
245
160
132
106
60
11
-6
-10
-20
-32
-37
-35
-41
-47
-48
-45
-42
-46
-44
-39
-37
-41
-47
-42
-36
-37
-38
-32
-30
-34
-33
-25
-21
-23
-26
-22
-15
-16
-15
-8
4
4
2
3
16
23
22
28
39
51
56
67
81
98
109
117
132
149
161
166
183
202
215
219
229
242
244
238
231
235
230
215
198
182
164
138
114
92
76
54
34
22
13
3
-11
-18
-20
-24
-33
-34
-33
-34
-43
-45
-40
-38
-40
-43
-39
-38
-41
-44
-45
-40
-45
-42
-39
-34
-39
-46
-40
-36
-36
-42
-40
-39
-36
-37
-40
-34
-32
-37
-40
-37
-34
-38
-44
-41
-37
-40
-47
-46
-39
-41
-45
-46
-42
-41
-51
-46
-45
-43
-47
-45
-41
-43
-46
-49
-45
-44
-46
-49
-45
-41
-44
-47
-44
-40
-45
-46
-48
-44
-47
-54
-47
-39
-39
-44
-45
-44
-42
-44
-51
-47
-44
-43
-47
-43
-41
-44
-50
-48
-49
-51
-56
-56
-49
-48
-50
-49
-47
-44
-49
-50
-48
-46
-51
-54
-48
-40
-33
-28
-18
-12
-11
-13
-5
4
4
-2
7
20
22
15
6
-4
-11
-20
-23
-17
-12
-16
-29
-32
-33
-38
-52
-48
-46
-49
-53
-53
-50
-52
-56
-56
-50
-57
-98
-151
-167
-161
-131
-17
178
390
540
486
399
298
191
147
121
83
37
5
-3
-9
-19
-27
-34
-30
-33
-40
-42
-39
-37
-40
-45
-37
-36
-38
-37
-36
-34
-36
-37
-27
-23
-21
-22
-20
-13
-12
-15
-15
-9
-1
0
-2
8
16
17
17
24
31
36
42
51
67
74
81
91
104
118
127
139
154
170
180
192
209
217
224
231
241
244
241
234
233
227
209
188
173
158
131
105
89
74
56
36
23
14
6
-10
-16
-17
-20
-26
-31
-28
-24
-28
-36
-33
-29
-34
-38
-38
-35
-33
-38
-36
-32
-31
-36
-38
-33
-31
-35
-34
-31
-31
-33
-33
-32
-30
-27
-29
-27
-26
-26
-28
-25
-24
-30
-36
-33
-27
-28
-33
-32
-29
-32
-35
-36
-33
-33
-40
-38
-28
-26
-35
-41
-35
-32
-38
-42
-38
-37
-39
-44
-42
-40
-37
-45
-48
-42
-40
-47
-50
-42
-43
-48
-49
-43
-43
-47
-49
-42
-40
-42
-45
-46
-43
-41
-46
-46
-42
-43
-43
-46
-41
-41
-42
-42
-39
-38
-46
-46
-39
-39
-44
-46
-40
-34
-36
-34
-20
-12
-10
-13
-7
6
10
5
4
17
23
20
10
-2
-10
-14
-14
-19
-12
-12
-23
-30
-35
-43
-53
-53
-49
-49
-52
-51
-51
-53
-56
-56
-47
-51
-76
-123
-152
-155
-140
-61
126
366
561
567
459
359
220
139
113
94
48
6
-6
-10
-19
-31
-32
-35
-38
-40
-45
-35
-33
-39
-42
-39
-35
-37
-41
-42
-35
-36
-42
-36
-33
-31
-32
-28
-27
-20
-18
-13
-13
-8
-11
-6
1
0
1
7
17
26
31
33
46
55
60
69
82
99
111
127
133
152
167
172
190
210
227
229
237
247
249
250
243
241
236
220
199
180
163
135
109
89
70
50
29
15
7
-3
-16
-25
-26
-26
-34
-42
-42
-41
-45
-49
-47
-42
-44
-49
-45
-40
-42
-48
-46
-40
-42
-41
-44
-38
-39
-40
-40
-36
-31
-37
-38
-34
-31
-37
-41
-35
-34
-38
-42
-38
-35
-36
-43
-46
-41
-40
-47
-50
-42
-41
-45
-47
-42
-40
-43
-47
-45
-44
-45
-49
-48
-45
-46
-49
-48
-47
-47
-53
-52
-52
-49
-52
-52
-49
-51
-53
-56
-49
-51
-55
-57
-50
-47
-55
-56
-52
-48
-51
-52
-46
-43
-47
-54
-49
-46
-46
-49
-53
-48
-52
-52
-53
-48
-46
-53
-55
-51
-47
-50
-54
-53
-46
-50
-53
-44
-33
-27
-26
-21
-13
-11
-9
-2
5
4
5
10
14
9
-1
-13
-11
-17
-25
-25
-20
-22
-37
-41
-43
-45
-51
-57
-57
-50
-54
-59
-56
-49
-52
-56
-62
-65
-96
-152
-184
-168
-133
-18
174
390
571
534
424
307
194
149
117
82
35
5
-9
-19
-22
-26
-38
-42
-40
-38
-42
-47
-39
-39
-41
-44
-42
-33
-36
-35
-35
-31
-32
-35
-31
-25
-25
-30
-26
-18
-20
-23
-20
-9
-4
-5
-8
2
8
13
12
21
34
38
41
51
67
77
81
92
113
128
136
148
163
178
186
198
211
224
226
227
236
241
235
224
219
207
191
171
148
130
104
76
58
45
28
7
-3
-4
-11
-24
-32
-31
-32
-39
-40
-40
-38
-43
-48
-45
-40
-43
-50
-47
-41
-37
-45
-47
-41
-40
-41
-44
-37
-34
-36
-39
-40
-34
-34
-36
-32
-29
-32
-36
-32
-32
-34
-37
-37
-33
-32
-41
-39
-36
-39
-40
-40
-38
-42
-42
-40
-37
-39
-46
-47
-46
-40
-44
-51
-45
-41
-45
-55
-48
-43
-46
-55
-52
-43
-44
-50
-52
-48
-45
-53
-54
-49
-45
-50
-55
-53
-46
-47
-51
-51
-45
-46
-49
-50
-48
-45
-51
-54
-47
-42
-47
-50
-44
-44
-48
-50
-45
-45
-50
-51
-48
-45
-48
-52
-48
-47
-51
-54
-50
-43
-44
-53
-49
-38
-32
-29
-23
-15
-10
-15
-10
2
6
2
7
16
23
15
-3
-15
-13
-22
-27
-21
-15
-21
-33
-44
-42
-41
-48
-53
-47
-45
-49
-53
-47
-47
-48
-55
-51
-59
-99
-156
-175
-164
-136
-25
171
389
547
495
407
310
200
147
120
85
42
9
-5
-10
-17
-26
-37
-37
-31
-35
-40
-38
-35
-39
-42
-44
-36
-34
-39
-38
-30
-26
-30
-31
-26
-23
-26
-24
-20
-13
-13
-14
-9
-2
-4
-6
-4
10
16
14
17
28
33
35
41
52
64
72
79
95
111
118
132
149
168
176
182
199
213
220
218
233
241
239
233
226
226
211
192
170
159
137
105
83
71
61
37
20
12
4
-7
-17
-19
-20
-24
-34
-30
-28
-31
-38
-34
-33
-37
-39
-37
-37
-38
-38
-36
-33
-30
-34
-37
-32
-27
-33
-37
-32
-26
-26
-32
-28
-26
-28
-34
-34
-27
-24
-30
-35
-30
-28
-35
-40
-35
-36
-43
-44
-43
-37
-39
-41
-41
-40
-45
-45
-44
-42
-42
-47
-49
-42
-42
-48
-48
-43
-42
-46
-49
-49
-40
-43
-48
-48
-41
-44
-51
-48
-41
-44
-47
-47
-41
-41
-51
-50
-45
-42
-48
-47
-44
-42
-49
-55
-46
-45
-48
-54
-49
-38
-38
-46
-48
-41
-43
-47
-48
-43
-41
-46
-45
-43
-45
-47
-44
-43
-35
-29
-26
-19
-17
-12
-14
-8
3
6
1
8
22
21
16
7
-2
-11
-20
-25
-17
-9
-23
-34
-33
-36
-49
-54
-49
-42
-47
-54
-54
-50
-48
-57
-54
-47
-57
-91
-143
-161
-156
-134
-23
189
434
594
553
443
326
191
132
106
81
38
6
-5
-12
-20
-30
-33
-36
-43
-47
-42
-37
-39
-44
-37
-33
-35
-38
-37
-34
-28
-33
-31
-26
-20
-23
-27
-19
-17
-15
-18
-10
-4
-1
-5
-1
6
10
14
14
23
31
33
38
51
67
73
82
92
108
119
128
144
162
178
190
208
222
232
237
245
256
259
256
254
253
241
228
206
196
176
148
121
101
85
61
42
32
22
13
-2
-8
-13
-16
-25
-23
-21
-21
-25
-29
-23
-25
-35
-37
-30
-24
-26
-31
-32
-25
-25
-29
-27
-22
-24
-23
-21
-17
-18
-23
-22
-20
-18
-21
-21
-15
-15
-23
-25
-24
-20
-22
-26
-25
-21
-22
-27
-27
-23
-27
-30
-27
-23
-23
-30
-31
-24
-22
-32
-34
-30
-30
-34
-39
-31
-27
-30
-33
-31
-27
-30
-35
-35
-30
-34
-39
-35
-24
-25
-30
-31
-27
-28
-31
-34
-33
-27
-32
-33
-27
-30
-33
-38
-32
-33
-32
-35
-34
-28
-29
-31
-30
-27
-29
-33
-31
-28
-28
-35
-33
-28
-27
-32
-32
-26
-22
-22
-22
-12
-2
0
-1
5
19
24
20
17
28
36
32
25
19
6
-3
-5
-5
2
2
-8
-17
-22
-25
-33
-37
-35
-37
-41
-39
-37
-35
-40
-39
-40
-38
-48
-86
-132
-157
-155
-116
9
207
416
582
539
446
328
208
166
147
105
52
26
17
5
-8
-13
-10
-14
-18
-20
-15
-14
-20
-19
-15
-12
-17
-18
-15
-10
-13
-15
-14
-7
-8
-7
-4
-3
-5
-3
3
9
15
12
14
23
22
21
27
37
43
47
53
64
74
75
82
97
111
118
129
144
159
175
182
195
213
227
232
239
253
259
256
252
256
256
244
227
219
203
176
144
124
109
91
70
54
45
32
15
9
3
0
-8
-12
-14
-16
-20
-22
-18
-18
-21
-23
-21
-22
-23
-25
-20
-13
-17
-20
-20
-15
-17
-22
-18
-11
-9
-16
-14
-10
-6
-13
-17
-13
-11
-17
-23
-18
-12
-12
-19
-20
-16
-15
-22
-22
-20
-21
-25
-25
-19
-21
-27
-27
-25
-20
-25
-28
-27
-24
-26
-29
-23
-20
-20
-27
-25
-22
-25
-29
-31
-28
-27
-30
-27
-19
-22
-28
-29
-27
-28
-32
-35
-29
-25
-28
-31
-24
-22
-27
-37
-31
-25
-22
-26
-28
-24
-21
-29
-31
-25
-24
-27
-27
-22
-21
-25
-23
-22
-18
-25
-30
-29
-28
-25
-25
-18
-12
-5
-4
5
11
12
11
17
24
26
29
39
47
45
32
20
12
8
0
-3
3
4
1
-9
-14
-15
-20
-28
-27
-26
-28
-34
-36
-32
-25
-29
-30
-27
-45
-96
-141
-148
-132
-77
66
271
486
580
490
406
289
203
161
130
91
56
28
18
14
7
-3
-8
-7
-13
-13
-13
-9
-9
-14
-14
-8
-3
-7
-8
-7
-3
-7
-11
-2
3
6
2
1
7
10
8
2
14
23
25
23
33
37
38
39
43
54
59
63
71
86
94
102
109
126
144
149
159
175
189
195
206
223
237
245
250
259
264
263
252
246
242
222
200
185
168
143
121
100
87
70
48
34
26
17
3
-2
-8
-10
-15
-21
-16
-10
-15
-22
-21
-18
-18
-23
-25
-18
-14
-20
-23
-15
-13
-17
-23
-21
-18
-18
-22
-20
-12
-14
-16
-19
-14
-14
-21
-20
-16
-15
-17
-18
-15
-22
-26
-28
-22
-21
-29
-30
-24
-27
-30
-29
-27
-28
-32
-34
-31
-27
-32
-37
-32
-32
-31
-35
-31
-30
-29
-33
-36
-26
-25
-35
-40
-32
-32
-35
-34
-32
-29
-31
-34
-36
-29
-27
-36
-34
-29
-27
-34
-33
-34
-32
-34
-37
-30
-28
-33
-35
-33
-30
-34
-38
-32
-30
-35
-35
-35
-31
-33
-34
-32
-30
-31
-35
-36
-35
-31
-31
-24
-15
-8
-11
-7
-2
8
10
9
15
24
30
27
22
14
0
-10
-15
-11
-13
-13
-17
-23
-25
-35
-40
-38
-39
-43
-44
-40
-37
-38
-43
-41
-41
-42
-52
-86
-133
-154
-146
-105
27
239
468
603
530
427
295
174
132
113
77
32
17
9
-3
-16
-16
-17
-21
-27
-28
-24
-26
-32
-30
-23
-23
-24
-22
-19
-18
-27
-26
-15
-14
-13
-17
-14
-9
-7
-11
-7
2
4
1
7
14
13
14
22
30
36
38
43
58
67
72
80
98
111
115
129
145
164
171
180
198
213
224
229
242
252
258
257
257
260
256
243
230
219
197
170
146
124
104
79
56
41
32
14
-1
-8
-8
-14
-25
-26
-24
-25
-35
-33
-27
-26
-31
-34
-29
-27
-29
-34
-28
-26
-31
-33
-26
-25
-30
-29
-26
-18
-21
-29
-22
-14
-16
-25
-21
-18
-16
-22
-22
-17
-19
-26
-30
-22
-18
-24
-27
-21
-20
-26
-27
-28
-26
-27
-28
-28
-28
-29
-35
-31
-30
-29
-35
-36
-32
-33
-33
-36
-30
-32
-34
-34
-28
-32
-35
-34
-32
-29
-32
-37
-36
-31
-31
-36
-36
-33
-30
-33
-32
-29
-24
-30
-34
-28
-25
-31
-31
-30
-30
-33
-35
-33
-27
-27
-34
-39
-31
-31
-36
-34
-33
-34
-39
-37
-34
-26
-22
-16
-5
-1
1
2
8
17
17
6
12
30
36
32
21
11
3
-6
-9
-4
-2
-15
-27
-27
-29
-28
-32
-33
-32
-35
-41
-37
-36
-39
-48
-44
-36
-36
-66
-117
-147
-153
-146
-62
123
343
551
594
497
397
251
177
149
121
74
31
17
11
1
-13
-15
-15
-17
-21
-21
-15
-16
-23
-22
-17
-15
-16
-14
-10
-8
-14
-14
-8
-5
-10
-9
-3
1
-2
-4
7
12
13
8
12
23
27
23
28
36
43
45
48
63
74
82
89
100
117
124
132
144
162
174
184
200
213
225
233
242
249
254
253
252
256
248
232
217
204
184
160
136
117
100
78
59
46
37
25
10
4
3
-4
-14
-15
-15
-14
-22
-21
-19
-17
-20
-23
-17
-15
-19
-25
-21
-13
-15
-16
-15
-10
-12
-20
-22
-16
-15
-22
-19
-9
-9
-10
-16
-14
-10
-13
-15
-12
-15
-16
-17
-14
-13
-19
-22
-19
-17
-19
-24
-22
-18
-23
-28
-30
-21
-20
-30
-30
-23
-21
-28
-32
-28
-26
-28
-31
-25
-23
-28
-33
-32
-27
-28
-34
-32
-25
-21
-30
-30
-28
-26
-32
-34
-31
-28
-34
-33
-29
-25
-27
-32
-30
-28
-30
-36
-35
-30
-29
-31
-30
-29
-27
-30
-32
-30
-29
-33
-35
-27
-24
-30
-30
-24
-15
-12
-13
-6
-2
-1
4
22
29
26
24
27
37
34
17
3
5
3
-6
-8
-1
3
-11
-22
-25
-27
-36
-48
-46
-38
-36
-37
-35
-33
-33
-39
-40
-40
-62
-111
-151
-152
-144
-90
55
263
470
549
463
383
271
188
148
121
82
40
12
2
-1
-11
-20
-19
-19
-21
-30
-30
-24
-22
-26
-26
-21
-21
-27
-25
-20
-16
-21
-19
-14
-4
-7
-10
-6
-2
-1
-6
-4
1
7
6
10
17
17
19
22
32
42
48
53
64
71
74
84
99
114
123
131
146
166
176
182
197
210
217
220
230
240
243
238
233
235
226
206
185
173
155
129
108
93
76
56
36
23
18
12
0
-11
-15
-15
-21
-24
-22
-20
-28
-32
-25
-22
-25
-29
-25
-23
-25
-29
-26
-21
-24
-26
-28
-24
-23
-23
-23
-21
-22
-29
-26
-20
-16
-21
-22
-20
-19
-26
-29
-22
-19
-25
-27
-26
-23
-24
-31
-30
-27
-28
-30
-33
-27
-27
-34
-32
-29
-28
-36
-39
-37
-34
-38
-38
-35
-35
-38
-39
-42
-37
-32
-38
-39
-34
-36
-39
-37
-36
-37
-37
-38
-35
-34
-41
-43
-39
-37
-42
-45
-40
-32
-32
-42
-40
-37
-38
-40
-37
-34
-35
-43
-43
-35
-36
-36
-39
-37
-32
-33
-28
-20
-15
-16
-10
-1
6
8
8
10
16
26
24
21
7
-3
-13
-15
-13
-11
-12
-18
-26
-31
-42
-50
-49
-49
-54
-49
-46
-45
-52
-52
-50
-48
-51
-65
-92
-134
-155
-160
-130
-4
214
443
582
527
426
301
178
131
109
77
34
10
3
-11
-25
-31
-34
-37
-41
-39
-36
-33
-39
-41
-40
-40
-41
-43
-39
-34
-35
-34
-31
-26
-30
-29
-29
-23
-27
-31
-25
-18
-17
-17
-11
-3
2
-4
1
9
18
17
18
31
45
53
58
71
84
91
100
117
134
144
157
169
189
198
203
217
231
240
234
235
233
231
221
205
190
172
149
122
102
82
58
36
27
17
0
-12
-21
-26
-33
-41
-43
-39
-40
-47
-47
-48
-44
-53
-52
-50
-47
-48
-48
-44
-42
-49
-53
-48
-43
-46
-50
-49
-44
-44
-42
-43
-39
-43
-47
-44
-39
-37
-39
-41
-42
-37
-46
-48
-44
-45
-47
-48
-45
-42
-44
-53
-52
-48
-52
-57
-52
-50
-55
-59
-56
-54
-54
-61
-60
-57
-57
-65
-62
-55
-54
-58
-63
-57
-53
-56
-65
-59
-54
-55
-60
-64
-57
-54
-59
-61
-56
-54
-57
-59
-56
-51
-54
-57
-56
-55
-56
-59
-56
-57
-52
-58
-53
-50
-52
-57
-57
-53
-55
-58
-61
-56
-50
-49
-42
-32
-24
-26
-23
-17
-8
-7
-10
-9
2
7
4
1
-12
-23
-32
-34
-32
-25
-28
-37
-43
-48
-59
-67
-66
-63
-65
-66
-65
-62
-63
-65
-65
-66
-67
-84
-129
-176
-183
-174
-121
29
243
457
565
483
391
260
159
126
102
58
13
-7
-15
-28
-39
-42
-42
-47
-53
-53
-48
-48
-53
-51
-49
-45
-48
-49
-45
-41
-44
-47
-40
-35
-35
-40
-37
-29
-28
-28
-29
-22
-22
-24
-22
-17
-14
-10
-2
5
11
14
19
28
38
45
50
64
76
85
94
113
127
137
150
165
179
187
193
199
213
218
219
221
221
216
204
188
174
157
130
105
85
71
50
25
17
6
-8
-22
-30
-32
-33
-41
-44
-43
-45
-52
-56
-51
-53
-56
-54
-52
-49
-55
-60
-54
-52
-52
-55
-51
-50
-54
-51
-50
-48
-48
-54
-52
-47
-47
-50
-51
-48
-45
-49
-52
-46
-45
-52
-49
-49
-51
-57
-60
-55
-51
-50
-58
-56
-54
-54
-57
-57
-57
-55
-57
-59
-55
-55
-60
-62
-59
-56
-57
-63
-62
-57
-56
-60
-62
-60
-60
-61
-59
-57
-58
-63
-62
-59
-64
-65
-67
-64
-65
-66
-70
-64
-63
-66
-71
-68
-64
-67
-68
-67
-67
-67
-73
-69
-63
-62
-68
-65
-62
-65
-65
-67
-66
-63
-65
-69
-64
-65
-63
-59
-48
-40
-39
-38
-34
-24
-20
-19
-18
-9
-2
-8
-10
-20
-29
-40
-44
-43
-44
-41
-40
-46
-54
-60
-67
-69
-67
-72
-76
-72
-73
-74
-76
-74
-71
-70
-80
-102
-151
-187
-196
-181
-95
76
286
479
508
417
329
200
141
112
78
26
-5
-19
-31
-45
-52
-53
-55
-60
-60
-60
-57
-58
-59
-55
-55
-61
-62
-54
-54
-56
-55
-47
-46
-46
-49
-45
-41
-42
-42
-39
-36
-33
-32
-29
-21
-20
-25
-18
-8
-3
-3
6
19
25
32
38
48
60
70
75
91
106
119
132
144
158
169
175
181
195
198
200
208
212
211
199
182
170
158
135
111
89
69
52
32
20
6
-4
-18
-27
-30
-38
-47
-52
-53
-55
-60
-62
-61
-60
-60
-62
-60
-60
-66
-68
-64
-62
-61
-68
-62
-56
-57
-64
-62
-59
-56
-61
-62
-57
-58
-61
-64
-58
-56
-63
-65
-61
-59
-58
-63
-64
-60
-65
-68
-63
-62
-61
-68
-68
-69
-69
-71
-73
-68
-68
-72
-72
-72
-70
-71
-77
-77
-72
-74
-72
-72
-67
-74
-79
-75
-73
-71
-77
-72
-68
-71
-79
-76
-69
-67
-75
-79
-73
-71
-73
-76
-70
-71
-75
-76
-75
-73
-72
-76
-72
-66
-70
-78
-78
-69
-70
-78
-80
-74
-71
-71
-66
-62
-53
-49
-49
-41
-37
-34
-28
-26
-23
-17
-14
-8
-10
-26
-37
-40
-46
-51
-53
-47
-51
-56
-66
-79
-79
-76
-82
-84
-82
-78
-82
-87
-82
-79
-83
-87
-90
-116
-171
-196
-186
-154
-47
151
383
535
483
376
262
145
96
71
37
-2
-24
-35
-47
-48
-52
-62
-64
-62
-64
-65
-63
-65
-64
-62
-66
-66
-63
-59
-64
-64
-58
-54
-52
-57
-53
-46
-43
-50
-47
-43
-42
-39
-39
-32
-30
-29
-27
-14
-13
-12
-3
7
16
20
23
36
49
58
70
82
95
112
127
142
155
167
178
192
202
207
208
214
218
215
208
200
195
178
150
127
107
87
59
38
22
7
-10
-26
-32
-37
-47
-58
-54
-55
-61
-68
-70
-66
-64
-67
-72
-68
-64
-68
-67
-64
-65
-65
-66
-66
-61
-62
-64
-60
-57
-60
-62
-62
-61
-59
-62
-61
-57
-60
-62
-63
-60
-60
-62
-63
-62
-59
-64
-69
-69
-66
-66
-67
-64
-61
-68
-74
-71
-69
-69
-73
-71
-68
-70
-74
-75
-68
-70
-72
-76
-68
-66
-69
-72
-71
-66
-69
-72
-71
-66
-67
-71
-70
-70
-72
-76
-74
-69
-64
-68
-71
-69
-68
-71
-72
-71
-68
-72
-75
-73
-71
-72
-70
-73
-70
-75
-80
-77
-69
-70
-69
-58
-46
-40
-42
-39
-33
-27
-23
-22
-20
-14
-10
-10
-9
-13
-28
-39
-38
-40
-41
-42
-41
-47
-54
-61
-66
-67
-68
-74
-76
-76
-73
-72
-74
-73
-73
-77
-78
-91
-140
-186
-198
-184
-118
32
235
452
555
466
371
238
151
116
88
46
10
-10
-25
-35
-39
-44
-52
-59
-56
-55
-58
-58
-57
-51
-50
-52
-54
-45
-44
-49
-52
-47
-40
-41
-40
-37
-34
-37
-36
-29
-27
-26
-27
-19
-18
-17
-16
-8
0
5
7
12
22
30
36
43
57
67
76
88
103
115
122
134
148
164
173
184
198
206
211
210
218
220
214
202
193
185
165
144
121
104
84
59
36
21
12
-4
-19
-27
-29
-36
-43
-42
-44
-48
-54
-54
-56
-57
-58
-53
-51
-51
-55
-56
-53
-54
-53
-56
-51
-49
-49
-51
-47
-45
-48
-48
-47
-42
-44
-52
-46
-44
-45
-51
-47
-45
-46
-47
-49
-46
-46
-48
-51
-45
-43
-45
-50
-50
-47
-50
-53
-52
-46
-49
-55
-52
-50
-50
-55
-55
-53
-51
-56
-54
-54
-56
-59
-61
-54
-53
-56
-59
-56
-55
-57
-62
-63
-58
-59
-58
-58
-54
-57
-63
-60
-55
-55
-62
-62
-58
-56
-58
-61
-60
-58
-60
-63
-59
-56
-60
-61
-61
-59
-60
-62
-63
-54
-56
-62
-62
-58
-55
-61
-61
-52
-42
-36
-32
-28
-24
-26
-20
-8
-8
-10
-8
3
7
1
-15
-26
-28
-36
-40
-36
-29
-34
-50
-55
-55
-56
-66
-68
-64
-61
-67
-74
-67
-64
-66
-70
-66
-65
-92
-151
-183
-178
-161
-79
92
310
499
503
413
329
213
154
119
85
41
4
-12
-21
-29
-36
-44
-45
-46
-48
-49
-48
-41
-44
-46
-45
-46
-45
-45
-43
-40
-40
-44
-44
-37
-32
-32
-34
-28
-26
-28
-30
-23
-15
-13
-16
-8
-3
1
3
6
17
23
26
34
45
54
61
71
85
100
110
118
131
147
158
169
180
194
204
206
215
222
223
220
217
212
199
184
163
145
128
104
80
65
45
26
11
3
-3
-14
-26
-30
-33
-39
-46
-49
-45
-43
-46
-44
-44
-41
-47
-48
-44
-46
-51
-52
-45
-40
-44
-44
-41
-36
-41
-43
-44
-40
-42
-46
-46
-41
-41
-42
-43
-44
-43
-46
-47
-44
-42
-43
-46
-43
-41
-49
-50
-48
-47
-50
-52
-49
-47
-52
-56
-54
-49
-48
-56
-56
-51
-55
-60
-57
-51
-51
-55
-62
-53
-54
-53
-59
-56
-54
-56
-57
-57
-52
-57
-60
-60
-55
-54
-59
-57
-55
-51
-58
-62
-56
-56
-56
-60
-55
-56
-58
-60
-57
-57
-60
-63
-62
-58
-58
-62
-62
-51
-49
-50
-40
-31
-25
-25
-24
-13
-3
-12
-11
1
8
6
2
-8
-20
-22
-30
-32
-24
-23
-33
-43
-45
-54
-64
-65
-60
-54
-60
-66
-64
-59
-63
-67
-63
-61
-70
-97
-140
-169
-166
-148
-45
159
398
576
548
436
321
188
124
99
71
21
-8
-17
-23
-34
-41
-45
-46
-50
-55
-49
-49
-49
-54
-54
-54
-51
-50
-53
-46
-44
-46
-45
-41
-44
-47
-49
-42
-37
-36
-35
-34
-29
-26
-27
-20
-14
-10
-8
1
9
10
10
19
35
39
46
58
75
86
91
109
128
145
154
167
182
195
202
210
222
229
232
228
230
230
223
199
185
169
148
118
89
76
57
38
18
13
3
-15
-26
-36
-37
-43
-48
-50
-46
-50
-54
-56
-51
-56
-58
-54
-52
-50
-56
-55
-47
-49
-53
-49
-45
-44
-48
-48
-45
-42
-44
-48
-48
-42
-45
-46
-44
-43
-42
-49
-49
-46
-44
-50
-54
-47
-45
-47
-52
-50
-49
-50
-55
-48
-46
-48
-54
-53
-49
-51
-58
-62
-55
-54
-57
-57
-55
-52
-56
-56
-56
-54
-54
-56
-54
-53
-54
-59
-55
-55
-57
-60
-57
-54
-51
-55
-54
-53
-55
-58
-59
-53
-51
-60
-59
-52
-52
-58
-56
-58
-57
-58
-63
-60
-54
-51
-55
-56
-53
-55
-63
-62
-55
-54
-59
-63
-58
-53
-48
-43
-33
-26
-29
-28
-20
-11
-5
-8
-4
2
8
5
2
-8
-22
-31
-34
-30
-26
-28
-38
-43
-48
-56
-64
-57
-56
-65
-67
-64
-59
-61
-64
-62
-62
-63
-76
-107
-157
-182
-179
-149
-23
176
386
558
535
440
319
189
141
121
82
31
0
-12
-20
-33
-37
-36
-36
-43
-44
-42
-43
-49
-50
-48
-44
-44
-39
-35
-34
-40
-44
-38
-35
-34
-31
-26
-22
-25
-24
-19
-12
-11
-18
-12
-3
2
1
6
13
20
19
26
39
47
54
64
78
92
99
104
122
139
149
157
171
189
199
205
215
224
229
227
232
236
234
221
206
195
177
154
126
110
90
71
47
33
20
6
-9
-16
-15
-23
-30
-34
-32
-36
-43
-45
-41
-41
-45
-43
-39
-38
-42
-46
-42
-38
-36
-42
-38
-35
-35
-39
-41
-37
-36
-39
-40
-34
-31
-34
-37
-34
-31
-33
-39
-33
-31
-36
-39
-39
-38
-40
-44
-41
-44
-39
-42
-41
-39
-40
-44
-45
-42
-42
-50
-50
-48
-47
-51
-54
-48
-44
-50
-55
-48
-46
-54
-57
-51
-50
-53
-60
-55
-53
-54
-58
-56
-53
-52
-58
-60
-52
-50
-57
-59
-53
-48
-53
-57
-54
-51
-53
-57
-54
-51
-51
-54
-52
-49
-49
-54
-54
-47
-47
-51
-56
-50
-50
-52
-54
-53
-51
-52
-47
-36
-27
-26
-23
-18
-11
-4
-6
-2
6
11
7
7
2
-9
-22
-30
-27
-25
-25
-33
-37
-40
-45
-54
-54
-52
-55
-61
-62
-59
-59
-64
-63
-60
-61
-67
-85
-129
-169
-181
-173
-104
47
248
452
528
440
356
233
161
129
97
51
13
-2
-11
-25
-30
-31
-33
-44
-47
-47
-43
-44
-42
-38
-34
-44
-48
-42
-36
-39
-44
-39
-35
-35
-38
-36
-27
-27
-31
-27
-17
-14
-18
-14
-8
-2
-4
0
8
14
16
18
29
36
42
47
59
74
84
95
107
122
132
140
154
173
187
192
199
211
218
216
221
224
221
212
200
191
175
152
125
110
94
70
46
30
18
7
-9
-20
-20
-29
-38
-42
-38
-38
-42
-44
-45
-43
-49
-54
-50
-47
-48
-51
-47
-44
-45
-49
-48
-45
-43
-50
-50
-50
-46
-44
-44
-40
-41
-46
-45
-40
-38
-46
-49
-46
-43
-47
-48
-44
-40
-43
-54
-50
-47
-45
-53
-56
-51
-51
-54
-59
-54
-56
-58
-57
-55
-55
-59
-64
-60
-54
-58
-63
-64
-62
-64
-64
-61
-59
-56
-62
-61
-61
-62
-64
-63
-57
-59
-66
-68
-65
-59
-63
-66
-64
-63
-64
-62
-59
-54
-57
-66
-63
-59
-59
-67
-64
-56
-57
-64
-61
-57
-57
-59
-66
-57
-49
-46
-41
-33
-28
-24
-28
-18
-7
-8
-13
-6
-1
2
-4
-14
-20
-25
-36
-37
-29
-24
-40
-54
-52
-54
-65
-71
-64
-63
-65
-68
-64
-61
-64
-68
-69
-64
-69
-106
-154
-174
-165
-141
-22
196
437
591
531
421
299
166
106
89
65
20
-13
-21
-26
-31
-46
-53
-51
-50
-58
-54
-50
-49
-53
-52
-48
-44
-49
-51
-47
-44
-47
-45
-42
-40
-42
-41
-34
-28
-29
-37
-31
-22
-23
-27
-21
-8
2
-1
-4
7
15
15
21
39
50
53
57
76
94
104
110
123
139
155
169
178
196
209
210
212
229
235
230
228
225
224
208
187
166
147
123
97
76
57
41
20
6
-5
-20
-36
-38
-38
-46
-50
-49
-48
-52
-53
-56
-54
-56
-58
-56
-56
-50
-57
-59
-53
-52
-53
-53
-52
-47
-49
-55
-50
-43
-45
-47
-47
-42
-44
-51
-53
-46
-45
-51
-53
-51
-48
-54
-58
-53
-53
-53
-56
-55
-52
-52
-59
-57
-53
-55
-58
-59
-53
-57
-62
-59
-57
-57
-61
-62
-55
-53
-61
-63
-56
-51
-56
-66
-64
-57
-57
-63
-59
-58
-58
-69
-66
-59
-61
-68
-66
-62
-60
-64
-69
-62
-58
-62
-69
-68
-63
-65
-67
-64
-59
-61
-66
-63
-60
-57
-64
-64
-62
-58
-60
-60
-54
-46
-40
-32
-25
-21
-23
-23
-11
-5
-6
-6
5
10
5
-12
-24
-27
-31
-35
-29
-18
-25
-40
-48
-48
-56
-62
-65
-60
-57
-57
-65
-62
-58
-60
-64
-66
-65
-94
-153
-186
-178
-149
-52
139
368
578
598
480
364
213
145
123
102
56
13
-9
-14
-23
-33
-41
-41
-42
-45
-46
-43
-39
-40
-46
-43
-37
-35
-41
-42
-34
-30
-35
-42
-35
-28
-24
-30
-23
-15
-18
-19
-16
-8
-9
-9
-7
2
12
13
16
26
35
38
44
56
67
70
76
96
115
128
138
153
169
182
189
201
211
222
231
241
247
247
242
237
233
224
204
185
169
152
124
100
81
64
46
25
17
10
1
-12
-16
-19
-22
-30
-31
-29
-32
-34
-37
-31
-30
-34
-36
-33
-30
-33
-37
-36
-32
-33
-33
-29
-26
-25
-32
-27
-26
-24
-32
-31
-24
-22
-27
-26
-23
-24
-30
-33
-28
-24
-30
-37
-38
-38
-38
-34
-30
-29
-32
-40
-38
-32
-35
-40
-41
-36
-34
-36
-39
-31
-32
-36
-42
-37
-35
-45
-48
-42
-36
-35
-39
-39
-32
-35
-39
-37
-41
-41
-40
-37
-33
-29
-37
-38
-35
-36
-39
-41
-35
-35
-40
-40
-36
-33
-36
-41
-38
-32
-35
-37
-40
-37
-38
-42
-41
-37
-32
-36
-39
-33
-30
-33
-38
-32
-20
-16
-17
-8
-3
0
-3
9
20
18
12
17
29
24
9
-4
-10
-11
-18
-17
-10
-8
-18
-30
-33
-34
-42
-50
-47
-41
-41
-48
-44
-36
-38
-44
-44
-42
-56
-104
-153
-162
-152
-114
16
218
426
558
481
397
287
190
152
125
89
48
15
7
3
-8
-19
-23
-20
-20
-26
-26
-22
-22
-25
-26
-22
-18
-22
-23
-20
-15
-18
-19
-17
-12
-8
-10
-9
-3
-3
-5
1
8
6
7
9
19
23
26
28
39
44
46
49
63
75
83
85
100
117
123
129
144
161
173
178
194
212
224
226
232
242
246
243
242
244
237
219
200
182
167
141
112
98
84
67
46
37
28
18
9
4
1
-2
-11
-12
-12
-15
-17
-20
-16
-16
-20
-22
-21
-20
-23
-26
-24
-17
-17
-25
-24
-20
-18
-26
-22
-15
-13
-22
-21
-16
-15
-21
-22
-14
-10
-15
-23
-21
-15
-18
-24
-26
-20
-18
-21
-24
-23
-16
-25
-26
-26
-24
-26
-31
-29
-28
-31
-32
-23
-27
-32
-37
-31
-28
-35
-35
-36
-33
-34
-43
-41
-33
-32
-39
-38
-32
-33
-39
-38
-34
-30
-34
-39
-32
-33
-35
-40
-32
-29
-33
-33
-34
-32
-31
-36
-35
-29
-32
-33
-28
-16
-5
-8
-7
1
9
8
9
13
13
23
24
25
17
4
-6
-12
-9
-7
-11
-10
-16
-24
-29
-35
-36
-38
-45
-44
-38
-37
-46
-46
-44
-40
-44
-49
-55
-85
-133
-147
-132
-81
49
251
471
579
490
387
269
170
134
109
75
41
20
9
-6
-11
-11
-18
-25
-26
-28
-27
-28
-24
-19
-19
-23
-21
-17
-18
-25
-20
-16
-17
-14
-15
-10
-5
-10
-9
-4
7
-1
-7
2
16
14
4
15
29
33
34
37
56
66
67
70
87
100
104
113
139
155
167
172
186
205
213
225
243
251
254
257
260
269
269
253
237
228
212
183
159
141
119
91
65
52
40
27
10
5
5
-5
-13
-15
-14
-20
-24
-22
-21
-23
-28
-27
-25
-21
-25
-26
-22
-18
-17
-22
-22
-20
-25
-27
-20
-16
-18
-20
-16
-11
-12
-17
-20
-19
-15
-21
-20
-18
-17
-23
-27
-23
-18
-26
-32
-28
-23
-23
-28
-25
-20
-25
-33
-32
-24
-27
-29
-30
-27
-29
-32
-30
-25
-21
-27
-31
-24
-24
-32
-33
-27
-24
-25
-36
-29
-27
-25
-29
-28
-26
-28
-31
-34
-28
-29
-32
-30
-23
-22
-31
-34
-28
-25
-27
-32
-30
-25
-28
-30
-19
-10
-2
-5
2
7
7
13
19
24
25
29
32
38
28
9
0
1
0
-4
0
3
-6
-18
-26
-29
-31
-35
-41
-38
-31
-33
-40
-40
-33
-29
-36
-37
-45
-91
-147
-154
-136
-71
89
306
529
634
531
422
284
194
161
133
91
50
26
11
1
-1
-6
-13
-16
-9
-11
-16
-19
-16
-11
-15
-16
-10
-5
-9
-11
-8
-1
-1
-5
-1
5
7
-1
4
16
19
13
14
28
32
31
29
40
46
46
51
59
74
78
79
89
103
114
120
135
150
165
173
184
201
216
218
230
251
258
262
263
270
270
263
253
247
237
215
191
174
156
129
105
89
78
61
45
36
29
25
12
7
12
8
-1
-7
-2
0
-5
-10
-5
1
0
-7
-4
-1
-2
-10
-12
-2
-1
-5
-5
-1
2
-6
-4
3
4
-3
-6
-1
-1
-1
-3
-2
0
-1
-8
-5
1
-3
-8
-6
-2
-4
-8
-7
-3
-3
-9
-10
-3
-1
-9
-9
-2
1
-6
-11
-5
-1
-5
-12
-4
0
-6
-11
-12
-8
-6
-11
-15
-11
-10
-13
-17
-12
-8
-13
-18
-12
-8
-11
-18
-13
-9
-8
-14
-12
-4
-6
-13
-12
-7
-7
-13
-14
-10
-5
-5
-2
14
24
19
19
30
40
38
38
41
46
49
49
49
45
33
17
16
21
22
18
14
13
6
-4
-18
-16
-11
-12
-20
-17
-13
-16
-20
-20
-18
-18
-26
-44
-91
-130
-139
-128
-57
99
293
491
559
467
383
262
199
170
139
89
57
40
25
13
8
7
2
-6
-2
8
4
-5
-3
4
7
0
0
4
4
1
-2
8
10
6
4
10
16
15
10
13
23
24
22
25
30
36
32
37
49
57
57
59
70
82
85
89
107
122
130
136
149
163
171
181
197
212
223
229
237
253
255
253
255
260
261
246
238
228
210
184
161
146
127
105
82
72
62
48
31
23
24
19
7
5
8
5
0
1
2
3
-4
-3
3
8
2
-3
1
5
2
-4
2
7
6
2
2
7
6
2
2
8
7
1
1
7
5
-1
-1
3
3
-4
-4
-1
0
-8
-8
-5
-2
-6
-15
-10
-8
-10
-17
-19
-8
-12
-16
-18
-14
-11
-16
-17
-17
-13
-17
-22
-18
-14
-20
-27
-20
-15
-16
-19
-23
-20
-17
-27
-27
-20
-19
-22
-21
-19
-17
-20
-26
-19
-16
-27
-28
-23
-18
-20
-27
-27
-21
-23
-30
-27
-22
-20
-28
-18
-9
-3
-2
-2
8
11
13
19
25
28
32
31
39
41
22
7
-2
-1
-3
-8
-2
-4
-8
-21
-26
-30
-33
-35
-36
-32
-32
-37
-39
-30
-28
-38
-42
-42
-69
-125
-142
-128
-93
16
215
439
572
499
394
287
188
141
111
83
45
19
5
-9
-13
-16
-27
-30
-24
-18
-23
-29
-30
-20
-23
-28
-28
-25
-21
-23
-24
-22
-12
-19
-28
-18
-9
-16
-14
-5
-5
-8
-9
-2
1
5
9
14
19
21
24
30
39
48
58
68
81
92
95
107
124
138
146
155
173
187
203
208
220
235
239
237
243
247
246
232
219
213
193
168
142
123
104
77
52
43
34
16
-2
-9
-12
-20
-32
-33
-32
-28
-44
-40
-36
-32
-40
-44
-39
-36
-40
-48
-36
-36
-42
-44
-40
-34
-40
-43
-36
-26
-33
-37
-37
-35
-33
-39
-35
-31
-35
-39
-41
-38
-36
-38
-45
-41
-42
-46
-48
-48
-44
-48
-48
-44