13
11
14
1
-19
-28
-29
-40
-59
-67
-66
-70
-86
-93
-87
-88
-99
-106
-97
-95
-103
-110
-101
-94
-99
-106
-98
-86
-90
-99
-94
-81
-82
-93
-88
-75
-74
-85
-85
-73
-70
-80
-87
-76
-69
-79
-90
-83
-75
-82
-93
-90
-81
-86
-97
-98
-87
-91
-101
-103
-90
-89
-98
-102
-94
-91
-99
-101
-84
-75
-79
-87
-78
-76
-80
-82
-76
-68
-76
-87
-86
-77
-82
-91
-91
-83
-89
-106
-112
-102
-102
-113
-118
-107
-101
-110
-121
-111
-104
-111
-124
-117
-107
-111
-121
-120
-107
-106
-118
-121
-105
-104
-113
-117
-111
-110
-108
-90
-62
-4
69
138
181
135
19
-70
-111
-143
-158
-158
-154
-136
-116
-108
-101
-83
-79
-85
-86
-76
-72
-80
-84
-71
-64
-72
-79
-71
-60
-66
-76
-69
-58
-60
-69
-66
-53
-52
-60
-62
-49
-45
-53
-57
-41
-36
-43
-46
-36
-24
-29
-33
-23
-8
-10
-14
-5
7
9
4
8
20
24
19
19
34
33
24
18
25
18
3
-10
-12
-16
-37
-54
-56
-57
-74
-87
-89
-83
-92
-107
-105
-95
-98
-111
-112
-100
-99
-108
-114
-100
-94
-101
-109
-96
-88
-93
-98
-90
-79
-82
-91
-87
-75
-78
-88
-86
-77
-76
-87
-88
-79
-79
-90
-94
-85
-85
-93
-100
-92
-89
-98
-107
-98
-91
-100
-106
-99
-87
-93
-99
-91
-77
-72
-82
-82
-66
-55
-65
-66
-57
-61
-80
-93
-76
-64
-76
-92
-91
-87
-101
-115
-116
-106
-111
-121
-124
-112
-114
-123
-125
-116
-116
-126
-129
-119
-115
-124
-128
-119
-113
-119
-127
-121
-113
-119
-127
-122
-113
-122
-132
-116
-80
-56
-4
80
164
180
90
-24
-81
-120
-167
-179
-160
-155
-151
-135
-112
-96
-98
-103
-97
-85
-86
-93
-91
-79
-81
-91
-90
-77
-76
-83
-86
-78
-71
-76
-81
-72
-65
-70
-79
-69
-62
-66
-73
-68
-57
-60
-67
-62
-49
-48
-51
-50
-36
-31
-36
-33
-18
-9
-15
-16
-3
7
2
-3
8
20
16
6
8
17
9
-8
-19
-16
-27
-48
-64
-63
-69
-88
-101
-100
-101
-115
-125
-122
-114
-123
-132
-125
-116
-122
-131
-129
-119
-120
-128
-125
-113
-112
-119
-119
-106
-103
-111
-114
-101
-95
-103
-108
-98
-90
-104
-111
-105
-96
-106
-118
-114
-103
-107
-121
-120
-109
-110
-124
-123
-105
-103
-110
-113
-100
-94
-102
-103
-87
-69
-71
-76
-78
-71
-86
-100
-95
-81
-83
-98
-108
-106
-113
-128
-133
-125
-128
-137
-142
-133
-130
-139
-145
-137
-131
-142
-148
-142
-133
-140
-147
-144
-132
-135
-148
-147
-133
-131
-143
-144
-136
-141
-157
-147
-118
-88
-27
60
148
178
100
-22
-91
-125
-170
-193
-183
-169
-168
-158
-139
-120
-114
-118
-116
-106
-99
-106
-109
-98
-92
-98
-104
-94
-85
-91
-98
-91
-80
-87
-93
-86
-74
-78
-84
-83
-68
-67
-78
-76
-62
-56
-67
-68
-54
-44
-50
-56
-42
-26
-30
-33
-22
-8
-9
-13
-8
7
8
2
4
17
20
10
6
13
10
-7
-21
-24
-26
-46
-63
-67
-70
-84
-100
-102
-100
-107
-119
-117
-108
-116
-125
-125
-114
-115
-125
-126
-113
-109
-122
-124
-111
-103
-111
-115
-106
-96
-103
-112
-104
-91
-96
-108
-104
-92
-94
-107
-109
-96
-96
-107
-114
-104
-100
-110
-115
-110
-103
-112
-118
-113
-107
-114
-120
-109
-96
-96
-102
-96
-87
-88
-92
-80
-60
-55
-66
-73
-68
-75
-87
-86
-76
-71
-91
-106
-105
-104
-118
-131
-129
-119
-124
-137
-134
-124
-126
-138
-140
-128
-127
-139
-143
-132
-128
-138
-144
-136
-127
-135
-141
-133
-123
-130
-139
-137
-130
-122
-106
-83
-26
48
111
147
111
-1
-97
-143
-170
-179
-180
-183
-166
-132
-124
-124
-109
-95
-101
-108
-101
-88
-92
-100
-96
-84
-82
-94
-93
-80
-77
-88
-90
-77
-71
-81
-86
-73
-65
-69
-75
-66
-54
-60
-66
-61
-46
-47
-54
-50
-37
-34
-40
-36
-20
-12
-20
-19
-6
3
-4
-4
8
15
8
4
12
20
11
0
2
7
-8
-26
-32
-31
-44
-66
-75
-71
-78
-100
-107
-102
-101
-116
-122
-115
-107
-118
-129
-121
-111
-118
-127
-123
-110
-113
-123
-120
-106
-104
-113
-111
-100
-93
-104
-105
-96
-88
-99
-103
-96
-89
-97
-105
-97
-89
-97
-106
-101
-93
-98
-109
-107
-97
-101
-114
-115
-103
-102
-113
-109
-91
-83
-94
-94
-84
-74
-77
-77
-61
-44
-54
-71
-71
-70
-75
-83
-81
-72
-82
-102
-111
-106
-107
-123
-128
-122
-116
-128
-133
-127
-119
-128
-137
-131
-125
-130
-138
-134
-126
-129
-139
-136
-125
-127
-136
-134
-121
-120
-131
-137
-130
-117
-104
-87
-38
42
110
149
121
21
-76
-135
-169
-174
-170
-182
-172
-133
-114
-118
-115
-98
-92
-102
-106
-91
-84
-93
-95
-88
-78
-83
-89
-84
-72
-76
-84
-78
-69
-68
-79
-75
-63
-58
-66
-67
-54
-49
-59
-58
-45
-38
-46
-48
-36
-25
-29
-31
-18
-4
-8
-13
-5
8
9
-1
5
22
26
14
14
25
26
13
3
10
8
-10
-30
-31
-31
-47
-68
-74
-71
-81
-98
-102
-95
-98
-112
-114
-107
-106
-119
-121
-110
-104
-115
-118
-107
-101
-108
-115
-102
-92
-96
-104
-98
-87
-91
-99
-96
-84
-86
-96
-93
-80
-80
-94
-97
-86
-82
-98
-105
-98
-92
-101
-112
-102
-95
-103
-117
-110
-100
-103
-114
-110
-92
-86
-93
-95
-83
-80
-86
-83
-61
-47
-52
-62
-59
-62
-81
-86
-75
-67
-76
-99
-101
-98
-107
-124
-124
-115
-120
-134
-134
-123
-126
-136
-140
-129
-125
-139
-143
-134
-128
-137
-146
-140
-129
-135
-147
-140
-129
-129
-140
-140
-132
-137
-137
-116
-88
-35
35
108
161
120
-2
-92
-130
-162
-188
-189
-180
-170
-153
-143
-128
-113
-112
-121
-115
-101
-99
-109
-109
-97
-94
-103
-106
-93
-86
-95
-102
-91
-83
-93
-100
-90
-78
-83
-94
-87
-75
-76
-90
-81
-69
-65
-76
-75
-59
-51
-61
-64
-48
-37
-42
-42
-29
-19
-23
-26
-20
-5
-5
-14
-6
2
2
-9
-9
-3
-13
-33
-46
-43
-53
-73
-87
-85
-93
-111
-124
-121
-117
-129
-140
-137
-128
-138
-150
-143
-132
-136
-148
-144
-131
-130
-141
-140
-126
-121
-127
-134
-121
-111
-118
-128
-117
-108
-114
-123
-118
-107
-111
-124
-122
-108
-112
-126
-127
-119
-118
-131
-133
-124
-120
-132
-138
-128
-123
-131
-133
-116
-109
-112
-119
-110
-98
-99
-97
-88
-73
-81
-94
-99
-98
-96
-104
-102
-93
-102
-123
-134
-129
-127
-142
-155
-144
-135
-143
-156
-149
-140
-145
-158
-157
-145
-148
-157
-159
-145
-142
-154
-157
-144
-140
-150
-156
-147
-137
-147
-159
-154
-139
-119
-109
-52
39
118
148
116
17
-81
-138
-180
-186
-180
-187
-188
-158
-135
-137
-134
-118
-107
-117
-121
-109
-100
-106
-115
-108
-94
-97
-109
-105
-91
-90
-101
-101
-85
-84
-93
-92
-80
-76
-85
-88
-76
-68
-76
-81
-71
-59
-62
-69
-58
-46
-42
-50
-43
-30
-25
-32
-27
-11
-9
-17
-15
1
4
-4
-8
1
10
-3
-15
-10
-11
-31
-51
-57
-52
-68
-92
-94
-89
-98
-118
-122
-113
-115
-131
-136
-124
-120
-130
-138
-126
-119
-129
-136
-129
-115
-121
-132
-123
-108
-112
-122
-116
-103
-103
-115
-113
-103
-103
-111
-114
-102
-102
-113
-118
-108
-103
-113
-123
-116
-106
-115
-125
-119
-111
-117
-129
-125
-114
-117
-131
-130
-118
-117
-131
-131
-114
-107
-115
-118
-103
-93
-103
-111
-95
-78
-79
-91
-92
-88
-103
-114
-105
-91
-99
-115
-121
-115
-119
-134
-140
-135
-131
-139
-149
-141
-135
-143
-151
-143
-136
-143
-154
-148
-138
-142
-151
-150
-137
-134
-149
-149
-138
-136
-148
-150
-138
-137
-143
-124
-91
-52
3
66
132
134
32
-86
-136
-165
-192
-198
-192
-177
-154
-142
-135
-117
-109
-118
-118
-109
-102
-111
-115
-105
-97
-103
-110
-103
-94
-97
-104
-97
-87
-93
-100
-94
-80
-81
-90
-89
-76
-73
-85
-86
-72
-63
-73
-75
-60
-47
-52
-57
-43
-27
-31
-40
-27
-8
-6
-15
-13
4
7
-4
-6
9
11
-1
-7
-5
-6
-24
-39
-40
-42
-60
-81
-86
-88
-101
-117
-118
-117
-123
-138
-140
-130
-134
-146
-148
-137
-137
-148
-151
-137
-133
-142
-150
-138
-128
-137
-142
-134
-124
-127
-136
-128
-117
-118
-132
-126
-114
-111
-126
-131
-117
-114
-127
-135
-124
-121
-132
-139
-132
-124
-133
-142
-137
-127
-136
-148
-142
-133
-137
-149
-149
-138
-134
-145
-147
-136
-134
-141
-140
-120
-109
-121
-129
-117
-110
-117
-121
-117
-112
-120
-133
-128
-117
-121
-137
-137
-130
-137
-156
-159
-147
-146
-158
-165
-151
-144
-156
-167
-156
-146
-156
-166
-159
-149
-153
-163
-159
-147
-150
-162
-159
-148
-147
-158
-159
-148
-151
-162
-146
-113
-83
-31
39
112
132
48
-71
-129
-163
-203
-215
-200
-191
-175
-160
-147
-129
-122
-134
-134
-122
-116
-127
-129
-117
-109
-118
-126
-115
-107
-112
-121
-113
-102
-106
-114
-110
-97
-97
-108
-107
-93
-90
-100
-98
-86
-78
-86
-89
-75
-64
-70
-72
-60
-47
-49
-53
-40
-27
-27
-33
-25
-11
-13
-22
-19
-5
-8
-19
-23
-13
-14
-37
-50
-50
-54
-74
-93
-91
-94
-112
-132
-131
-127
-138
-155
-154
-145
-150
-162
-164
-151
-150
-160
-164
-152
-148
-156
-160
-150
-140
-149
-156
-146
-136
-142
-151
-141
-132
-136
-145
-140
-128
-129
-139
-138
-129
-135
-145
-145
-134
-133
-146
-152
-141
-136
-150
-156
-150
-143
-150
-162
-155
-144
-150
-164
-157
-148
-150
-161
-159
-148
-148
-160
-164
-145
-134
-141
-147
-137
-128
-139
-148
-138
-126
-132
-145
-142
-132
-135
-149
-145
-136
-143
-161
-165
-157
-154
-168
-171
-159
-157
-165
-172
-160
-153
-165
-174
-165
-156
-164
-174
-167
-153
-159
-172
-167
-153
-152
-166
-164
-150
-152
-169
-175
-141
-117
-95
-28
71
143
139
47
-58
-113
-164
-209
-210
-189
-193
-197
-173
-147
-141
-143
-140
-128
-122
-134
-135
-119
-118
-127
-132
-122
-115
-119
-127
-118
-105
-114
-122
-114
-103
-108
-116
-110
-97
-96
-109
-107
-91
-88
-100
-100
-84
-77
-86
-89
-74
-62
-69
-75
-58
-44
-47
-56
-45
-28
-29
-39
-32
-19
-15
-23
-25
-18
-18
-35
-43
-41
-43
-64
-81
-79
-86
-104
-123
-123
-121
-131
-147
-144
-138
-145
-157
-154
-145
-150
-159
-156
-143
-140
-155
-152
-138
-132
-143
-146
-134
-125
-133
-141
-130
-121
-126
-137
-131
-117
-122
-134
-131
-120
-123
-136
-139
-125
-121
-135
-141
-134
-128
-138
-143
-137
-130
-139
-145
-136
-130
-136
-150
-145
-133
-130
-135
-129
-116
-117
-129
-133
-117
-114
-121
-124
-113
-109
-127
-131
-118
-112
-123
-135
-132
-125
-135
-150
-144
-134
-134
-148
-147
-136
-135
-147
-150
-136
-134
-144
-150
-134
-128
-138
-147
-137
-127
-133
-142
-137
-127
-131
-144
-144
-133
-106
-80
-27
90
223
298
310
255
133
21
-57
-104
-133
-155
-167
-150
-121
-117
-122
-112
-97
-103
-115
-108
-93
-95
-107
-104
-91
-88
-100
-102
-88
-84
-95
-100
-86
-79
-87
-95
-83
-75
-83
-90
-85
-72
-75
-84
-79
-65
-65
-74
-71
-59
-55
-64
-60
-46
-41
-49
-47
-32
-28
-33
-38
-28
-19
-26
-32
-25
-15
-22
-34
-33
-27
-38
-57
-59
-55
-66
-86
-93
-87
-90
-105
-113
-105
-100
-111
-122
-113
-106
-114
-124
-117
-105
-109
-124
-118
-104
-105
-116
-116
-103
-100
-111
-112
-102
-98
-108
-111
-99
-95
-106
-111
-101
-95
-102
-113
-106
-95
-102
-113
-109
-99
-103
-114
-111
-101
-103
-115
-115
-103
-100
-114
-120
-110
-103
-113
-122
-111
-99
-107
-119
-110
-102
-108
-119
-114
-97
-95
-103
-103
-89
-90
-105
-104
-89
-82
-95
-102
-96
-90
-98
-106
-94
-89
-100
-116
-116
-112
-116
-130
-123
-109
-114
-127
-127
-112
-113
-125
-128
-116
-114
-124
-129
-117
-110
-121
-125
-116
-106
-113
-126
-116
-105
-113
-127
-103
-67
-49
-5
69
149
172
102
-19
-83
-121
-168
-177
-155
-147
-144
-127
-107
-89
-90
-95
-88
-79
-80
-93
-86
-74
-74
-86
-82
-70
-71
-80
-81
-66
-63
-74
-76
-64
-57
-65
-72
-62
-50
-58
-64
-56
-42
-42
-54
-44
-28
-26
-36
-28
-10
-1
-7
-7
12
23
19
16
34
43
37
32
42
54
49
38
41
48
39
19
12
9
-2
-26
-39
-38
-48
-65
-74
-75
-79
-94
-105
-99
-95
-104
-114
-106
-98
-107
-115
-108
-99
-104
-115
-112
-97
-101
-112
-108
-96
-95
-107
-106
-91
-84
-94
-100
-90
-81
-89
-98
-89
-80
-88
-97
-96
-84
-88
-101
-100
-89
-93
-106
-106
-94
-93
-103
-110
-104
-100
-108
-112
-102
-98
-107
-114
-104
-96
-103
-116
-110
-97
-97
-103
-95
-81
-83
-97
-101
-84
-79
-90
-95
-85
-81
-96
-102
-90
-85
-94
-109
-107
-101
-111
-124
-119
-109
-110
-123
-123
-112
-114
-126
-128
-116
-114
-127
-130
-119
-113
-123
-129
-121
-111
-116
-126
-119
-109
-114
-123
-123
-111
-92
-82
-49
27
102
151
153
82
-28
-101
-149
-167
-156
-162
-168
-139
-109
-108
-111
-97
-82
-87
-100
-93
-81
-80
-91
-91
-75
-75
-88
-91
-75
-71
-80
-82
-69
-65
-74
-78
-69
-58
-62
-71
-60
-47
-53
-61
-53
-40
-37
-46
-40
-25
-23
-27
-21
-4
3
-2
-1
18
28
21
19
34
45
34
25
36
44
35
18
17
21
6
-20
-25
-26
-39
-62
-76
-73
-77
-96
-109
-100
-98
-110
-121
-114
-109
-120
-129
-124
-111
-114
-126
-121
-112
-115
-123
-121
-109
-108
-118
-115
-104
-101
-108
-113
-100
-94
-104
-109
-98
-91
-101
-109
-102
-91
-100
-108
-105
-98
-102
-116
-116
-104
-107
-119
-119
-108
-104
-118
-125
-113
-106
-116
-126
-117
-108
-115
-122
-110
-94
-95
-105
-103
-93
-96
-102
-100
-88
-91
-103
-108
-98
-93
-105
-111
-103
-104
-118
-130
-124
-119
-125
-132
-125
-115
-123
-135
-130
-120
-122
-133
-134
-120
-119
-132
-133
-119
-114
-126
-130
-119
-112
-122
-129
-121
-116
-126
-127
-94
-64
-11
62
146
194
151
27
-64
-100
-142
-170
-162
-154
-149
-143
-128
-109
-94
-97
-102
-91
-82
-86
-93
-87
-82
-84
-90
-84
-74
-77
-87
-86
-72
-73
-83
-82
-69
-61
-72
-76
-64
-54
-64
-69
-57
-46
-50
-60
-49
-38
-40
-46
-35
-19
-17
-25
-23
-2
4
-4
-4
10
19
11
6
16
27
20
12
19
25
10
-9
-10
-15
-27
-49
-55
-55
-66
-88
-95
-89
-97
-111
-116
-107
-105
-116
-121
-109
-105
-117
-124
-112
-102
-109
-117
-105
-94
-96
-107
-101
-87
-90
-102
-100
-86
-84
-96
-98
-83
-80
-90
-100
-92
-83
-93
-103
-98
-89
-96
-106
-101
-93
-96
-107
-105
-93
-93
-106
-109
-98
-96
-105
-102
-84
-76
-87
-93
-84
-80
-85
-90
-80
-72
-82
-92
-85
-75
-81
-91
-91
-84
-92
-110
-111
-98
-95
-108
-111
-100
-97
-109
-115
-105
-96
-104
-115
-106
-93
-100
-112
-107
-96
-97
-106
-105
-93
-93
-105
-107
-103
-103
-95
-57
-5
89
207
307
351
311
186
68
-2
-55
-101
-126
-126
-112
-99
-96
-85
-70
-69
-78
-76
-62
-60
-73
-74
-62
-57
-66
-71
-61
-52
-60
-70
-59
-49
-53
-64
-57
-44
-47
-59
-57
-44
-42
-50
-50
-40
-37
-43
-43
-32
-25
-33
-35
-19
-10
-13
-19
-7
7
5
-2
9
20
20
12
16
29
25
14
11
18
16
-4
-17
-14
-17
-39
-53
-50
-48
-64
-80
-76
-70
-78
-91
-86
-76
-80
-92
-90
-79
-81
-93
-97
-82
-79
-89
-92
-83
-75
-83
-90
-82
-72
-79
-86
-77
-70
-74
-86
-77
-68
-69
-81
-79
-69
-69
-80
-81
-71
-70
-79
-82
-71
-67
-80
-86
-75
-66
-77
-85
-79
-67
-71
-84
-80
-71
-73
-86
-75
-57
-54
-66
-69
-56
-56
-64
-65
-51
-48
-58
-69
-66
-55
-63
-72
-67
-62
-72
-85
-84
-79
-80
-94
-90
-78
-80
-92
-93
-80
-77
-88
-93
-81
-78
-86
-92
-84
-75
-85
-90
-82
-71
-77
-86
-80
-70
-76
-78
-49
-18
26
81
155
207
170
49
-50
-83
-116
-137
-133
-120
-105
-85
-76
-64
-44
-47
-58
-54
-41
-39
-50
-48
-38
-36
-45
-43
-34
-29
-40
-42
-30
-23
-31
-38
-28
-16
-22
-30
-21
-10
-15
-22
-15
-1
-3
-9
-2
15
17
9
13
29
41
37
39
56
71
68
64
78
92
90
81
90
102
97
83
81
88
79
56
44
44
33
9
-6
-8
-15
-34
-49
-46
-44
-60
-69
-64
-61
-67
-78
-73
-63
-67
-78
-74
-62
-65
-75
-73
-60
-61
-71
-73
-61
-56
-68
-69
-55
-45
-53
-62
-53
-41
-48
-61
-52
-41
-46
-59
-54
-46
-49
-61
-60
-47
-46
-61
-66
-54
-51
-62
-68
-60
-50
-61
-69
-62
-54
-55
-58
-47
-35
-39
-51
-50
-37
-35
-47
-49
-37
-38
-53
-58
-46
-43
-54
-60
-57
-56
-71
-81
-74
-63
-71
-83
-77
-64
-70
-86
-80
-68
-69
-80
-81
-69
-69
-79
-83
-69
-65
-77
-83
-71
-63
-70
-79
-76
-63
-47
-38
-4
68
147
195
195
113
5
-64
-103
-117
-115
-121
-122
-87
-59
-59
-60
-46
-36
-44
-51
-40
-30
-37
-44
-37
-27
-31
-43
-35
-24
-25
-37
-37
-21
-16
-29
-32
-20
-12
-18
-27
-15
-4
-9
-15
-5
8
6
-2
8
26
28
22
31
48
57
52
59
76
83
78
80
95
102
94
90
102
105
93
81
80
79
61
39
32
29
9
-13
-21
-18
-30
-50
-52
-46
-50
-67
-73
-61
-58
-69
-76
-66
-58
-66
-77
-69
-60
-67
-75
-69
-57
-61
-72
-68
-51
-51
-61
-64
-52
-47
-58
-60
-52
-45
-53
-59
-50
-44
-52
-60
-54
-47
-51
-65
-60
-48
-54
-65
-64
-52
-52
-64
-67
-60
-57
-63
-58
-42
-33
-47
-55
-47
-38
-41
-52
-44
-36
-45
-60
-54
-44
-43
-57
-61
-55
-60
-76
-79
-69
-67
-79
-83
-76
-71
-79
-84
-79
-68
-75
-85
-78
-70
-72
-82
-78
-69
-72
-86
-76
-64
-68
-80
-81
-72
-73
-67
-48
-12
53
124
187
216
152
30
-47
-84
-109
-119
-124
-120
-95
-76
-75
-67
-50
-42
-51
-51
-37
-34
-44
-48
-36
-28
-39
-43
-33
-24
-28
-38
-32
-21
-26
-34
-27
-19
-19
-28
-24
-13
-11
-19
-17
-1
0
-8
-8
9
19
13
12
28
41
40
35
50
66
66
58
68
83
82
68
74
88
88
71
64
70
66
45
27
27
19
0
-21
-22
-23
-38
-54
-54
-45
-58
-75
-74
-65
-66
-81
-79
-69
-67
-76
-80
-68
-63
-71
-75
-66
-60
-66
-72
-59
-50
-58
-65
-57
-44
-51
-58
-52
-42
-45
-58
-58
-49
-49
-61
-62
-49
-47
-62
-67
-55
-49
-60
-69
-63
-56
-61
-73
-62
-47
-44
-55
-53
-40
-47
-59
-53
-41
-40
-50
-55
-48
-46
-56
-61
-54
-52
-65
-75
-71
-65
-71
-80
-75
-65
-70
-81
-78
-67
-73
-82
-80
-67
-68
-82
-84
-69
-66
-77
-79
-69
-62
-74
-84
-74
-68
-79
-87
-49
-3
51
151
286
376
382
284
159
81
12
-53
-90
-93
-92
-95
-80
-59
-47
-53
-58
-49
-38
-44
-54
-47
-37
-38
-48
-45
-34
-35
-44
-39
-29
-30
-40
-42
-27
-22
-36
-38
-27
-19
-29
-34
-22
-12
-17
-26
-18
-4
-4
-14
-8
9
10
2
4
21
29
20
19
32
44
37
34
44
53
45
38
41
47
36
17
17
21
8
-15
-19
-16
-23
-41
-48
-42
-48
-60
-64
-54
-51
-63
-70
-60
-55
-66
-71
-64
-56
-62
-71
-66
-54
-55
-69
-64
-49
-49
-62
-58
-45
-44
-54
-59
-44
-40
-48
-55
-46
-38
-45
-53
-49
-39
-45
-54
-51
-42
-43
-56
-51
-39
-40
-56
-58
-46
-38
-44
-39
-25
-23
-33
-41
-29
-22
-29
-36
-30
-22
-30
-42
-33
-24
-31
-44
-46
-40
-43
-61
-61
-47
-47
-57
-61
-51
-47
-59
-66
-53
-47
-57
-68
-59
-46
-53
-64
-61
-50
-51
-59
-61
-48
-50
-62
-63
-54
-30
-17
3
74
161
217
224
159
50
-28
-78
-104
-101
-93
-104
-88
-51
-42
-44
-33
-16
-16
-28
-27
-14
-12
-22
-25
-15
-9
-19
-25
-15
-5
-12
-20
-9
0
-5
-16
-10
3
2
-8
-5
5
8
0
0
17
23
19
18
29
44
39
37
53
67
66
63
78
93
95
90
99
112
114
104
109
121
112
96
89
90
80
55
39
38
31
8
-10
-11
-10
-24
-41
-39
-35
-43
-59
-54
-43
-47
-63
-57
-48
-46
-58
-64
-52
-47
-57
-60
-51
-45
-49
-53
-47
-38
-45
-48
-42
-33
-36
-44
-41
-33
-34
-45
-44
-34
-32
-44
-45
-35
-37
-49
-50
-41
-38
-48
-53
-44
-39
-50
-61
-56
-41
-41
-48
-39
-28
-30
-44
-43
-28
-25
-37
-40
-31
-31
-44
-51
-40
-34
-44
-58
-57
-51
-61
-71
-66
-56
-61
-72
-68
-59
-60
-71
-67
-60
-57
-66
-69
-59
-58
-64
-67
-56
-56
-62
-69
-60
-52
-61
-68
-67
-55
-40
-26
5
74
151
201
207
132
20
-55
-96
-114
-113
-114
-122
-93
-63
-62
-64
-48
-35
-40
-47
-41
-28
-30
-38
-34
-23
-23
-33
-30
-19
-17
-28
-28
-20
-15
-21
-25
-15
-10
-13
-19
-11
-4
-5
-11
-2
10
7
3
10
25
27
24
31
49
55
50
57
73
83
77
80
94
103
98
93
101
108
98
81
79
78
61
39
26
26
15
-10
-23
-20
-29
-48
-56
-51
-52
-63
-69
-65
-61
-72
-79
-73
-70
-74
-83
-75
-69
-71
-79
-76
-67
-69
-75
-74
-64
-65
-71
-69
-57
-52
-60
-61
-47
-40
-52
-60
-55
-47
-53
-64
-59
-51
-56
-65
-62
-54
-53
-64
-69
-58
-56
-65
-71
-62
-58
-67
-69
-59
-48
-50
-54
-50
-42
-53
-57
-48
-42
-47
-59
-57
-53
-53
-62
-63
-54
-59
-75
-79
-73
-74
-83
-88
-81
-74
-83
-90
-82
-75
-84
-91
-88
-78
-81
-91
-90
-80
-80
-90
-88
-77
-75
-87
-90
-75
-72
-83
-94
-74
-39
-27
4
80
167
205
164
57
-27
-77
-126
-139
-122
-123
-129
-103
-72
-63
-69
-69
-53
-49
-58
-63
-51
-44
-52
-59
-49
-37
-50
-58
-48
-35
-40
-52
-47
-32
-31
-47
-44
-30
-26
-38
-38
-24
-18
-25
-31
-17
-4
-8
-15
-1
14
16
11
21
40
44
42
48
64
69
63
69
80
83
76
73
79
78
61
48
47
40
18
-3
-12
-14
-32
-55
-60
-59
-71
-84
-88
-79
-85
-102
-102
-93
-91
-106
-106
-97
-94
-102
-107
-96
-90
-97
-107
-98
-88
-94
-104
-98
-85
-86
-98
-97
-81
-79
-91
-92
-82
-76
-85
-90
-82
-76
-86
-94
-88
-81
-91
-101
-92
-85
-89
-100
-93
-82
-88
-99
-101
-88
-82
-87
-87
-73
-73
-88
-93
-73
-64
-78
-87
-77
-70
-80
-93
-85
-72
-82
-105
-101
-89
-94
-114
-114
-97
-96
-114
-116
-97
-95
-111
-119
-105
-95
-105
-120
-112
-96
-102
-117
-107
-94
-100
-115
-109
-95
-97
-120
-123
-104
-78
-57
-22
89
227
314
330
286
171
57
-27
-74
-100
-129
-147
-136
-97
-91
-105
-95
-74
-73
-93
-91
-73
-69
-86
-92
-75
-68
-80
-89
-73
-63
-76
-87
-76
-60
-67
-83
-76
-57
-62
-77
-71
-56
-53
-68
-67
-50
-43
-57
-58
-39
-31
-40
-44
-24
-10
-18
-23
-6
12
7
-3
8
27
23
7
15
32
31
7
3
14
9
-20
-31
-25
-27
-51
-71
-63
-60
-76
-98
-88
-75
-88
-106
-100
-83
-88
-106
-102
-86
-87
-101
-101
-85
-79
-97
-101
-86
-76
-89
-97
-81
-71
-81
-90
-78
-65
-72
-87
-79
-62
-66
-82
-80
-64
-66
-82
-82
-66
-64
-83
-85
-70
-61
-76
-87
-76
-66
-76
-89
-70
-49
-55
-73
-65
-49
-56
-70
-66
-48
-49
-69
-74
-57
-54
-70
-76
-64
-60
-80
-91
-82
-72
-82
-96
-86
-75
-83
-98
-90
-75
-79
-98
-95
-77
-80
-94
-96
-78
-73
-90
-93
-76
-68
-86
-93
-78
-70
-87
-90
-51
-17
21
77
165
224
185
57
-37
-68
-107
-141
-137
-114
-108
-106
-92
-67
-54
-62
-68
-55
-41
-51
-62
-51
-35
-43
-57
-51
-36
-38
-54
-45
-30
-28
-46
-43
-24
-22
-36
-40
-21
-14
-27
-34
-18
-4
-16
-21
-10
9
4
-6
8
31
32
18
31
57
63
51
53
76
87
74
70
90
99
84
71
80
84
62
39
37
39
19
-10
-17
-11
-27
-54
-60
-53
-56
-77
-84
-71
-70
-87
-92
-78
-72
-87
-97
-81
-72
-86
-99
-87
-70
-80
-94
-87
-70
-74
-91
-85
-65
-64
-81
-80
-62
-55
-72
-81
-66
-56
-70
-83
-69
-59
-71
-85
-77
-61
-69
-86
-82
-64
-67
-86
-84
-65
-65
-82
-89
-76
-69
-78
-80
-60
-51
-64
-75
-65
-52
-59
-71
-61
-49
-59
-79
-73
-54
-60
-77
-79
-70
-76
-97
-98
-83
-79
-98
-101
-86
-79
-95
-107
-91
-78
-88
-106
-96
-79
-86
-102
-98
-81
-84
-100
-98
-78
-78
-94
-98
-85
-73
-69
-53
-14
55
117
167
184
110
-14
-91
-121
-131
-136
-144
-139
-99
-81
-87
-79
-57
-52
-67
-70
-51
-44
-60
-65
-49
-40
-55
-65
-50
-36
-45
-59
-49
-34
-39
-56
-47
-27
-27
-43
-42
-22
-18
-30
-36
-17
-8
-18
-21
-5
11
5
-1
15
35
33
26
39
60
62
52
63
81
85
72
75
91
89
70
61
68
63
38
16
17
16
-13
-38
-36
-32
-52
-75
-73
-63
-74
-97
-96
-82
-83
-104
-101
-85
-82
-100
-108
-90
-82
-95
-104
-90
-80
-90
-99
-92
-75
-83
-95
-87
-69
-73
-89
-84
-70
-69
-85
-84
-69
-67
-83
-85
-71
-66
-82
-92
-79
-73
-86
-98
-85
-71
-82
-93
-84
-72
-83
-99
-92
-68
-67
-82
-80
-62
-58
-81
-81
-59
-53
-71
-83
-71
-63
-76
-90
-78
-69
-79
-104
-101
-86
-94
-111
-108
-90
-94
-113
-112
-99
-94
-109
-116
-102
-93
-106
-117
-102
-94
-105
-116
-105
-93
-103
-116
-105
-91
-98
-118
-115
-79
-57
-53
5
102
175
181
113
16
-53
-116
-161
-154
-134
-146
-152
-114
-85
-87
-98
-86
-65
-66
-84
-80
-62
-64
-79
-80
-62
-57
-74
-77
-62
-54
-67
-75
-61
-49
-59
-71
-59
-43
-49
-63
-55
-36
-42
-56
-47
-26
-25
-38
-34
-11
-2
-13
-12
11
27
17
15
34
50
43
36
51
69
63
49
55
68
58
33
28
37
23
-8
-24
-19
-26
-57
-74
-65
-67
-89
-103
-95
-86
-99
-114
-105
-94
-102
-116
-109
-93
-95
-114
-113
-95
-93
-110
-107
-89
-88
-101
-105
-90
-79
-94
-99
-83
-70
-82
-94
-83
-70
-78
-94
-85
-70
-73
-94
-89
-73
-71
-92
-94
-76
-74
-91
-95
-74
-62
-73
-85
-76
-63
-74
-83
-73
-59
-68
-84
-79
-65
-67
-84
-82
-69
-73
-93
-99
-87
-84
-100
-105
-89
-83
-96
-107
-95
-82
-96
-108
-96
-82
-92
-106
-100
-82
-86
-104
-98
-80
-78
-98
-98
-85
-85
-106
-103
-53
-10
47
156
304
376
350
232
119
51
-20
-88
-113
-105
-111
-114
-93
-68
-64
-76
-74
-57
-51
-67
-73
-56
-47
-62
-72
-59
-45
-53
-67
-53
-38
-46
-60
-53
-36
-41
-57
-54
-36
-35
-52
-51
-31
-25
-40
-44
-29
-17
-27
-36
-19
-2
-8
-18
-1
19
18
6
14
36
39
24
27
47
50
35
31
43
43
21
7
13
13
-12
-31
-29
-27
-45
-66
-59
-52
-61
-79
-78
-63
-68
-86
-82
-66
-68
-86
-85
-70
-66
-84
-90
-74
-65
-79
-86
-74
-59
-68
-84
-71
-54
-61
-77
-70
-53
-55
-73
-74
-53
-51
-68
-72
-55
-49
-65
-74
-63
-54
-65
-78
-66
-54
-63
-78
-69
-58
-64
-80
-70
-47
-48
-61
-59
-42
-44
-62
-62
-44
-40
-55
-63
-50
-42
-58
-70
-57
-45
-64
-84
-76
-62
-71
-91
-84
-68
-71
-88
-88
-71
-70
-87
-92
-74
-68
-82
-92
-77
-64
-78
-88
-77
-62
-70
-85
-78
-64
-72
-88
-66
-25
-6
24
100
186
215
145
25
-41
-78
-127
-144
-118
-108
-111
-94
-66
-45
-53
-61
-47
-31
-38
-54
-48
-30
-31
-50
-47
-29
-25
-42
-47
-28
-22
-36
-44
-27
-16
-27
-37
-25
-8
-16
-29
-20
-1
-4
-16
-10
9
13
1
7
28
38
29
31
54
67
58
55
76
93
87
79
95
110
101
86
93
102
86
62
57
60
43
12
0
5
-6
-37
-50
-40
-40
-62
-78
-67
-58
-72
-89
-77
-63
-74
-92
-83
-68
-73
-91
-86
-66
-67
-85
-85
-67
-62
-77
-81
-64
-56
-68
-74
-59
-49
-62
-72
-57
-45
-54
-72
-63
-45
-54
-71
-66
-50
-52
-70
-72
-55
-53
-70
-73
-55
-50
-71
-78
-61
-46
-55
-66
-49
-34
-46
-68
-58
-37
-40
-60
-60
-41
-46
-67
-69
-50
-47
-70
-81
-68
-65
-82
-92
-80
-67
-79
-92
-82
-69
-79
-94
-86
-72
-77
-95
-89
-71
-73
-91
-90
-70
-68
-85
-90
-71
-64
-81
-92
-74
-44
-34
-25
39
128
181
174
107
9
-60
-118
-142
-124
-113
-132
-116
-70
-56
-66
-67
-47
-38
-53
-63
-49
-35
-44
-56
-47
-31
-39
-53
-43
-28
-30
-48
-44
-27
-24
-40
-37
-20
-17
-30
-33
-15
-7
-18
-24
-8
8
-1
-9
7
27
24
17
32
57
58
44
55
81
89
73
77
98
107
93
84
100
105
85
64
70
70
46
18
14
16
-5
-35
-37
-27
-40
-66
-70
-58
-58
-79
-84
-70
-66
-86
-92
-78
-72
-84
-95
-80
-69
-82
-96
-84
-67
-75
-89
-81
-65
-70
-85
-79
-59
-57
-76
-75
-58
-52
-69
-76
-58
-48
-66
-78
-65
-52
-62
-80
-69
-57
-65
-82
-76
-57
-62
-82
-83
-65
-58
-69
-68
-49
-41
-61
-71
-57
-43
-51
-65
-55
-45
-61
-76
-64
-50
-58
-80
-78
-65
-74
-93
-91
-74
-76
-96
-96
-79
-76
-95
-99
-84
-73
-88
-99
-86
-73
-86
-102
-91
-72
-78
-96
-91
-73
-74
-93
-96
-81
-75
-67
-52
7
85
152
194
184
88
-23
-83
-110
-123
-127
-136
-130
-98
-84
-89
-74
-52
-53
-68
-65
-45
-45
-61
-63
-44
-39
-55
-59
-43
-34
-46
-54
-43
-28
-39
-52
-39
-24
-29
-48
-39
-19
-19
-36
-34
-11
-5
-19
-22
3
15
4
3
21
40
34
29
47
67
66
59
72
90
86
71
79
93
90
66
61
69
60
30
14
19
12
-15
-37
-33
-35
-55
-73
-65
-56
-76
-93
-84
-68
-76
-97
-90
-72
-73
-93
-90
-73
-71
-85
-90
-71
-63
-78
-88
-71
-58
-68
-79
-67
-51
-58
-72
-64
-45
-51
-68
-63
-46
-47
-65
-66
-51
-46
-65
-67
-52
-47
-63
-73
-58
-47
-55
-64
-48
-31
-44
-61
-54
-32
-39
-54
-51
-33
-35
-59
-57
-37
-35
-56
-64
-52
-47
-67
-80
-63
-50
-64
-81
-68
-55
-64
-79
-71
-55
-61
-79
-77
-58
-60
-74
-76
-59
-53
-69
-72
-56
-47
-65
-76
-65
-60
-55
-31
17
106
223
327
381
362
240
109
39
-3
-50
-90
-96
-78
-56
-59
-57
-38
-22
-38
-46
-31
-17
-29
-44
-31
-16
-24
-41
-32
-13
-17
-34
-29
-11
-10
-27
-30
-10
-4
-20
-24
-10
0
-11
-20
-7
8
0
-12
0
16
14
4
15
34
35
24
32
54
58
46
50
73
80
66
65
83
92
72
60
67
71
50
27
29
35
14
-14
-13
-5
-17
-43
-44
-30
-34
-55
-62
-45
-41
-59
-67
-52
-45
-60
-69
-56
-45
-56
-69
-59
-43
-50
-66
-60
-42
-43
-60
-58
-42
-39
-52
-52
-36
-34
-49
-54
-37
-29
-42
-53
-39
-29
-43
-55
-45
-31
-41
-59
-50
-34
-40
-58
-52
-33
-34
-56
-59
-42
-32
-43
-47
-26
-17
-32
-47
-37
-21
-28
-42
-36
-20
-29
-48
-42
-26
-30
-48
-50
-39
-45
-63
-67
-53
-49
-64
-70
-55
-51
-60
-73
-58
-47
-59
-71
-60
-47
-57
-73
-65
-46
-49
-68
-64
-45
-44
-61
-64
-49
-38
-32
-19
24
91
151
193
203
123
2
-69
-98
-103
-102
-111
-106
-66
-47
-52
-47
-26
-21
-35
-37
-21
-14
-29
-33
-19
-10
-20
-30
-17
-7
-14
-27
-17
-4
-13
-22
-13
2
-2
-15
-12
8
9
-6
-5
14
24
10
8
28
41
33
26
47
68
66
57
74
98
97
93
100
123
124
108
108
131
124
97
92
94
76
53
40
34
33
7
-15
-12
-9
-27
-47
-47
-40
-45
-64
-56
-44
-49
-59
-55
-37
-36
-53
-55
-38
-30
-44
-49
-32
-20
-34
-44
-32
-21
-27
-38
-28
-9
-20
-36
-24
-2
-12
-28
-22
1
-1
-21
-21
-3
1
-14
-22
-10
-5
-12
-25
-15
-3
-13
-28
-17
-2
-6
-22
-20
-1
0
-13
-6
10
12
-4
-9
10
18
4
-1
13
19
2
-10
4
13
0
-16
-14
-3
-13
-36
-32
-16
-18
-36
-36
-21
-18
-33
-39
-21
-14
-27
-39
-26
-14
-24
-34
-23
-6
-14
-32
-27
-12
-17
-34
-29
-20
-18
-16
6
53
128
203
269
293
219
87
8
-27
-50
-66
-72
-61
-38
-28
-30
-14
6
5
-9
-5
14
13
-4
-3
12
17
0
-4
12
18
3
-8
9
19
7
-6
9
26
18
6
10
28
26
12
15
33
35
22
24
43
52
41
41
61
76
69
67
87
102
98
90
105
118
117
109
117
130
122
107
105
111
97
69
56
59
51
20
2
7
5
-20
-39
-31
-24
-40
-60
-49
-39
-48
-67
-60
-43
-47
-66
-64
-46
-47
-63
-64
-46
-42
-57
-61
-45
-35
-48
-58
-42
-30
-40
-51
-39
-29
-35
-49
-40
-25
-30
-47
-42
-27
-31
-50
-53
-34
-32
-48
-59
-41
-34
-52
-64
-48
-37
-50
-66
-53
-36
-45
-66
-59
-42
-44
-59
-53
-31
-32
-52
-56
-37
-31
-42
-48
-33
-25
-40
-55
-41
-29
-41
-58
-50
-42
-56
-76
-69
-52
-55
-75
-73
-55
-55
-73
-77
-59
-57
-73
-80
-62
-55
-69
-79
-64
-50
-64
-77
-64
-49
-57
-76
-68
-52
-50
-45
-20
34
97
156
205
212
112
-13
-72
-96
-106
-113
-125
-108
-68
-57
-64
-48
-27
-33
-49
-40
-23
-26
-43
-40
-22
-21
-38
-40
-19
-15
-30
-37
-21
-13
-25
-36
-19
-4
-13
-28
-15
3
-5
-19
-8
14
12
-6
2
26
32
18
21
47
61
52
48
74
92
83
73
94
115
106
94
104
121
113
92
90
100
86
55
44
47
36
5
-12
-5
-11
-37
-53
-43
-43
-60
-75
-64
-56
-67
-84
-74
-59
-68
-84
-79
-60
-64
-80
-79
-60
-58
-77
-78
-59
-53
-70
-75
-56
-45
-56
-71
-54
-40
-49
-65
-53
-36
-44
-62
-59
-41
-43
-59
-63
-44
-44
-62
-65
-49
-44
-58
-66
-52
-43
-55
-67
-55
-50
-57
-70
-54
-35
-37
-51
-47
-30
-37
-52
-44
-26
-30
-47
-53
-38
-34
-49
-56
-45
-40
-57
-72
-68
-57
-65
-79
-71
-61
-67
-78
-76
-63
-64
-75
-78
-65
-64
-75
-82
-67
-64
-73
-77
-69
-61
-68
-76
-69
-59
-68
-81
-61
-27
-10
30
108
189
216
146
34
-30
-74
-119
-132
-109
-110
-110
-91
-64
-49
-54
-57
-45
-35
-42
-51
-42
-30
-33
-43
-40
-27
-27
-39
-39
-24
-22
-32
-36
-20
-15
-23
-30
-16
-7
-13
-22
-10
2
-2
-8
0
15
14
8
16
31
37
33
39
60
69
66
68
89
97
92
91
109
116
107
99
105
108
92
73
69
66
46
22
12
12
-2
-29
-38
-32
-37
-55
-64
-53
-52
-64
-73
-62
-55
-63
-73
-66
-54
-59
-70
-66
-52
-56
-67
-66
-51
-50
-60
-60
-47
-42
-52
-55
-42
-37
-44
-50
-37
-31
-39
-47
-38
-27
-37
-47
-42
-30
-38
-47
-43
-32
-35
-48
-50
-38
-36
-44
-42
-24
-17
-27
-35
-27
-20
-25
-34
-25
-16
-21
-36
-34
-20
-24
-36
-43
-35
-40
-55
-59
-48
-46
-56
-60
-51
-44
-55
-63
-54
-47
-53
-64
-56
-47
-53
-62
-58
-46
-50
-60
-56
-42
-46
-56
-59
-51
-51
-47
-31
11
86
162
224
244
173
53
-26
-61
-87
-98
-100
-96
-75
-55
-51
-45
-25
-20
-28
-31
-17
-13
-23
-26
-16
-9
-17
-21
-15
-2
-9
-16
-9
1
-2
-12
-7
5
4
-6
-3
12
13
5
6
20
24
17
17
33
43
36
35
49
64
61
59
72
92
91
84
93
110
112
100
103
119
119
103
91
97
91
69
50
51
43
22
3
-2
-1
-17
-32
-35
-25
-35
-51
-50
-40
-43
-54
-55
-44
-43
-56
-60
-46
-43
-52
-57
-44
-38
-46
-51
-41
-30
-36
-43
-35
-21
-26
-38
-34
-19
-22
-38
-36
-23
-23
-37
-41
-28
-24
-37
-44
-31
-26
-37
-49
-39
-25
-28
-35
-25
-10
-17
-30
-30
-13
-13
-25
-27
-17
-16
-32
-36
-27
-21
-34
-47
-42
-40
-53
-63
-55
-47
-56
-66
-61
-49
-56
-66
-64
-51
-55
-65
-67
-52
-49
-64
-65
-52
-47
-59
-64
-53
-43
-54
-69
-57
-26
-12
1
68
163
220
211
123
31
-30
-82
-114
-100
-87
-100
-89
-54
-34
-39
-40
-25
-15
-22
-29
-20
-9
-14
-25
-17
-4
-7
-18
-14
0
-3
-12
-14
2
3
-8
-8
7
14
1
-2
11
22
14
8
19
35
32
22
35
53
53
46
55
76
82
76
80
100
108
101
100
115
126
118
110
118
122
108
91
87
86
69
45
36
33
19
-5
-11
-8
-16
-34
-41
-32
-35
-48
-53
-42
-39
-51
-57
-47
-39
-50
-56
-49
-37
-44
-54
-47
-34
-37
-51
-46
-33
-32
-40
-42
-27
-21
-33
-40
-28
-23
-33
-41
-35
-25
-33
-43
-40
-27
-30
-41
-40
-29
-31
-40
-34
-19
-12
-22
-26
-17
-19
-28
-30
-18
-18
-28
-36
-28
-23
-32
-41
-34
-27
-43
-59
-57
-46
-50
-65
-63
-48
-47
-62
-63
-51
-49
-59
-64
-52
-44
-56
-67
-54
-42
-48
-58
-54
-42
-44
-55
-52
-41
-47
-48
-23
7
53
117
192
241
199
78
-10
-47
-81
-104
-104
-93
-82
-65
-54
-40
-24
-25
-32
-27
-13
-16
-27
-24
-14
-13
-25
-26
-13
-8
-20
-25
-15
-5
-14
-22
-11
0
-7
-15
-5
8
5
-6
0
17
21
11
13
30
37
31
35
50
61
58
61
76
87
85
82
96
108
106
100
107
120
114
99
97
100
85
64
53
53
37
15
1
0
-6
-29
-38
-34
-35
-51
-59
-49
-42
-52
-63
-59
-49
-53
-65
-61
-49
-49
-61
-60
-47
-44
-53
-57
-42
-33
-41
-44
-36
-28
-35
-43
-38
-27
-31
-43
-37
-28
-30
-44
-38
-28
-29
-42
-44
-34
-34
-40
-38
-24
-16
-25
-31
-21
-14
-23
-26
-18
-11
-24
-35
-30
-19
-23
-37
-34
-29
-34
-50
-52
-41
-41
-52
-60
-47
-42
-53
-61
-51
-41
-51
-60
-53
-44
-49
-54
-54
-42
-44
-52
-50
-41
-40
-52
-57
-54
-55
-47
-13
33
125
249
356
401
360
235
124
57
7
-46
-76
-76
-67
-55
-49
-39
-22
-18
-27
-26
-15
-10
-22
-25
-13
-6
-16
-22
-13
-3
-9
-20
-8
2
-3
-13
-9
5
4
-7
-6
6
8
-2
-1
10
16
8
8
18
26
20
18
30
40
39
37
48
60
58
52
59
73
74
68
71
83
83
71
67
74
69
47
38
41
39
20
6
10
12
-4
-20
-16
-8
-15
-28
-26
-17
-19
-30
-29
-16
-16
-28
-27
-17
-13
-22
-22
-14
-5
-14
-17
-9
-1
-8
-15
-7
2
-1
-10
-6
4
1
-10
-7
5
4
-7
-7
5
8
-4
-10
-1
6
-1
-2
12
24
16
6
13
21
19
9
14
21
19
4
4
18
17
4
-2
4
4
-12
-20
-14
-8
-17
-24
-18
-9
-17
-26
-19
-10
-15
-25
-20
-12
-14
-25
-21
-10
-10
-20
-20
-9
-5
-16
-19
-14
-8
-1
16
50
118
191
249
264
193
77
-3
-37
-58
-60
-65
-63
-38
-12
-9
-6
12
21
13
7
20
27
20
14
23
32
26
17
21
33
29
20
24
35
35
27
30
39
44
33
33
46
50
43
43
56
61
57
53
67
80
76
73
85
101
100
98
108
127
131
122
130
146
150
139
139
150
153
138
125
127
125
105
81
79
74
56
34
27
30
17
-1
-6
0
-4
-19
-21
-14
-11
-23
-26
-18
-12
-23
-27
-16
-11
-19
-25
-16
-7
-10
-18
-9
0
-4
-13
-6
6
4
-7
-5
7
7
-7
-7
2
6
-7
-10
-1
6
-4
-14
-4
3
-5
-18
-8
6
8
1
4
16
17
0
2
16
19
5
-1
5
6
-5
-10
-3
3
-11
-24
-19
-16
-25
-39
-33
-25
-28
-40
-36
-26
-28
-40
-39
-28
-27
-39
-41
-29
-26
-38
-40
-30
-22
-31
-38
-29
-20
-29
-44
-30
5
21
44
115
203
254
219
113
25
-22
-72
-96
-79
-69
-77
-56
-27
-8
-12
-15
-5
4
-2
-10
-3
6
5
-6
-2
8
9
-1
0
12
13
2
2
14
18
9
7
17
25
15
10
21
33
28
20
32
46
47
38
49
64
68
61
68
86
95
89
90
107
117
110
109
121
130
123
115
119
123
110
92
87
84
68
44
36
31
22
-1
-9
-5
-12
-26
-33
-29
-30
-40
-46
-37
-32
-41
-46
-39
-30
-38
-46
-40
-27
-31
-41
-36
-24
-23
-35
-31
-17
-12
-23
-26
-11
-8
-19
-28
-16
-9
-17
-27
-20
-14
-20
-31
-27
-16
-19
-29
-27
-19
-19
-31
-29
-14
-5
-10
-15
-7
-4
-13
-13
-2
2
-7
-19
-13
-9
-15
-23
-19
-12
-25
-41
-42
-35
-35
-49
-48
-38
-34
-49
-51
-41
-36
-48
-55
-43
-36
-44
-56
-47
-37
-43
-53
-47
-36
-37
-48
-48
-38
-39
-54
-51
-20
5
31
99
186
248
222
116
24
-25
-71
-107
-98
-84
-89
-81
-49
-27
-26
-30
-23
-12
-13
-22
-22
-12
-8
-17
-21
-9
-3
-16
-20
-8
3
-4
-15
-4
5
0
-13
-4
9
12
-1
1
16
19
10
8
24
32
25
27
40
50
48
48
60
74
72
67
79
91
91
83
90
103
100
89
90
96
88
71
60
61
52
29
13
17
11
-11
-25
-23
-22
-36
-49
-46
-41
-48
-63
-57
-45
-46
-60
-57
-46
-40
-49
-51
-36
-28
-39
-44
-31
-23
-30
-34
-28
-19
-25
-32
-27
-18
-23
-35
-27
-20
-23
-34
-32
-25
-23
-33
-34
-27
-29
-38
-41
-27
-17
-21
-25
-18
-11
-22
-27
-17
-8
-16
-29
-24
-15
-20
-31
-29
-20
-23
-41
-46
-37
-35
-47
-56
-44
-37
-45
-56
-47
-39
-46
-55
-49
-37
-42
-52
-50
-39
-39
-48
-45
-37
-34
-45
-47
-39
-40
-55
-56
-15
24
68
170
315
408
413
322
206
117
40
-23
-55
-58
-64
-68
-45
-24
-20
-28
-23
-11
-9
-20
-24
-10
-4
-12
-21
-11
-2
-6
-17
-9
1
-1
-10
-7
6
4
-7
-6
4
7
-1
-3
6
15
6
2
15
21
16
11
23
32
30
25
37
48
47
41
51
62
62
54
57
70
73
61
61
71
71
52
43
46
44
28
14
13
16
3
-15
-11
-9
-15
-28
-28
-19
-22
-32
-34
-22
-20
-29
-31
-21
-16
-25
-29
-21
-14
-20
-27
-16
-9
-14
-23
-15
-6
-10
-20
-15
-6
-10
-19
-18
-8
-8
-19
-22
-11
-8
-21
-25
-14
-9
-21
-27
-19
-11
-19
-32
-25
-14
-13
-21
-11
4
3
-9
-13
3
7
-3
-9
1
3
-8
-14
-5
-1
-10
-21
-20
-17
-26
-38
-32
-25
-29
-39
-35
-27
-28
-40
-39
-30
-29
-39
-42
-31
-30
-39
-43
-32
-26
-35
-41
-31
-23
-32
-42
-39
-28
-10
0
33
103
181
233
243
172
60
-17
-63
-82
-79
-79
-89
-63
-31
-24
-25
-16
-2
-5
-15
-10
2
-1
-9
-5
4
5
-4
-3
7
11
1
-1
10
12
5
1
14
20
14
7
17
26
20
14
23
36
32
26
35
50
53
46
53
72
79
73
78
93
103
98
95
112
120
115
105
116
122
112
95
90
90
77
55
44
43
30
8
-2
-4
-9
-26
-35
-30
-29
-42
-51
-44
-42
-50
-58
-49
-43
-48
-57
-48
-39
-44
-52
-47
-33
-35
-44
-41
-28
-26
-35
-36
-24
-20
-27
-33
-22
-21
-24
-35
-26
-26
-27
-40
-33
-30
-30
-41
-40
-35
-34
-44
-45
-36
-36
-41
-47
-41
-42
-43
-46
-32
-28
-22
-29
-23
-27
-25
-31
-23
-22
-25
-36
-35
-30
-33
-40
-41
-33
-43
-52
-61
-53
-58
-63
-69
-58
-59
-63
-72
-63
-61
-62
-74
-67
-59
-60
-70
-67
-59
-60
-67
-71
-58
-59
-64
-69
-57
-61
-68
-65
-30
-11
26
88
174
225
196
81
-9
-55
-98
-124
-114
-103
-101
-81
-60
-44
-45
-43
-44
-31
-35
-36
-41
-28
-30
-32
-39
-30
-25
-27
-36
-27
-22
-24
-33
-29
-18
-18
-24
-25
-11
-12
-16
-20
-3
-2
-5
-11
5
9
12
10
21
30
33
31
42
55
57
53
60
73
76
72
74
83
80
76
70
77
66
57
39
38
26
8
-10
-11
-19
-35
-50
-51
-50
-61
-75
-76
-69
-78
-86
-86
-76
-79
-84
-91
-79
-79
-81
-89
-76
-74
-77
-83
-73
-65
-69
-76
-70
-59
-65
-71
-68
-58
-60
-67
-69
-62
-66
-72
-78
-68
-73
-77
-82
-71
-74
-77
-86
-78
-74
-83
-88
-82
-73
-82
-90
-87
-76
-78
-80
-72
-59
-63
-70
-75
-63
-60
-61
-71
-63
-63
-69
-79
-71
-64
-68
-81
-85
-79
-89
-96
-97
-86
-91
-97
-99
-90
-96
-99
-104
-96
-95
-99
-102
-93
-92
-95
-102
-94
-88
-92
-98
-92
-83
-94
-99
-103
-95
-83
-48
-10
89
214
318
349
308
185
73
-9
-58
-94
-118
-132
-120
-91
-83
-89
-80
-67
-68
-73
-73
-61
-67
-71
-73
-59
-64
-66
-70
-62
-60
-64
-65
-58
-54
-60
-64
-57
-49
-54
-60
-54
-44
-49
-54
-51
-39
-45
-46
-44
-30
-33
-33
-33
-18
-13
-18
-20
-4
3
-3
-5
6
16
11
4
9
21
13
4
2
9
-5
-18
-27
-23
-35
-48
-62
-58
-64
-72
-82
-78
-74
-82
-89
-85
-77
-84
-91
-86
-78
-83
-87
-85
-73
-78
-81
-82
-68
-71
-74
-79
-65
-62
-67
-72
-62
-57
-66
-69
-63
-54
-64
-69
-65
-53
-62
-69
-67
-55
-62
-67
-69
-56
-59
-67
-75
-62
-56
-58
-58
-45
-39
-46
-52
-51
-37
-44
-47
-45
-35
-43
-50
-49
-39
-45
-51
-59
-53
-59
-66
-72
-63
-63
-68
-73
-66
-61
-69
-73
-66
-58
-69
-73
-67
-55
-65
-71
-69
-57
-62
-65
-64
-52
-54
-67
-76
-66
-45
-14
19
112
246
352
385
349
245
124
39
-21
-51
-79
-88
-86
-55
-44
-45
-41
-28
-25
-32
-34
-25
-22
-28
-31
-22
-17
-24
-28
-21
-10
-20
-23
-19
-7
-17
-21
-16
-4
-11
-17
-15
-3
-2
-12
-11
2
9
1
-2
9
21
13
10
23
39
31
30
37
54
49
47
47
68
66
60
59
67
67
55
49
50
47
28
15
14
13
-6
-16
-20
-17
-30
-39
-40
-32
-43
-49
-50
-38
-45
-52
-51
-40
-42
-52
-53
-42
-37
-47
-51
-41
-30
-42
-47
-38
-25
-36
-43
-37
-23
-30
-39
-38
-25
-29
-36
-39
-28
-27
-38
-40
-32
-26
-38
-42
-37
-28
-40
-45
-41
-31
-39
-44
-40
-31
-38
-46
-44
-27
-27
-30
-25
-16
-17
-30
-29
-16
-9
-24
-27
-19
-14
-31
-34
-27
-15
-28
-42
-44
-37
-47
-57
-54
-42
-44
-55
-58
-46
-43
-55
-60
-49
-42
-56
-60
-53
-41
-53
-57
-53
-41
-49
-54
-50
-40
-45
-55
-49
-12
5
28
93
179
233
209
108
10
-38
-89
-113
-97
-83
-95
-69
-43
-24
-30
-30
-23
-9
-14
-24
-20
-7
-8
-19
-18
-6
-2
-13
-17
-6
3
-10
-13
-3
7
-3
-5
-2
12
4
1
4
19
17
9
12
26
31
22
27
41
54
46
50
64
77
72
77
91
103
95
95
105
118
108
102
104
112
98
80
72
70
57
31
20
18
10
-15
-27
-26
-26
-46
-56
-51
-44
-59
-66
-62
-51
-60
-66
-65
-52
-55
-66
-67
-54
-53
-65
-62
-53
-44
-57
-56
-47
-36
-49
-51
-42
-33
-42
-48
-42
-32
-42
-51
-46
-35
-43
-53
-53
-41
-44
-58
-57
-47
-43
-59
-62
-52
-44
-58
-61
-52
-44
-58
-64
-56
-39
-42
-47
-44
-32
-36
-50
-46
-30
-30
-46
-48
-40
-36
-50
-54
-47
-37
-57
-66
-65
-58
-71
-79
-72
-63
-71
-80
-76
-66
-68
-82
-79
-68
-68
-80
-79
-69
-62
-80
-79
-68
-59
-75
-76
-66
-58
-72
-81
-66
-29
-15
17
97
185
226
169
58
-19
-63
-119
-133
-113
-105
-113
-89
-61
-43
-54
-53
-45
-34
-43
-48
-41
-31
-34
-42
-38
-29
-27
-39
-36
-25
-23
-36
-33
-22
-14
-30
-29
-19
-6
-20
-22
-13
0
-10
-13
-3
11
8
-2
8
25
29
19
27
44
54
41
44
61
71
59
58
71
81
67
60
65
72
56
38
31
33
18
-6
-15
-16
-26
-51
-57
-56
-58
-79
-82
-78
-76
-89
-97
-87
-81
-91
-99
-90
-80
-88
-96
-87
-76
-78
-87
-82
-68
-63
-80
-78
-62
-59
-74
-74
-62
-56
-68
-79
-69
-61
-70
-84
-76
-67
-72
-85
-84
-71
-75
-87
-89
-77
-76
-87
-89
-80
-77
-89
-94
-85
-71
-74
-78
-67
-59
-66
-81
-71
-59
-62
-74
-73
-64
-71
-82
-81
-71
-73
-90
-97
-89
-90
-104
-107
-98
-92
-104
-110
-101
-93
-100
-110
-105
-94
-98
-113
-109
-96
-98
-111
-111
-96
-93
-106
-112
-98
-95
-110
-121
-106
-66
-39
4
121
264
336
332
249
135
41
-42
-92
-115
-126
-140
-130
-98
-89
-98
-95
-77
-72
-87
-92
-80
-73
-82
-91
-83
-71
-77
-85
-78
-69
-71
-84
-80
-68
-68
-80
-78
-66
-62
-76
-79
-64
-58
-70
-77
-63
-54
-62
-69
-59
-44
-47
-56
-47
-32
-32
-41
-33
-21
-18
-29
-26
-13
-10
-21
-22
-11
-9
-22
-28
-24
-25
-41
-58
-57
-56
-71
-87
-87
-80
-91
-107
-105
-96
-98
-112
-112
-100
-97
-113
-115
-101
-95
-105
-113
-101
-91
-98
-106
-96
-84
-89
-102
-94
-79
-81
-92
-90
-79
-78
-91
-90
-79
-77
-89
-92
-80
-77
-89
-94
-85
-81
-85
-96
-86
-78
-86
-97
-90
-75
-74
-80
-72
-63
-65
-80
-78
-61
-57
-72
-75
-63
-58
-71
-77
-66
-59
-71
-90
-84
-78
-86
-99
-94
-82
-86
-98
-95
-84
-84
-99
-98
-85
-81
-95
-97
-86
-78
-91
-96
-85
-78
-86
-93
-84
-79
-88
-102
-91
-52
-19
16
122
263
351
354
282
169
72
-13
-67
-91
-99
-117
-107
-74
-57
-66
-69
-56
-47
-54
-66
-54
-44
-48
-59
-52
-41
-40
-55
-52
-41
-37
-52
-51
-40
-33
-46
-46
-37
-27
-38
-42
-33
-24
-30
-39
-28
-18
-17
-27
-19
-7
-5
-16
-6
8
13
4
11
24
31
19
21
31
42
32
27
34
41
29
11
14
16
4
-20
-20
-20
-26
-51
-55
-52
-51
-70
-73
-66
-61
-76
-79
-72
-64
-74
-79
-75
-65
-70
-79
-70
-64
-65
-77
-68
-59
-55
-73
-65
-56
-51
-64
-62
-53
-49
-62
-64
-54
-47
-57
-63
-56
-48
-57
-68
-59
-51
-55
-71
-62
-54
-55
-75
-68
-58
-53
-69
-70
-62
-56
-68
-66
-52
-37
-46
-54
-48
-40
-42
-51
-43
-36
-39
-55
-52
-45
-43
-59
-55
-53
-55
-74
-75
-68
-67
-78
-81
-73
-66
-74
-84
-74
-64
-71
-85
-75
-66
-69
-83
-75
-66
-63
-83
-75
-65
-62
-80
-78
-68
-62
-61
-42
-8
51
118
177
212
160
39
-55
-88
-112
-119
-124
-118
-98
-67
-69
-58
-45
-36
-48
-47
-39
-31
-42
-45
-33
-26
-32
-40
-29
-23
-26
-41
-29
-20
-22
-35
-24
-15
-13
-28
-21
-9
-2
-18
-14
-2
9
-2
-5
11
23
20
13
30
46
48
37
52
69
73
61
70
85
92
78
80
92
93
75
70
69
68
45
28
24
20
2
-22
-21
-25
-36
-61
-56
-52
-57
-75
-70
-63
-65
-81
-78
-68
-65
-81
-81
-70
-64
-77
-81
-67
-59
-67
-75
-60
-50
-52
-69
-55
-45
-45
-63
-57
-47
-45
-63
-61
-47
-45
-61
-63
-54
-49
-60
-71
-62
-54
-62
-74
-65
-57
-59
-78
-68
-63
-62
-77
-65
-51
-44
-59
-55
-44
-46
-58
-53
-40
-36
-51
-63
-53
-48
-54
-62
-51
-47
-56
-80
-76
-69
-69
-87
-79
-69
-67
-84
-81
-70
-67
-84
-89
-75
-70
-80
-87
-71
-64
-71
-83
-72
-60
-62
-78
-68
-57
-63
-81
-57
-25
2
44
129
212
240
164
44
-19
-59
-104
-119
-97
-86
-82
-72
-46
-32
-30
-42
-26
-14
-16
-32
-21
-8
-6
-23
-19
-3
5
-8
-8
0
5
-4
-16
1
14
17
1
9
20
27
6
19
39
41
20
23
40
50
48
53
67
74
69
71
92
102
96
92
113
120
121
112
119
123
126
117
120
124
115
93
92
87
77
46
40
51
48
27
11
6
16
5
-5
4
5
-8
-24
-3
13
7
-2
20
24
16
-9
3
9
2
-2